956
340.0 550.0 
380.0 548.0 
410.0 565.0 
460.0 565.0 
430.0 499.0 
430.0 568.0 
440.0 605.0 
440.0 548.0 
400.0 522.0 
410.0 565.0 
350.0 481.0 
420.0 561.0 
400.0 385.0 
410.0 565.0 
460.0 572.0 
470.0 553.0 
440.0 547.0 
470.0 553.0 
370.0 520.0 
460.0 578.0 
450.0 535.0 
380.0 506.0 
370.0 467.0 
400.0 496.0 
430.0 510.0 
450.0 480.0 
460.0 475.0 
450.0 480.0 
490.0 503.0 
480.0 497.0 
450.0 480.0 
510.0 528.0 
500.0 494.0 
400.0 484.0 
550.0 533.0 
520.0 404.0 
340.0 550.0 
330.0 507.0 
380.0 548.0 
430.0 568.0 
410.0 565.0 
400.0 522.0 
460.0 565.0 
440.0 548.0 
430.0 499.0 
440.0 605.0 
350.0 481.0 
420.0 561.0 
410.0 565.0 
470.0 553.0 
450.0 535.0 
460.0 578.0 
390.0 460.0 
460.0 572.0 
470.0 525.0 
470.0 553.0 
440.0 547.0 
420.0 522.0 
380.0 506.0 
370.0 467.0 
430.0 510.0 
450.0 480.0 
450.0 480.0 
480.0 497.0 
490.0 503.0 
460.0 475.0 
500.0 494.0 
510.0 528.0 
450.0 480.0 
400.0 484.0 
550.0 533.0 
520.0 404.0 
340.0 550.0 
330.0 507.0 
340.0 550.0 
380.0 548.0 
410.0 565.0 
410.0 565.0 
440.0 548.0 
440.0 605.0 
400.0 522.0 
430.0 499.0 
460.0 565.0 
430.0 568.0 
350.0 481.0 
470.0 553.0 
460.0 578.0 
460.0 572.0 
440.0 547.0 
470.0 553.0 
470.0 525.0 
470.0 516.0 
450.0 535.0 
370.0 467.0 
420.0 522.0 
380.0 506.0 
420.0 476.0 
400.0 496.0 
510.0 528.0 
460.0 475.0 
450.0 480.0 
450.0 480.0 
450.0 480.0 
480.0 497.0 
490.0 503.0 
500.0 494.0 
400.0 484.0 
550.0 533.0 
520.0 404.0 
520.0 404.0 
340.0 550.0 
330.0 507.0 
380.0 548.0 
330.0 507.0 
410.0 565.0 
430.0 499.0 
430.0 568.0 
460.0 565.0 
440.0 548.0 
440.0 605.0 
400.0 522.0 
400.0 385.0 
420.0 561.0 
410.0 565.0 
410.0 565.0 
420.0 462.0 
470.0 553.0 
460.0 572.0 
460.0 572.0 
450.0 535.0 
460.0 578.0 
440.0 547.0 
470.0 516.0 
390.0 460.0 
470.0 553.0 
470.0 525.0 
370.0 467.0 
380.0 506.0 
450.0 480.0 
450.0 480.0 
490.0 503.0 
480.0 497.0 
460.0 475.0 
510.0 528.0 
450.0 480.0 
500.0 485.0 
500.0 494.0 
400.0 484.0 
550.0 533.0 
520.0 404.0 
330.0 507.0 
340.0 550.0 
330.0 507.0 
410.0 565.0 
460.0 565.0 
430.0 568.0 
440.0 605.0 
440.0 548.0 
420.0 561.0 
400.0 522.0 
410.0 565.0 
420.0 462.0 
410.0 565.0 
430.0 499.0 
470.0 553.0 
460.0 572.0 
450.0 535.0 
470.0 553.0 
460.0 578.0 
440.0 547.0 
370.0 520.0 
470.0 516.0 
470.0 525.0 
380.0 506.0 
420.0 522.0 
430.0 510.0 
370.0 467.0 
400.0 496.0 
450.0 480.0 
460.0 475.0 
490.0 503.0 
480.0 497.0 
450.0 480.0 
510.0 528.0 
450.0 480.0 
500.0 494.0 
500.0 485.0 
400.0 484.0 
550.0 533.0 
520.0 404.0 
330.0 507.0 
340.0 550.0 
380.0 548.0 
410.0 565.0 
430.0 568.0 
440.0 548.0 
350.0 481.0 
440.0 605.0 
400.0 522.0 
430.0 499.0 
460.0 565.0 
420.0 462.0 
410.0 565.0 
430.0 514.0 
430.0 604.0 
410.0 565.0 
470.0 553.0 
460.0 572.0 
450.0 535.0 
440.0 547.0 
470.0 553.0 
370.0 520.0 
420.0 524.0 
460.0 572.0 
470.0 525.0 
460.0 578.0 
390.0 460.0 
370.0 467.0 
420.0 522.0 
430.0 510.0 
380.0 506.0 
400.0 496.0 
450.0 480.0 
460.0 475.0 
480.0 497.0 
450.0 480.0 
510.0 528.0 
490.0 503.0 
450.0 480.0 
500.0 494.0 
500.0 485.0 
400.0 484.0 
550.0 533.0 
530.0 447.0 
520.0 404.0 
340.0 550.0 
340.0 550.0 
330.0 507.0 
330.0 507.0 
380.0 548.0 
410.0 565.0 
440.0 548.0 
440.0 605.0 
460.0 565.0 
430.0 568.0 
430.0 604.0 
400.0 522.0 
430.0 499.0 
350.0 481.0 
350.0 481.0 
410.0 565.0 
410.0 565.0 
450.0 535.0 
460.0 572.0 
470.0 553.0 
470.0 553.0 
370.0 520.0 
440.0 547.0 
470.0 516.0 
450.0 592.0 
460.0 578.0 
370.0 467.0 
380.0 506.0 
430.0 510.0 
430.0 513.0 
450.0 480.0 
490.0 503.0 
460.0 475.0 
480.0 497.0 
510.0 528.0 
450.0 480.0 
500.0 494.0 
450.0 480.0 
500.0 485.0 
400.0 484.0 
550.0 533.0 
340.0 550.0 
410.0 565.0 
460.0 565.0 
440.0 605.0 
440.0 548.0 
430.0 568.0 
350.0 481.0 
430.0 499.0 
400.0 522.0 
410.0 565.0 
420.0 462.0 
350.0 481.0 
460.0 572.0 
420.0 524.0 
470.0 553.0 
440.0 547.0 
450.0 535.0 
460.0 578.0 
470.0 553.0 
400.0 496.0 
370.0 467.0 
420.0 522.0 
380.0 506.0 
450.0 480.0 
460.0 475.0 
450.0 480.0 
480.0 497.0 
490.0 503.0 
450.0 480.0 
510.0 528.0 
500.0 494.0 
500.0 485.0 
400.0 484.0 
550.0 533.0 
530.0 447.0 
520.0 404.0 
340.0 550.0 
380.0 548.0 
410.0 565.0 
460.0 565.0 
420.0 561.0 
440.0 548.0 
430.0 568.0 
400.0 522.0 
440.0 605.0 
410.0 565.0 
430.0 499.0 
410.0 565.0 
350.0 481.0 
430.0 604.0 
460.0 578.0 
470.0 553.0 
460.0 572.0 
440.0 547.0 
370.0 520.0 
470.0 553.0 
450.0 535.0 
450.0 592.0 
470.0 525.0 
460.0 572.0 
380.0 506.0 
370.0 467.0 
420.0 522.0 
420.0 476.0 
490.0 503.0 
450.0 480.0 
460.0 475.0 
480.0 497.0 
450.0 480.0 
450.0 480.0 
510.0 528.0 
500.0 494.0 
400.0 484.0 
550.0 533.0 
380.0 554.0 
340.0 550.0 
410.0 565.0 
440.0 605.0 
460.0 565.0 
420.0 561.0 
430.0 568.0 
400.0 522.0 
440.0 548.0 
350.0 481.0 
430.0 499.0 
410.0 565.0 
430.0 604.0 
470.0 553.0 
460.0 572.0 
470.0 553.0 
470.0 516.0 
440.0 547.0 
460.0 578.0 
450.0 592.0 
370.0 467.0 
420.0 522.0 
380.0 506.0 
450.0 480.0 
460.0 475.0 
510.0 528.0 
480.0 497.0 
450.0 480.0 
490.0 503.0 
450.0 480.0 
500.0 494.0 
500.0 485.0 
400.0 484.0 
550.0 533.0 
520.0 404.0 
380.0 554.0 
380.0 548.0 
330.0 507.0 
340.0 550.0 
340.0 550.0 
330.0 507.0 
430.0 604.0 
430.0 499.0 
350.0 481.0 
420.0 462.0 
350.0 481.0 
400.0 522.0 
410.0 565.0 
440.0 605.0 
410.0 565.0 
420.0 561.0 
460.0 565.0 
410.0 565.0 
440.0 548.0 
430.0 568.0 
400.0 385.0 
410.0 428.0 
430.0 514.0 
420.0 424.0 
460.0 578.0 
470.0 553.0 
470.0 553.0 
440.0 547.0 
420.0 524.0 
420.0 524.0 
460.0 572.0 
470.0 525.0 
390.0 460.0 
450.0 535.0 
460.0 572.0 
470.0 516.0 
400.0 481.0 
400.0 490.0 
420.0 522.0 
370.0 467.0 
430.0 510.0 
380.0 506.0 
400.0 496.0 
430.0 513.0 
420.0 476.0 
510.0 528.0 
490.0 503.0 
450.0 480.0 
460.0 475.0 
450.0 480.0 
480.0 497.0 
450.0 480.0 
500.0 485.0 
500.0 494.0 
400.0 484.0 
340.0 550.0 
380.0 554.0 
380.0 548.0 
330.0 507.0 
340.0 550.0 
330.0 507.0 
410.0 565.0 
350.0 481.0 
400.0 522.0 
430.0 499.0 
350.0 481.0 
420.0 462.0 
430.0 604.0 
420.0 561.0 
440.0 605.0 
410.0 565.0 
460.0 565.0 
440.0 548.0 
430.0 568.0 
420.0 424.0 
430.0 514.0 
410.0 428.0 
400.0 385.0 
410.0 565.0 
470.0 553.0 
440.0 547.0 
460.0 572.0 
420.0 524.0 
470.0 553.0 
450.0 535.0 
460.0 578.0 
390.0 460.0 
400.0 498.0 
400.0 498.0 
420.0 524.0 
440.0 547.0 
470.0 516.0 
470.0 525.0 
460.0 572.0 
450.0 592.0 
370.0 520.0 
380.0 506.0 
400.0 496.0 
420.0 522.0 
370.0 467.0 
430.0 510.0 
420.0 476.0 
430.0 513.0 
460.0 475.0 
480.0 497.0 
450.0 480.0 
450.0 480.0 
510.0 528.0 
490.0 503.0 
500.0 494.0 
500.0 485.0 
400.0 484.0 
380.0 548.0 
380.0 554.0 
330.0 507.0 
340.0 550.0 
330.0 507.0 
340.0 550.0 
350.0 481.0 
440.0 605.0 
410.0 565.0 
400.0 522.0 
410.0 565.0 
430.0 604.0 
410.0 565.0 
430.0 499.0 
350.0 481.0 
460.0 565.0 
420.0 462.0 
400.0 385.0 
410.0 428.0 
440.0 548.0 
420.0 561.0 
430.0 568.0 
420.0 424.0 
430.0 514.0 
470.0 553.0 
440.0 547.0 
420.0 524.0 
470.0 553.0 
460.0 572.0 
460.0 578.0 
450.0 535.0 
470.0 516.0 
470.0 525.0 
420.0 524.0 
400.0 498.0 
400.0 498.0 
390.0 460.0 
400.0 481.0 
400.0 490.0 
370.0 520.0 
370.0 467.0 
380.0 506.0 
420.0 522.0 
400.0 496.0 
430.0 510.0 
430.0 513.0 
420.0 476.0 
480.0 497.0 
450.0 480.0 
450.0 480.0 
460.0 475.0 
490.0 503.0 
510.0 528.0 
500.0 494.0 
500.0 485.0 
450.0 480.0 
400.0 484.0 
520.0 404.0 
530.0 447.0 
520.0 404.0 
330.0 507.0 
340.0 550.0 
380.0 548.0 
380.0 554.0 
410.0 565.0 
420.0 561.0 
440.0 605.0 
350.0 481.0 
430.0 568.0 
410.0 565.0 
400.0 522.0 
430.0 604.0 
430.0 499.0 
350.0 481.0 
420.0 462.0 
460.0 565.0 
440.0 548.0 
420.0 424.0 
410.0 428.0 
400.0 385.0 
430.0 514.0 
470.0 553.0 
470.0 553.0 
420.0 524.0 
460.0 578.0 
460.0 572.0 
400.0 498.0 
400.0 498.0 
440.0 547.0 
450.0 535.0 
460.0 572.0 
450.0 592.0 
470.0 516.0 
420.0 524.0 
440.0 547.0 
400.0 481.0 
470.0 525.0 
460.0 572.0 
390.0 460.0 
380.0 506.0 
400.0 496.0 
420.0 522.0 
430.0 510.0 
370.0 467.0 
420.0 476.0 
430.0 513.0 
450.0 480.0 
480.0 497.0 
510.0 528.0 
460.0 475.0 
450.0 480.0 
490.0 503.0 
500.0 494.0 
500.0 485.0 
450.0 480.0 
400.0 484.0 
330.0 507.0 
330.0 507.0 
340.0 550.0 
380.0 548.0 
380.0 554.0 
340.0 550.0 
350.0 481.0 
440.0 548.0 
410.0 565.0 
350.0 481.0 
410.0 565.0 
430.0 604.0 
430.0 499.0 
410.0 565.0 
440.0 605.0 
400.0 522.0 
460.0 565.0 
420.0 561.0 
420.0 424.0 
430.0 514.0 
400.0 385.0 
410.0 428.0 
420.0 462.0 
430.0 568.0 
470.0 553.0 
450.0 535.0 
460.0 572.0 
470.0 553.0 
440.0 547.0 
420.0 524.0 
460.0 578.0 
420.0 524.0 
470.0 516.0 
470.0 525.0 
390.0 460.0 
370.0 520.0 
400.0 498.0 
400.0 498.0 
460.0 572.0 
420.0 522.0 
370.0 467.0 
430.0 510.0 
400.0 496.0 
380.0 506.0 
420.0 476.0 
430.0 513.0 
460.0 475.0 
480.0 497.0 
450.0 480.0 
510.0 528.0 
450.0 480.0 
490.0 503.0 
450.0 480.0 
500.0 494.0 
500.0 485.0 
400.0 484.0 
520.0 404.0 
530.0 447.0 
520.0 404.0 
380.0 554.0 
380.0 548.0 
330.0 507.0 
340.0 550.0 
340.0 550.0 
460.0 565.0 
350.0 481.0 
350.0 481.0 
430.0 568.0 
420.0 462.0 
430.0 604.0 
430.0 499.0 
410.0 565.0 
400.0 522.0 
440.0 605.0 
410.0 565.0 
410.0 565.0 
420.0 561.0 
440.0 548.0 
400.0 385.0 
420.0 424.0 
430.0 514.0 
470.0 553.0 
470.0 553.0 
460.0 572.0 
420.0 524.0 
450.0 535.0 
460.0 578.0 
440.0 547.0 
390.0 460.0 
470.0 525.0 
470.0 516.0 
420.0 524.0 
400.0 498.0 
400.0 498.0 
460.0 572.0 
440.0 547.0 
420.0 522.0 
430.0 513.0 
400.0 496.0 
370.0 467.0 
430.0 510.0 
380.0 506.0 
420.0 476.0 
480.0 497.0 
450.0 480.0 
510.0 528.0 
460.0 475.0 
450.0 480.0 
490.0 503.0 
450.0 480.0 
500.0 485.0 
500.0 494.0 
400.0 484.0 
340.0 550.0 
330.0 507.0 
330.0 507.0 
340.0 550.0 
380.0 548.0 
380.0 554.0 
460.0 565.0 
410.0 565.0 
430.0 499.0 
350.0 481.0 
430.0 568.0 
440.0 605.0 
400.0 522.0 
410.0 565.0 
430.0 604.0 
350.0 481.0 
420.0 561.0 
420.0 462.0 
440.0 548.0 
430.0 514.0 
420.0 424.0 
410.0 428.0 
400.0 385.0 
410.0 565.0 
470.0 553.0 
440.0 547.0 
420.0 524.0 
460.0 578.0 
460.0 572.0 
470.0 553.0 
470.0 525.0 
470.0 516.0 
420.0 524.0 
460.0 572.0 
400.0 498.0 
400.0 498.0 
450.0 535.0 
390.0 460.0 
400.0 490.0 
400.0 481.0 
460.0 572.0 
450.0 592.0 
370.0 520.0 
370.0 467.0 
380.0 506.0 
430.0 510.0 
400.0 496.0 
420.0 522.0 
420.0 476.0 
430.0 513.0 
510.0 528.0 
490.0 503.0 
450.0 480.0 
460.0 475.0 
480.0 497.0 
450.0 480.0 
500.0 485.0 
500.0 494.0 
450.0 480.0 
400.0 484.0 
380.0 554.0 
340.0 550.0 
380.0 548.0 
330.0 507.0 
330.0 507.0 
340.0 550.0 
430.0 499.0 
350.0 481.0 
410.0 565.0 
420.0 561.0 
430.0 604.0 
430.0 568.0 
350.0 481.0 
440.0 548.0 
460.0 565.0 
410.0 565.0 
400.0 522.0 
420.0 424.0 
430.0 514.0 
440.0 605.0 
410.0 565.0 
420.0 462.0 
460.0 572.0 
470.0 553.0 
450.0 535.0 
460.0 578.0 
420.0 524.0 
440.0 547.0 
470.0 553.0 
390.0 460.0 
470.0 516.0 
420.0 524.0 
470.0 525.0 
440.0 547.0 
400.0 498.0 
400.0 498.0 
420.0 522.0 
370.0 467.0 
430.0 510.0 
400.0 496.0 
380.0 506.0 
430.0 513.0 
420.0 476.0 
450.0 480.0 
510.0 528.0 
460.0 475.0 
450.0 480.0 
480.0 497.0 
490.0 503.0 
450.0 480.0 
500.0 494.0 
500.0 485.0 
400.0 484.0 
340.0 550.0 
380.0 548.0 
380.0 554.0 
330.0 507.0 
330.0 507.0 
340.0 550.0 
430.0 499.0 
410.0 565.0 
420.0 462.0 
350.0 481.0 
400.0 522.0 
430.0 604.0 
410.0 565.0 
440.0 548.0 
350.0 481.0 
460.0 565.0 
430.0 514.0 
400.0 385.0 
430.0 568.0 
420.0 561.0 
440.0 605.0 
410.0 565.0 
420.0 424.0 
410.0 428.0 
470.0 553.0 
460.0 578.0 
470.0 553.0 
450.0 535.0 
440.0 547.0 
420.0 524.0 
460.0 572.0 
460.0 572.0 
400.0 498.0 
420.0 524.0 
470.0 516.0 
470.0 525.0 
390.0 460.0 
400.0 481.0 
400.0 490.0 
370.0 520.0 
400.0 496.0 
380.0 506.0 
370.0 467.0 
420.0 522.0 
420.0 476.0 
430.0 510.0 
430.0 513.0 
460.0 475.0 
480.0 497.0 
510.0 528.0 
450.0 480.0 
450.0 480.0 
500.0 494.0 
490.0 503.0 
500.0 485.0 
450.0 480.0 
400.0 484.0 
520.0 404.0 
530.0 447.0 
520.0 404.0 
380.0 548.0 
330.0 507.0 
340.0 550.0 
340.0 550.0 
380.0 554.0 
330.0 507.0 
430.0 604.0 
420.0 561.0 
350.0 481.0 
430.0 499.0 
440.0 605.0 
350.0 481.0 
410.0 565.0 
460.0 565.0 
400.0 385.0 
400.0 522.0 
410.0 565.0 
440.0 548.0 
420.0 424.0 
430.0 514.0 
430.0 568.0 
420.0 462.0 
410.0 428.0 
460.0 572.0 
420.0 524.0 
470.0 553.0 
390.0 460.0 
470.0 553.0 
450.0 535.0 
460.0 578.0 
420.0 524.0 
400.0 498.0 
460.0 572.0 
470.0 516.0 
470.0 525.0 
440.0 547.0 
400.0 490.0 
370.0 520.0 
440.0 547.0 
400.0 481.0 
370.0 467.0 
400.0 496.0 
380.0 506.0 
420.0 476.0 
430.0 513.0 
420.0 522.0 
430.0 510.0 
480.0 497.0 
450.0 480.0 
510.0 528.0 
460.0 475.0 
500.0 494.0 
450.0 480.0 
490.0 503.0 
450.0 480.0 
500.0 485.0 
400.0 484.0 

0 23 24 8 9 29 25 28 11 30 7 31 1 5 12 2 3 26 22 32 
0 24 8 9 29 25 28 11 30 7 1 5 12 2 3 13 27 4 26 22 32 
0 23 26 22 31 25 29 10 28 11 30 7 1 5 2 12 19 3 13 27 4 32 
0 23 26 22 31 25 29 10 28 11 30 7 1 5 12 19 2 3 13 27 4 21 32 
0 23 24 21 6 4 26 22 13 27 3 2 19 12 5 1 7 30 11 10 32 
0 23 24 21 6 4 26 13 27 3 19 12 2 5 1 7 30 11 28 25 31 32 
0 23 24 21 6 4 26 22 13 27 3 19 12 2 5 1 7 30 11 28 25 31 32 
0 23 24 21 6 4 26 13 27 3 19 12 2 5 1 7 30 11 28 29 25 32 
0 22 26 23 24 21 6 4 27 13 3 19 12 2 5 1 7 30 29 25 32 
0 22 26 23 24 21 6 4 27 13 3 2 19 12 5 1 7 30 29 25 31 32 
0 23 26 22 31 25 28 29 10 11 30 7 1 5 2 12 19 3 32 
0 22 26 23 24 21 6 4 27 13 3 19 12 2 5 1 7 30 28 29 25 32 
0 24 21 6 4 27 13 3 19 12 2 5 1 7 30 11 10 32 
0 23 24 21 6 4 26 22 3 13 27 19 12 2 5 1 7 30 29 25 31 32 
0 23 24 21 6 4 26 22 13 27 3 2 19 12 14 5 1 7 30 28 29 25 32 
0 23 26 22 31 25 29 28 11 30 7 1 5 2 14 12 19 3 13 27 4 21 32 
0 22 26 23 24 21 6 4 27 13 3 19 12 14 2 5 1 7 28 29 25 32 
0 23 26 22 31 25 29 28 11 30 7 1 5 14 12 19 2 3 13 27 4 21 32 
0 23 24 29 25 28 11 30 7 31 1 5 14 12 19 2 3 26 22 32 
0 23 24 21 6 4 26 13 27 3 2 19 12 14 5 1 7 30 28 29 25 31 32 
0 23 24 21 6 4 26 13 27 3 19 12 14 2 5 1 7 30 28 29 25 32 
0 23 26 22 31 25 28 10 11 30 7 1 5 2 12 19 3 13 4 32 
0 23 26 22 31 25 28 10 11 30 7 1 5 12 16 19 2 3 32 
0 22 26 23 24 21 6 4 27 13 3 19 16 12 2 5 1 28 25 32 
0 23 24 21 6 4 26 13 27 3 19 16 12 2 5 1 7 30 28 25 32 
0 23 26 22 31 25 28 11 30 7 1 5 2 12 14 15 16 19 3 13 32 
0 22 26 23 24 21 6 4 27 13 3 19 16 15 14 12 2 5 1 25 32 
0 23 26 22 31 25 28 11 30 7 1 5 14 15 16 19 12 2 3 13 32 
0 23 24 21 6 4 26 13 27 3 19 16 15 14 12 2 5 1 7 28 25 32 
0 22 26 23 24 21 6 4 27 13 3 2 19 16 15 14 12 5 1 7 31 32 
0 23 26 22 31 25 28 11 30 7 1 5 12 14 15 16 19 2 3 13 32 
0 23 24 21 6 4 26 13 27 3 2 19 16 15 14 12 5 1 7 30 28 25 32 
0 24 21 6 4 27 13 3 2 19 16 15 14 12 5 1 7 30 28 25 31 32 
0 23 24 29 25 28 11 30 7 1 5 2 12 14 15 19 3 26 22 32 
0 23 21 6 4 27 13 3 19 16 15 14 12 2 5 1 7 30 11 28 29 25 31 32 
0 23 21 6 4 27 13 3 19 16 15 14 12 2 5 1 7 30 11 10 32 
0 23 24 8 9 29 25 28 11 30 7 31 1 5 12 2 3 26 22 32 
0 24 8 9 29 25 28 11 30 7 31 1 5 12 2 3 26 22 32 
0 24 8 9 29 25 28 11 30 7 1 5 12 2 3 13 27 4 26 22 32 
0 23 24 21 6 4 26 13 27 3 19 12 2 5 1 7 30 11 28 25 31 32 
0 23 26 22 31 25 29 10 28 11 30 7 1 5 2 12 19 3 13 27 4 32 
0 22 26 23 24 21 6 4 27 13 3 19 12 2 5 1 7 30 29 25 32 
0 23 26 22 31 25 29 10 28 11 30 7 1 5 12 19 2 3 13 27 4 21 32 
0 23 24 21 6 4 26 13 27 3 19 12 2 5 1 7 30 11 28 29 25 32 
0 23 24 21 6 4 26 22 13 27 3 2 19 12 5 1 7 30 11 10 32 
0 23 24 21 6 4 26 22 13 27 3 19 12 2 5 1 7 30 11 28 25 31 32 
0 23 26 22 31 25 28 29 10 11 30 7 1 5 2 12 19 3 32 
0 22 26 23 24 21 6 4 27 13 3 19 12 2 5 1 7 30 28 29 25 32 
0 22 26 23 24 21 6 4 27 13 3 2 19 12 5 1 7 30 29 25 31 32 
0 23 26 22 31 25 29 28 11 30 7 1 5 2 14 12 19 3 13 27 4 21 32 
0 23 24 21 6 4 26 13 27 3 19 12 14 2 5 1 7 30 28 29 25 32 
0 23 24 21 6 4 26 13 27 3 2 19 12 14 5 1 7 30 28 29 25 31 32 
0 23 21 24 31 25 29 28 11 30 7 1 5 14 12 19 3 26 32 
0 23 24 21 6 4 26 22 13 27 3 2 19 12 14 5 1 7 30 28 29 25 32 
0 24 21 6 4 27 13 3 19 12 14 2 5 1 7 30 11 28 29 25 23 32 
0 23 26 22 31 25 29 28 11 30 7 1 5 14 12 19 2 3 13 27 4 21 32 
0 22 26 23 24 21 6 4 27 13 3 19 12 14 2 5 1 7 28 29 25 32 
0 22 26 23 24 21 6 4 27 13 3 2 19 16 12 5 1 7 28 25 32 
0 23 26 22 31 25 28 10 11 30 7 1 5 2 12 19 3 13 4 32 
0 23 26 22 31 25 28 10 11 30 7 1 5 12 16 19 2 3 32 
0 23 24 21 6 4 26 13 27 3 19 16 12 2 5 1 7 30 28 25 32 
0 23 26 22 31 25 28 11 30 7 1 5 12 14 15 16 19 2 3 13 32 
0 23 26 22 31 25 28 11 30 7 1 5 2 12 14 15 16 19 3 13 32 
0 22 26 23 24 21 6 4 27 13 3 2 19 16 15 14 12 5 1 7 31 32 
0 23 24 21 6 4 26 13 27 3 19 16 15 14 12 2 5 1 7 28 25 32 
0 22 26 23 24 21 6 4 27 13 3 19 16 15 14 12 2 5 1 25 32 
0 24 21 6 4 27 13 3 2 19 16 15 14 12 5 1 7 30 28 25 31 32 
0 23 24 21 6 4 26 13 27 3 2 19 16 15 14 12 5 1 7 30 28 25 32 
0 23 26 22 31 25 28 11 30 7 1 5 14 15 16 19 12 2 3 13 32 
0 23 24 29 25 28 11 30 7 1 5 2 12 14 15 19 3 26 22 32 
0 23 21 6 4 27 13 3 19 16 15 14 12 2 5 1 7 30 11 28 29 25 31 32 
0 23 21 6 4 27 13 3 19 16 15 14 12 2 5 1 7 30 11 10 32 
0 23 24 8 9 29 25 28 11 30 7 31 1 5 12 2 3 26 22 32 
0 24 8 9 29 25 28 11 30 7 31 1 5 12 2 3 26 22 32 
0 23 24 8 9 29 25 31 28 11 30 7 1 5 12 2 3 26 22 32 
0 24 8 9 29 25 28 11 30 7 1 5 12 2 3 13 27 4 26 22 32 
0 23 26 22 31 25 29 10 28 11 30 7 1 5 2 12 19 3 13 27 4 32 
0 22 26 23 24 21 6 4 27 13 3 2 19 12 5 1 7 30 29 25 31 32 
0 23 24 21 6 4 26 13 27 3 19 12 2 5 1 7 30 11 28 29 25 32 
0 23 24 21 6 4 26 22 13 27 3 19 12 2 5 1 7 30 11 28 25 31 32 
0 22 26 23 24 21 6 4 27 13 3 19 12 2 5 1 7 30 29 25 32 
0 23 24 21 6 4 26 22 13 27 3 2 19 12 5 1 7 30 11 10 32 
0 23 26 22 31 25 29 10 28 11 30 7 1 5 12 19 2 3 13 27 4 21 32 
0 23 24 21 6 4 26 13 27 3 19 12 2 5 1 7 30 11 28 25 31 32 
0 23 26 22 31 25 28 29 10 11 30 7 1 5 2 12 19 3 32 
0 23 26 22 31 25 29 28 11 30 7 1 5 2 14 12 19 3 13 27 4 21 32 
0 23 24 21 6 4 26 13 27 3 2 19 12 14 5 1 7 30 28 29 25 31 32 
0 23 24 21 6 4 26 22 13 27 3 2 19 12 14 5 1 7 30 28 29 25 32 
0 22 26 23 24 21 6 4 27 13 3 19 12 14 2 5 1 7 28 29 25 32 
0 23 26 22 31 25 29 28 11 30 7 1 5 14 12 19 2 3 13 27 4 21 32 
0 24 21 6 4 27 13 3 19 12 14 2 5 1 7 30 11 28 29 25 23 32 
0 24 21 6 4 27 13 3 2 19 12 14 5 1 7 30 11 28 29 25 26 32 
0 23 24 21 6 4 26 13 27 3 19 12 14 2 5 1 7 30 28 29 25 32 
0 23 26 22 31 25 28 10 11 30 7 1 5 12 16 19 2 3 32 
0 22 26 23 24 21 6 4 27 13 3 2 19 16 12 5 1 7 28 25 32 
0 23 26 22 31 25 28 10 11 30 7 1 5 2 12 19 3 13 4 32 
0 24 21 6 4 27 13 3 19 16 12 2 5 1 7 30 28 25 31 32 
0 22 26 23 24 21 6 4 27 13 3 19 16 12 2 5 1 28 25 32 
0 23 24 21 6 4 26 13 27 3 2 19 16 15 14 12 5 1 7 30 28 25 32 
0 22 26 23 24 21 6 4 27 13 3 19 16 15 14 12 2 5 1 25 32 
0 23 26 22 31 25 28 11 30 7 1 5 2 12 14 15 16 19 3 13 32 
0 23 26 22 31 25 28 11 30 7 1 5 12 14 15 16 19 2 3 13 32 
0 23 26 22 31 25 28 11 30 7 1 5 14 15 16 19 12 2 3 13 32 
0 22 26 23 24 21 6 4 27 13 3 2 19 16 15 14 12 5 1 7 31 32 
0 23 24 21 6 4 26 13 27 3 19 16 15 14 12 2 5 1 7 28 25 32 
0 24 21 6 4 27 13 3 2 19 16 15 14 12 5 1 7 30 28 25 31 32 
0 23 24 29 25 28 11 30 7 1 5 2 12 14 15 19 3 26 22 32 
0 23 21 6 4 27 13 3 19 16 15 14 12 2 5 1 7 30 11 28 29 25 31 32 
0 23 21 6 4 27 13 3 19 16 15 14 12 2 5 1 7 30 11 10 32 
0 23 21 6 4 27 13 3 2 12 19 16 15 14 5 1 7 30 11 10 32 
0 23 24 8 9 29 25 28 11 30 7 31 1 5 12 2 3 26 22 32 
0 24 8 9 29 25 28 11 30 7 31 1 5 12 2 3 26 22 32 
0 24 8 9 29 25 28 11 30 7 1 5 12 2 3 13 27 4 26 22 32 
0 24 8 9 29 25 31 28 11 30 7 1 5 12 2 3 26 22 32 
0 23 26 22 31 25 29 10 28 11 30 7 1 5 2 12 19 3 13 27 4 32 
0 23 24 21 6 4 26 22 13 27 3 2 19 12 5 1 7 30 11 10 32 
0 23 24 21 6 4 26 13 27 3 19 12 2 5 1 7 30 11 28 25 31 32 
0 23 26 22 31 25 29 10 28 11 30 7 1 5 12 19 2 3 13 27 4 21 32 
0 23 24 21 6 4 26 13 27 3 19 12 2 5 1 7 30 11 28 29 25 32 
0 23 24 21 6 4 26 22 13 27 3 19 12 2 5 1 7 30 11 28 25 31 32 
0 22 26 23 24 21 6 4 27 13 3 19 12 2 5 1 7 30 29 25 32 
0 24 21 6 4 27 13 3 19 12 2 5 1 7 30 11 10 32 
0 22 26 23 24 21 6 4 27 13 3 19 12 2 5 1 7 30 28 29 25 32 
0 22 26 23 24 21 6 4 27 13 3 2 19 12 5 1 7 30 29 25 31 32 
0 23 24 21 6 4 26 22 3 13 27 19 12 2 5 1 7 30 29 25 31 32 
0 23 24 21 6 4 26 13 27 3 2 19 12 5 1 7 30 11 10 32 
0 23 26 22 31 25 29 28 11 30 7 1 5 2 14 12 19 3 13 27 4 21 32 
0 23 24 21 6 4 26 22 13 27 3 2 19 12 14 5 1 7 30 28 29 25 32 
0 23 24 21 6 4 27 3 13 26 22 2 19 12 14 5 1 7 30 28 29 25 32 
0 23 24 21 6 4 26 13 27 3 19 12 14 2 5 1 7 30 28 29 25 32 
0 23 24 21 6 4 26 13 27 3 2 19 12 14 5 1 7 30 28 29 25 31 32 
0 22 26 23 24 21 6 4 27 13 3 19 12 14 2 5 1 7 28 29 25 32 
0 24 21 6 4 27 13 3 2 19 12 14 5 1 7 30 11 28 29 25 26 32 
0 23 21 24 31 25 29 28 11 30 7 1 5 14 12 19 3 26 32 
0 23 26 22 31 25 29 28 11 30 7 1 5 14 12 19 2 3 13 27 4 21 32 
0 24 21 6 4 27 13 3 19 12 14 2 5 1 7 30 11 28 29 25 23 32 
0 23 26 22 31 25 28 10 11 30 7 1 5 12 16 19 2 3 32 
0 23 26 22 31 25 28 10 11 30 7 1 5 2 12 19 3 13 4 32 
0 23 26 22 31 25 28 11 30 7 1 5 12 14 15 16 19 2 3 13 32 
0 23 26 22 31 25 28 11 30 7 1 5 2 12 14 15 16 19 3 13 32 
0 23 24 21 6 4 26 13 27 3 19 16 15 14 12 2 5 1 7 28 25 32 
0 22 26 23 24 21 6 4 27 13 3 2 19 16 15 14 12 5 1 7 31 32 
0 22 26 23 24 21 6 4 27 13 3 19 16 15 14 12 2 5 1 25 32 
0 23 24 21 6 4 26 13 27 3 2 19 16 15 14 12 5 1 7 30 28 25 32 
0 23 26 22 31 25 28 11 30 7 1 5 14 15 16 19 12 2 3 13 32 
0 24 21 6 4 27 13 3 19 16 15 14 12 2 5 1 7 30 28 25 26 32 
0 24 21 6 4 27 13 3 2 19 16 15 14 12 5 1 7 30 28 25 31 32 
0 23 24 29 25 28 11 30 7 1 5 2 12 14 15 19 3 26 22 32 
0 23 21 6 4 27 13 3 19 16 15 14 12 2 5 1 7 30 11 28 29 25 31 32 
0 23 21 6 4 27 13 3 19 16 15 14 12 2 5 1 7 30 11 10 32 
0 24 8 9 29 25 28 11 30 7 31 1 5 12 2 3 26 22 32 
0 23 24 8 9 29 25 28 11 30 7 31 1 5 12 2 3 26 22 32 
0 24 8 9 29 25 31 28 11 30 7 1 5 12 2 3 26 22 32 
0 23 26 22 31 25 29 10 28 11 30 7 1 5 2 12 19 3 13 27 4 32 
0 23 26 22 31 25 29 10 28 11 30 7 1 5 12 19 2 3 13 27 4 21 32 
0 23 24 21 6 4 26 13 27 3 19 12 2 5 1 7 30 11 28 25 31 32 
0 23 24 21 6 4 26 22 13 27 3 19 12 2 5 1 7 30 11 28 25 31 32 
0 23 24 21 6 4 26 13 27 3 19 12 2 5 1 7 30 11 28 29 25 32 
0 22 26 23 24 21 6 4 27 13 3 19 12 2 5 1 7 30 28 29 25 32 
0 22 26 23 24 21 6 4 27 13 3 19 12 2 5 1 7 30 29 25 32 
0 22 26 23 24 21 6 4 27 13 3 2 19 12 5 1 7 30 29 25 31 32 
0 23 24 21 6 4 26 13 27 3 2 19 12 5 1 7 30 11 10 32 
0 23 24 21 6 4 26 22 3 13 27 19 12 2 5 1 7 30 29 25 31 32 
0 23 24 21 6 4 26 22 13 27 3 2 19 12 5 1 7 30 11 10 32 
0 23 26 22 31 25 29 28 11 30 7 1 5 2 14 12 19 3 13 27 4 21 32 
0 23 24 21 6 4 26 22 13 27 3 2 19 12 14 5 1 7 30 28 29 25 32 
0 23 24 21 6 4 26 13 27 3 19 12 14 2 5 1 7 30 28 29 25 32 
0 23 26 22 31 25 29 28 11 30 7 1 5 14 12 19 2 3 13 27 4 21 32 
0 23 24 21 6 4 26 13 27 3 2 19 12 14 5 1 7 30 28 29 25 31 32 
0 22 26 23 24 21 6 4 27 13 3 19 12 14 2 5 1 7 28 29 25 32 
0 23 24 29 25 28 11 30 7 31 1 5 14 12 19 2 3 26 22 32 
0 24 21 6 4 27 13 3 2 19 12 14 5 1 7 30 11 28 29 25 26 32 
0 24 21 6 4 27 13 3 19 12 14 2 5 1 7 30 11 28 29 25 23 32 
0 23 26 22 31 25 28 10 11 30 7 1 5 2 12 19 3 13 4 32 
0 22 26 23 24 21 6 4 27 13 3 2 19 16 12 5 1 7 28 25 32 
0 23 24 21 6 4 26 13 27 3 19 16 12 2 5 1 7 30 28 25 32 
0 23 26 22 31 25 28 10 11 30 7 1 5 12 16 19 2 3 32 
0 22 26 23 24 21 6 4 27 13 3 19 16 12 2 5 1 28 25 32 
0 23 26 22 31 25 28 11 30 7 1 5 2 12 14 15 16 19 3 13 32 
0 22 26 23 24 21 6 4 27 13 3 19 16 15 14 12 2 5 1 25 32 
0 23 24 21 6 4 26 13 27 3 19 16 15 14 12 2 5 1 7 28 25 32 
0 22 26 23 24 21 6 4 27 13 3 2 19 16 15 14 12 5 1 7 31 32 
0 23 26 22 31 25 28 11 30 7 1 5 12 14 15 16 19 2 3 13 32 
0 23 24 21 6 4 26 13 27 3 2 19 16 15 14 12 5 1 7 30 28 25 32 
0 23 26 22 31 25 28 11 30 7 1 5 14 15 16 19 12 2 3 13 32 
0 24 21 6 4 27 13 3 2 19 16 15 14 12 5 1 7 30 28 25 31 32 
0 24 21 6 4 27 13 3 19 16 15 14 12 2 5 1 7 30 28 25 26 32 
0 23 24 29 25 28 11 30 7 1 5 2 12 14 15 19 3 26 22 32 
0 23 21 6 4 27 13 3 19 16 15 14 12 2 5 1 7 30 11 28 29 25 31 32 
0 23 21 6 4 27 13 3 19 16 15 14 12 2 5 1 7 30 11 10 32 
0 24 8 9 29 25 28 11 30 7 31 1 5 12 2 3 26 22 32 
0 23 24 8 9 29 25 28 11 30 7 31 1 5 12 2 3 26 22 32 
0 24 8 9 29 25 28 11 30 7 1 5 12 2 3 13 27 4 26 22 32 
0 23 26 22 31 25 29 10 28 11 30 7 1 5 2 12 19 3 13 27 4 32 
0 23 24 21 6 4 26 13 27 3 19 12 2 5 1 7 30 11 28 25 31 32 
0 23 24 21 6 4 26 13 27 3 19 12 2 5 1 7 30 11 28 29 25 32 
0 23 26 22 31 25 28 29 10 11 30 7 1 5 2 12 19 3 32 
0 23 24 21 6 4 26 22 13 27 3 19 12 2 5 1 7 30 11 28 25 31 32 
0 22 26 23 24 21 6 4 27 13 3 19 12 2 5 1 7 30 29 25 32 
0 23 24 21 6 4 26 22 13 27 3 2 19 12 5 1 7 30 11 10 32 
0 23 26 22 31 25 29 10 28 11 30 7 1 5 12 19 2 3 13 27 4 21 32 
0 23 24 21 6 4 26 13 27 3 2 19 12 5 1 7 30 11 10 32 
0 22 26 23 24 21 6 4 27 13 3 2 19 12 5 1 7 30 29 25 31 32 
0 24 21 6 4 27 13 3 19 12 2 5 1 7 30 11 28 29 25 31 32 
0 22 26 23 24 21 6 4 27 13 3 2 19 12 5 1 7 30 28 29 25 31 32 
0 23 24 21 6 4 26 22 3 13 27 19 12 2 5 1 7 30 29 25 31 32 
0 23 26 22 31 25 29 28 11 30 7 1 5 2 14 12 19 3 13 27 4 21 32 
0 23 24 21 6 4 26 22 13 27 3 2 19 12 14 5 1 7 30 28 29 25 32 
0 23 24 21 6 4 26 13 27 3 19 12 14 2 5 1 7 30 28 29 25 32 
0 22 26 23 24 21 6 4 27 13 3 19 12 14 2 5 1 7 28 29 25 32 
0 23 26 22 31 25 29 28 11 30 7 1 5 14 12 19 2 3 13 27 4 21 32 
0 23 24 29 25 28 11 30 7 31 1 5 14 12 19 2 3 26 22 32 
0 22 23 24 21 6 4 26 13 27 3 2 19 12 14 5 1 7 28 25 32 
0 23 24 21 6 4 27 3 13 26 22 2 19 12 14 5 1 7 30 28 29 25 32 
0 24 21 6 4 27 13 3 19 12 14 2 5 1 7 30 11 28 29 25 23 32 
0 23 24 21 6 4 26 13 27 3 2 19 12 14 5 1 7 30 28 29 25 31 32 
0 23 21 24 31 25 29 28 11 30 7 1 5 14 12 19 3 26 32 
0 23 26 22 31 25 28 10 11 30 7 1 5 12 16 19 2 3 32 
0 22 26 23 24 21 6 4 27 13 3 2 19 16 12 5 1 7 28 25 32 
0 23 24 21 6 4 26 13 27 3 19 16 12 2 5 1 7 30 28 25 32 
0 23 26 22 31 25 28 10 11 30 7 1 5 2 12 19 3 13 4 32 
0 22 26 23 24 21 6 4 27 13 3 19 16 12 2 5 1 28 25 32 
0 23 26 22 31 25 28 11 30 7 1 5 2 12 14 15 16 19 3 13 32 
0 22 26 23 24 21 6 4 27 13 3 19 16 15 14 12 2 5 1 25 32 
0 22 26 23 24 21 6 4 27 13 3 2 19 16 15 14 12 5 1 7 31 32 
0 23 26 22 31 25 28 11 30 7 1 5 14 15 16 19 12 2 3 13 32 
0 23 24 21 6 4 26 13 27 3 2 19 16 15 14 12 5 1 7 30 28 25 32 
0 23 24 21 6 4 26 13 27 3 19 16 15 14 12 2 5 1 7 28 25 32 
0 23 26 22 31 25 28 11 30 7 1 5 12 14 15 16 19 2 3 13 32 
0 24 21 6 4 27 13 3 2 19 16 15 14 12 5 1 7 30 28 25 31 32 
0 24 21 6 4 27 13 3 19 16 15 14 12 2 5 1 7 30 28 25 26 32 
0 23 24 29 25 28 11 30 7 1 5 2 12 14 15 19 3 26 22 32 
0 23 21 6 4 27 13 3 19 16 15 14 12 2 5 1 7 30 11 28 29 25 31 32 
0 23 21 6 4 27 13 3 2 19 16 15 14 12 5 1 7 30 11 10 31 32 
0 23 21 6 4 27 13 3 19 16 15 14 12 2 5 1 7 30 11 10 32 
0 23 24 8 9 29 25 28 11 30 7 31 1 5 12 2 3 26 22 32 
0 23 24 8 9 29 25 31 28 11 30 7 1 5 12 2 3 26 22 32 
0 24 8 9 29 25 31 28 11 30 7 1 5 12 2 3 26 22 32 
0 24 8 9 29 25 28 11 30 7 31 1 5 12 2 3 26 22 32 
0 24 8 9 29 25 28 11 30 7 1 5 12 2 3 13 27 4 26 22 32 
0 23 26 22 31 25 29 10 28 11 30 7 1 5 2 12 19 3 13 27 4 32 
0 23 24 21 6 4 26 13 27 3 19 12 2 5 1 7 30 11 28 29 25 32 
0 23 24 21 6 4 26 22 13 27 3 19 12 2 5 1 7 30 11 28 25 31 32 
0 23 26 22 31 25 29 10 28 11 30 7 1 5 12 19 2 3 13 27 4 21 32 
0 23 24 21 6 4 26 13 27 3 19 12 2 5 1 7 30 11 28 25 31 32 
0 22 26 23 24 21 6 4 27 13 3 2 19 12 5 1 7 30 28 29 25 31 32 
0 22 26 23 24 21 6 4 27 13 3 19 12 2 5 1 7 30 29 25 32 
0 23 24 21 6 4 26 22 13 27 3 2 19 12 5 1 7 30 11 10 32 
0 23 26 22 31 25 28 29 10 11 30 7 1 5 12 19 2 3 32 
0 23 26 22 31 25 28 29 10 11 30 7 1 5 2 12 19 3 32 
0 23 24 21 6 4 26 22 3 13 27 19 12 2 5 1 7 30 29 25 31 32 
0 22 26 23 24 21 6 4 27 13 3 2 19 12 5 1 7 30 29 25 31 32 
0 23 24 21 6 4 26 13 27 3 19 12 14 2 5 1 7 30 28 29 25 32 
0 23 24 21 6 4 26 22 13 27 3 2 19 12 14 5 1 7 30 28 29 25 32 
0 23 26 22 31 25 29 28 11 30 7 1 5 2 14 12 19 3 13 27 4 21 32 
0 23 26 22 31 25 29 28 11 30 7 1 5 14 12 19 2 3 13 27 4 21 32 
0 23 24 29 25 28 11 30 7 31 1 5 14 12 19 2 3 26 22 32 
0 22 26 23 24 21 6 4 27 13 3 19 12 14 2 5 1 7 28 29 25 32 
0 24 21 6 4 27 13 3 2 19 12 14 5 1 7 30 11 28 29 25 26 32 
0 23 24 21 6 4 26 22 3 13 27 19 12 14 2 5 1 7 30 28 25 31 32 
0 23 24 21 6 4 26 13 27 3 2 19 12 14 5 1 7 30 28 29 25 31 32 
0 23 26 22 31 25 28 10 11 30 7 1 5 12 16 19 2 3 32 
0 23 26 22 31 25 28 10 11 30 7 1 5 2 12 19 3 13 4 32 
0 23 24 21 6 4 26 13 27 3 19 16 12 2 5 1 7 30 28 25 32 
0 24 21 6 4 27 13 3 2 19 16 12 5 1 7 30 28 25 31 22 32 
0 23 26 22 31 25 28 11 30 7 1 5 2 12 14 15 16 19 3 13 32 
0 23 24 21 6 4 26 13 27 3 19 16 15 14 12 2 5 1 7 28 25 32 
0 22 26 23 24 21 6 4 27 13 3 19 16 15 14 12 2 5 1 25 32 
0 22 26 23 24 21 6 4 27 13 3 2 19 16 15 14 12 5 1 7 31 32 
0 23 24 21 6 4 26 13 27 3 2 19 16 15 14 12 5 1 7 30 28 25 32 
0 23 26 22 31 25 28 11 30 7 1 5 12 14 15 16 19 2 3 13 32 
0 24 21 6 4 27 13 3 2 19 16 15 14 12 5 1 7 30 28 25 31 32 
0 23 26 22 31 25 28 11 30 7 1 5 14 15 16 19 12 2 3 13 32 
0 24 21 6 4 27 13 3 19 16 15 14 12 2 5 1 7 30 28 25 26 32 
0 23 24 29 25 28 11 30 7 1 5 2 12 14 15 19 3 26 22 32 
0 23 21 6 4 27 13 3 19 16 15 14 12 2 5 1 7 30 11 28 29 25 31 32 
0 23 24 8 9 29 25 28 11 30 7 31 1 5 12 2 3 26 22 32 
0 23 26 22 31 25 29 10 28 11 30 7 1 5 2 12 19 3 13 27 4 32 
0 23 26 22 31 25 29 10 28 11 30 7 1 5 12 19 2 3 13 27 4 21 32 
0 23 24 21 6 4 26 22 13 27 3 19 12 2 5 1 7 30 11 28 25 31 32 
0 23 24 21 6 4 26 13 27 3 19 12 2 5 1 7 30 11 28 29 25 32 
0 23 24 21 6 4 26 13 27 3 19 12 2 5 1 7 30 11 28 25 31 32 
0 23 26 22 31 25 28 29 10 11 30 7 1 5 12 19 2 3 32 
0 23 24 21 6 4 26 22 13 27 3 2 19 12 5 1 7 30 11 10 32 
0 22 26 23 24 21 6 4 27 13 3 19 12 2 5 1 7 30 29 25 32 
0 23 24 21 6 4 26 22 3 13 27 19 12 2 5 1 7 30 29 25 31 32 
0 23 24 21 6 4 26 13 27 3 2 19 12 5 1 7 30 11 10 32 
0 23 26 22 31 25 28 29 10 11 30 7 1 5 2 12 19 3 32 
0 23 24 21 6 4 26 22 13 27 3 2 19 12 14 5 1 7 30 28 29 25 32 
0 22 23 24 21 6 4 26 13 27 3 2 19 12 14 5 1 7 28 25 32 
0 23 26 22 31 25 29 28 11 30 7 1 5 2 14 12 19 3 13 27 4 21 32 
0 22 26 23 24 21 6 4 27 13 3 19 12 14 2 5 1 7 28 29 25 32 
0 23 24 21 6 4 26 13 27 3 19 12 14 2 5 1 7 30 28 29 25 32 
0 23 24 21 6 4 26 13 27 3 2 19 12 14 5 1 7 30 28 29 25 31 32 
0 23 26 22 31 25 29 28 11 30 7 1 5 14 12 19 2 3 13 27 4 21 32 
0 22 26 23 24 21 6 4 27 13 3 19 16 12 2 5 1 28 25 32 
0 23 26 22 31 25 28 10 11 30 7 1 5 12 16 19 2 3 32 
0 22 26 23 24 21 6 4 27 13 3 2 19 16 12 5 1 7 28 25 32 
0 23 26 22 31 25 28 10 11 30 7 1 5 2 12 19 3 13 4 32 
0 23 26 22 31 25 28 11 30 7 1 5 2 12 14 15 16 19 3 13 32 
0 22 26 23 24 21 6 4 27 13 3 19 16 15 14 12 2 5 1 25 32 
0 23 26 22 31 25 28 11 30 7 1 5 12 14 15 16 19 2 3 13 32 
0 22 26 23 24 21 6 4 27 13 3 2 19 16 15 14 12 5 1 7 31 32 
0 23 24 21 6 4 26 13 27 3 19 16 15 14 12 2 5 1 7 28 25 32 
0 23 26 22 31 25 28 11 30 7 1 5 14 15 16 19 12 2 3 13 32 
0 23 24 21 6 4 26 13 27 3 2 19 16 15 14 12 5 1 7 30 28 25 32 
0 24 21 6 4 27 13 3 2 19 16 15 14 12 5 1 7 30 28 25 31 32 
0 24 21 6 4 27 13 3 19 16 15 14 12 2 5 1 7 30 28 25 26 32 
0 23 24 29 25 28 11 30 7 1 5 2 12 14 15 19 3 26 22 32 
0 23 21 6 4 27 13 3 19 16 15 14 12 2 5 1 7 30 11 28 29 25 31 32 
0 23 21 6 4 27 13 3 2 19 16 15 14 12 5 1 7 30 11 10 31 32 
0 23 21 6 4 27 13 3 19 16 15 14 12 2 5 1 7 30 11 10 32 
0 23 24 8 9 29 25 28 11 30 7 31 1 5 12 2 3 26 22 32 
0 24 8 9 29 25 28 11 30 7 1 5 12 2 3 13 27 4 26 22 32 
0 23 26 22 31 25 29 10 28 11 30 7 1 5 2 12 19 3 13 27 4 32 
0 23 26 22 31 25 29 10 28 11 30 7 1 5 12 19 2 3 13 27 4 21 32 
0 22 26 23 24 21 6 4 27 13 3 19 12 2 5 1 7 30 28 29 25 32 
0 23 24 21 6 4 26 13 27 3 19 12 2 5 1 7 30 11 28 29 25 32 
0 23 24 21 6 4 26 13 27 3 19 12 2 5 1 7 30 11 28 25 31 32 
0 22 26 23 24 21 6 4 27 13 3 19 12 2 5 1 7 30 29 25 32 
0 23 24 21 6 4 26 22 13 27 3 19 12 2 5 1 7 30 11 28 25 31 32 
0 23 24 21 6 4 26 22 3 13 27 19 12 2 5 1 7 30 29 25 31 32 
0 23 24 21 6 4 26 22 13 27 3 2 19 12 5 1 7 30 11 10 32 
0 22 26 23 24 21 6 4 27 13 3 2 19 12 5 1 7 30 29 25 31 32 
0 23 26 22 31 25 28 29 10 11 30 7 1 5 2 12 19 3 32 
0 22 26 23 24 21 6 4 27 13 3 2 19 12 5 1 7 30 28 29 25 31 32 
0 23 24 21 6 4 26 13 27 3 2 19 12 14 5 1 7 30 28 29 25 31 32 
0 23 26 22 31 25 29 28 11 30 7 1 5 2 14 12 19 3 13 27 4 21 32 
0 23 24 21 6 4 26 22 13 27 3 2 19 12 14 5 1 7 30 28 29 25 32 
0 22 26 23 24 21 6 4 27 13 3 19 12 14 2 5 1 7 28 29 25 32 
0 23 24 29 25 28 11 30 7 31 1 5 14 12 19 2 3 26 22 32 
0 23 26 22 31 25 29 28 11 30 7 1 5 14 12 19 2 3 13 27 4 21 32 
0 23 24 21 6 4 26 13 27 3 19 12 14 2 5 1 7 30 28 29 25 32 
0 23 24 21 6 4 26 22 3 13 27 19 12 14 2 5 1 7 30 28 25 31 32 
0 24 21 6 4 27 13 3 19 12 14 2 5 1 7 30 11 28 29 25 23 32 
0 23 24 21 6 4 27 3 13 26 22 2 19 12 14 5 1 7 30 28 29 25 32 
0 23 26 22 31 25 28 10 11 30 7 1 5 2 12 19 3 13 4 32 
0 23 26 22 31 25 28 10 11 30 7 1 5 12 16 19 2 3 32 
0 22 26 23 24 21 6 4 27 13 3 2 19 16 12 5 1 7 28 25 32 
0 24 21 6 4 27 13 3 19 16 12 2 5 1 7 30 28 25 31 32 
0 23 24 21 6 4 26 13 27 3 19 16 15 14 12 2 5 1 7 28 25 32 
0 23 26 22 31 25 28 11 30 7 1 5 2 12 14 15 16 19 3 13 32 
0 22 26 23 24 21 6 4 27 13 3 19 16 15 14 12 2 5 1 25 32 
0 22 26 23 24 21 6 4 27 13 3 2 19 16 15 14 12 5 1 7 31 32 
0 23 26 22 31 25 28 11 30 7 1 5 12 14 15 16 19 2 3 13 32 
0 23 26 22 31 25 28 11 30 7 1 5 14 15 16 19 12 2 3 13 32 
0 23 24 21 6 4 26 13 27 3 2 19 16 15 14 12 5 1 7 30 28 25 32 
0 24 21 6 4 27 13 3 2 19 16 15 14 12 5 1 7 30 28 25 31 32 
0 23 24 29 25 28 11 30 7 1 5 2 12 14 15 19 3 26 22 32 
0 23 21 6 4 27 13 3 19 16 15 14 12 2 5 1 7 30 11 28 29 25 31 32 
0 23 24 8 9 29 25 28 11 30 7 1 5 12 2 3 13 27 4 26 32 
0 23 24 8 9 29 25 28 11 30 7 31 1 5 12 2 3 26 22 32 
0 23 26 22 31 25 29 10 28 11 30 7 1 5 2 12 19 3 13 27 4 32 
0 23 24 21 6 4 26 22 13 27 3 19 12 2 5 1 7 30 11 28 25 31 32 
0 23 26 22 31 25 29 10 28 11 30 7 1 5 12 19 2 3 13 27 4 21 32 
0 22 26 23 24 21 6 4 27 13 3 19 12 2 5 1 7 30 28 29 25 32 
0 23 24 21 6 4 26 13 27 3 19 12 2 5 1 7 30 11 28 25 31 32 
0 22 26 23 24 21 6 4 27 13 3 19 12 2 5 1 7 30 29 25 32 
0 23 24 21 6 4 26 13 27 3 19 12 2 5 1 7 30 11 28 29 25 32 
0 23 26 22 31 25 28 29 10 11 30 7 1 5 2 12 19 3 32 
0 23 24 21 6 4 26 22 13 27 3 2 19 12 5 1 7 30 11 10 32 
0 22 26 23 24 21 6 4 27 13 3 2 19 12 5 1 7 30 29 25 31 32 
0 22 26 23 24 21 6 4 27 13 3 2 19 12 5 1 7 30 28 29 25 31 32 
0 23 26 22 31 25 29 28 11 30 7 1 5 2 14 12 19 3 13 27 4 21 32 
0 23 24 21 6 4 26 22 13 27 3 2 19 12 14 5 1 7 30 28 29 25 32 
0 23 26 22 31 25 29 28 11 30 7 1 5 14 12 19 2 3 13 27 4 21 32 
0 24 21 6 4 27 13 3 2 19 12 14 5 1 7 30 11 28 29 25 26 32 
0 22 26 23 24 21 6 4 27 13 3 19 12 14 2 5 1 7 28 29 25 32 
0 23 24 21 6 4 26 13 27 3 2 19 12 14 5 1 7 30 28 29 25 31 32 
0 23 24 21 6 4 26 22 3 13 27 19 12 14 2 5 1 7 30 28 25 31 32 
0 23 26 22 31 25 28 10 11 30 7 1 5 12 16 19 2 3 32 
0 22 26 23 24 21 6 4 27 13 3 2 19 16 12 5 1 7 28 25 32 
0 23 26 22 31 25 28 10 11 30 7 1 5 2 12 19 3 13 4 32 
0 23 26 22 31 25 28 11 30 7 1 5 2 12 14 15 16 19 3 13 32 
0 22 26 23 24 21 6 4 27 13 3 19 16 15 14 12 2 5 1 25 32 
0 23 24 21 6 4 26 13 27 3 2 19 16 15 14 12 5 1 7 30 28 25 32 
0 22 26 23 24 21 6 4 27 13 3 2 19 16 15 14 12 5 1 7 31 32 
0 23 26 22 31 25 28 11 30 7 1 5 12 14 15 16 19 2 3 13 32 
0 23 24 21 6 4 26 13 27 3 19 16 15 14 12 2 5 1 7 28 25 32 
0 23 26 22 31 25 28 11 30 7 1 5 14 15 16 19 12 2 3 13 32 
0 24 21 6 4 27 13 3 2 19 16 15 14 12 5 1 7 30 28 25 31 32 
0 24 21 6 4 27 13 3 19 16 15 14 12 2 5 1 7 30 28 25 26 32 
0 23 24 29 25 28 11 30 7 1 5 2 12 14 15 19 3 26 22 32 
0 23 21 6 4 27 13 3 19 16 15 14 12 2 5 1 7 30 11 28 29 25 31 32 
0 23 21 6 4 27 13 3 19 16 15 14 12 2 5 1 7 30 11 10 32 
0 23 24 8 9 29 25 28 11 30 7 1 5 12 2 3 13 27 4 26 32 
0 24 8 9 29 25 28 11 30 7 1 5 12 2 3 13 27 4 26 22 32 
0 24 8 9 29 25 31 28 11 30 7 1 5 12 2 3 26 22 32 
0 23 24 8 9 29 25 31 28 11 30 7 1 5 12 2 3 26 22 32 
0 23 24 8 9 29 25 28 11 30 7 31 1 5 12 2 3 26 22 32 
0 24 8 9 29 25 28 11 30 7 31 1 5 12 2 3 26 22 32 
0 22 26 23 24 21 6 4 27 13 3 2 19 12 5 1 7 30 28 29 25 31 32 
0 23 24 21 6 4 26 22 13 27 3 2 19 12 5 1 7 30 11 10 32 
0 23 26 22 31 25 28 29 10 11 30 7 1 5 12 19 2 3 32 
0 23 24 21 6 4 26 13 27 3 2 19 12 5 1 7 30 11 10 32 
0 23 26 22 31 25 28 29 10 11 30 7 1 5 2 12 19 3 32 
0 22 26 23 24 21 6 4 27 13 3 19 12 2 5 1 7 30 29 25 32 
0 22 26 23 24 21 6 4 27 13 3 2 19 12 5 1 7 30 29 25 31 32 
0 23 24 21 6 4 26 22 13 27 3 19 12 2 5 1 7 30 11 28 25 31 32 
0 23 24 21 6 4 26 22 3 13 27 19 12 2 5 1 7 30 29 25 31 32 
0 22 26 23 24 21 6 4 27 13 3 19 12 2 5 1 7 30 28 29 25 32 
0 23 26 22 31 25 29 10 28 11 30 7 1 5 12 19 2 3 13 27 4 21 32 
0 23 26 22 31 25 29 10 28 11 30 7 1 5 2 12 19 3 13 27 4 32 
0 23 24 21 6 4 26 13 27 3 19 12 2 5 1 7 30 11 28 29 25 32 
0 23 24 21 6 4 26 13 27 3 19 12 2 5 1 7 30 11 28 25 31 32 
0 24 21 6 4 27 13 3 19 12 2 5 1 7 30 11 10 32 
0 24 21 6 4 27 13 3 2 19 12 5 1 7 30 11 10 31 32 
0 24 21 6 4 27 13 3 19 12 2 5 1 7 30 11 28 29 25 31 32 
0 24 21 6 4 27 13 3 2 19 12 5 1 7 30 11 28 10 32 
0 23 24 21 6 4 26 13 27 3 2 19 12 14 5 1 7 30 28 29 25 31 32 
0 23 26 22 31 25 29 28 11 30 7 1 5 14 12 19 2 3 13 27 4 21 32 
0 23 26 22 31 25 29 28 11 30 7 1 5 2 14 12 19 3 13 27 4 21 32 
0 22 26 23 24 21 6 4 27 13 3 19 12 14 2 5 1 7 28 29 25 32 
0 22 23 24 21 6 4 26 13 27 3 2 19 12 14 5 1 7 28 25 32 
0 24 21 6 4 23 22 26 13 27 3 2 19 12 14 5 1 7 28 25 32 
0 23 24 21 6 4 26 22 13 27 3 2 19 12 14 5 1 7 30 28 29 25 32 
0 24 21 6 4 27 13 3 19 12 14 2 5 1 7 30 11 28 29 25 23 32 
0 23 21 24 31 25 29 28 11 30 7 1 5 14 12 19 3 26 32 
0 23 24 21 6 4 26 13 27 3 19 12 14 2 5 1 7 30 28 29 25 32 
0 23 24 21 6 4 27 3 13 26 22 2 19 12 14 5 1 7 30 28 29 25 32 
0 24 21 6 4 27 13 3 2 19 12 14 5 1 7 30 11 28 29 25 26 32 
0 24 29 25 28 11 30 7 1 5 14 12 19 2 3 13 27 4 26 32 
0 23 24 29 25 28 11 30 7 1 5 14 12 19 2 3 13 27 4 32 
0 22 26 23 24 21 6 4 27 13 3 2 19 16 12 5 1 7 28 25 32 
0 23 26 22 31 25 28 10 11 30 7 1 5 12 16 19 2 3 32 
0 23 24 21 6 4 26 13 27 3 19 16 12 2 5 1 7 30 28 25 32 
0 23 26 22 31 25 28 10 11 30 7 1 5 2 12 19 3 13 4 32 
0 22 26 23 24 21 6 4 27 13 3 19 16 12 2 5 1 28 25 32 
0 24 21 6 4 27 13 3 2 19 16 12 5 1 7 30 28 25 31 22 32 
0 24 21 6 4 27 13 3 19 16 12 2 5 1 7 30 28 25 31 32 
0 23 24 21 6 4 26 13 27 3 2 19 16 15 14 12 5 1 7 30 28 25 32 
0 23 24 21 6 4 26 13 27 3 19 16 15 14 12 2 5 1 7 28 25 32 
0 23 26 22 31 25 28 11 30 7 1 5 2 12 14 15 16 19 3 13 32 
0 22 26 23 24 21 6 4 27 13 3 19 16 15 14 12 2 5 1 25 32 
0 23 26 22 31 25 28 11 30 7 1 5 14 15 16 19 12 2 3 13 32 
0 22 26 23 24 21 6 4 27 13 3 2 19 16 15 14 12 5 1 7 31 32 
0 23 26 22 31 25 28 11 30 7 1 5 12 14 15 16 19 2 3 13 32 
0 24 21 6 4 27 13 3 19 16 15 14 12 2 5 1 7 30 28 25 26 32 
0 24 21 6 4 27 13 3 2 19 16 15 14 12 5 1 7 30 28 25 31 32 
0 23 24 29 25 28 11 30 7 1 5 2 12 14 15 19 3 26 22 32 
0 23 24 8 9 29 25 31 28 11 30 7 1 5 12 2 3 26 22 32 
0 23 24 8 9 29 25 28 11 30 7 1 5 12 2 3 13 27 4 26 32 
0 24 8 9 29 25 28 11 30 7 1 5 12 2 3 13 27 4 26 22 32 
0 24 8 9 29 25 31 28 11 30 7 1 5 12 2 3 26 22 32 
0 23 24 8 9 29 25 28 11 30 7 31 1 5 12 2 3 26 22 32 
0 24 8 9 29 25 28 11 30 7 31 1 5 12 2 3 26 22 32 
0 23 26 22 31 25 29 10 28 11 30 7 1 5 2 12 19 3 13 27 4 32 
0 23 26 22 31 25 28 29 10 11 30 7 1 5 2 12 19 3 32 
0 22 26 23 24 21 6 4 27 13 3 19 12 2 5 1 7 30 29 25 32 
0 23 24 21 6 4 26 22 13 27 3 2 19 12 5 1 7 30 11 10 32 
0 23 26 22 31 25 28 29 10 11 30 7 1 5 12 19 2 3 32 
0 23 24 21 6 4 26 13 27 3 2 19 12 5 1 7 30 11 10 32 
0 22 26 23 24 21 6 4 27 13 3 2 19 12 5 1 7 30 28 29 25 31 32 
0 22 26 23 24 21 6 4 27 13 3 19 12 2 5 1 7 30 28 29 25 32 
0 23 24 21 6 4 26 22 13 27 3 19 12 2 5 1 7 30 11 28 25 31 32 
0 22 26 23 24 21 6 4 27 13 3 2 19 12 5 1 7 30 29 25 31 32 
0 23 26 22 31 25 29 10 28 11 30 7 1 5 12 19 2 3 13 27 4 21 32 
0 23 24 21 6 4 26 13 27 3 19 12 2 5 1 7 30 11 28 29 25 32 
0 23 24 21 6 4 26 13 27 3 19 12 2 5 1 7 30 11 28 25 31 32 
0 24 21 6 4 27 13 3 2 19 12 5 1 7 30 11 28 10 32 
0 24 21 6 4 27 13 3 19 12 2 5 1 7 30 11 28 29 25 31 32 
0 24 21 6 4 27 13 3 2 19 12 5 1 7 30 11 10 31 32 
0 24 21 6 4 27 13 3 19 12 2 5 1 7 30 11 10 32 
0 23 24 21 6 4 26 22 3 13 27 19 12 2 5 1 7 30 29 25 31 32 
0 23 26 22 31 25 29 28 11 30 7 1 5 2 14 12 19 3 13 27 4 21 32 
0 22 26 23 24 21 6 4 27 13 3 19 12 14 2 5 1 7 28 29 25 32 
0 23 24 21 6 4 26 22 13 27 3 2 19 12 14 5 1 7 30 28 29 25 32 
0 22 23 24 21 6 4 26 13 27 3 2 19 12 14 5 1 7 28 25 32 
0 23 26 22 31 25 29 28 11 30 7 1 5 14 12 19 2 3 13 27 4 21 32 
0 23 24 21 6 4 26 13 27 3 19 12 14 2 5 1 7 30 28 29 25 32 
0 23 24 21 6 4 26 13 27 3 2 19 12 14 5 1 7 30 28 29 25 31 32 
0 23 21 24 31 25 29 28 11 30 7 1 5 14 12 19 3 26 32 
0 23 24 21 22 26 6 4 27 13 3 2 19 12 14 5 1 28 25 32 
0 24 21 23 22 26 6 4 27 13 3 2 19 12 14 5 1 28 25 32 
0 24 21 6 4 23 22 26 13 27 3 2 19 12 14 5 1 7 28 25 32 
0 22 26 23 24 21 6 4 27 13 3 2 19 12 14 5 1 7 28 29 25 32 
0 24 21 6 4 27 13 3 2 19 12 14 5 1 7 30 11 28 29 25 26 32 
0 24 21 6 4 27 13 3 19 12 14 2 5 1 7 30 11 28 29 25 23 32 
0 23 24 21 6 4 26 22 13 27 3 19 12 14 2 5 1 7 30 28 29 25 32 
0 23 24 21 6 4 26 22 3 13 27 19 12 14 2 5 1 7 30 28 25 31 32 
0 23 24 29 25 28 11 30 7 31 1 5 14 12 19 2 3 26 22 32 
0 23 26 22 31 25 28 10 11 30 7 1 5 2 12 19 3 13 4 32 
0 22 26 23 24 21 6 4 27 13 3 19 16 12 2 5 1 28 25 32 
0 22 26 23 24 21 6 4 27 13 3 2 19 16 12 5 1 7 28 25 32 
0 23 26 22 31 25 28 10 11 30 7 1 5 12 16 19 2 3 32 
0 23 24 21 6 4 26 13 27 3 19 16 12 2 5 1 7 30 28 25 32 
0 24 21 6 4 27 13 3 19 16 12 2 5 1 7 30 28 25 31 32 
0 24 21 6 4 27 13 3 2 19 16 12 5 1 7 30 28 25 31 22 32 
0 22 26 23 24 21 6 4 27 13 3 19 16 15 14 12 2 5 1 25 32 
0 22 26 23 24 21 6 4 27 13 3 2 19 16 15 14 12 5 1 7 31 32 
0 23 26 22 31 25 28 11 30 7 1 5 12 14 15 16 19 2 3 13 32 
0 23 26 22 31 25 28 11 30 7 1 5 2 12 14 15 16 19 3 13 32 
0 23 24 21 6 4 26 13 27 3 2 19 16 15 14 12 5 1 7 30 28 25 32 
0 23 24 21 6 4 26 13 27 3 19 16 15 14 12 2 5 1 7 28 25 32 
0 24 21 6 4 27 13 3 2 19 16 15 14 12 5 1 7 30 28 25 31 32 
0 24 21 6 4 27 13 3 19 16 15 14 12 2 5 1 7 30 28 25 26 32 
0 23 24 29 25 28 11 30 7 1 5 2 12 14 15 19 3 26 22 32 
0 24 8 9 29 25 28 11 30 7 1 5 12 2 3 13 27 4 26 22 32 
0 23 24 8 9 29 25 28 11 30 7 1 5 12 2 3 13 27 4 26 32 
0 24 8 9 29 25 31 28 11 30 7 1 5 12 2 3 26 22 32 
0 23 24 8 9 29 25 31 28 11 30 7 1 5 12 2 3 26 22 32 
0 24 8 9 29 25 28 11 30 7 31 1 5 12 2 3 26 22 32 
0 23 24 8 9 29 25 28 11 30 7 31 1 5 12 2 3 26 22 32 
0 23 26 22 31 25 28 29 10 11 30 7 1 5 2 12 19 3 32 
0 23 24 21 6 4 26 22 13 27 3 19 12 2 5 1 7 30 11 28 25 31 32 
0 23 24 21 6 4 26 22 3 13 27 19 12 2 5 1 7 30 29 25 31 32 
0 22 26 23 24 21 6 4 27 13 3 19 12 2 5 1 7 30 29 25 32 
0 23 26 22 31 25 29 10 28 11 30 7 1 5 2 12 19 3 13 27 4 32 
0 22 26 23 24 21 6 4 27 13 3 2 19 12 5 1 7 30 28 29 25 31 32 
0 22 26 23 24 21 6 4 27 13 3 2 19 12 5 1 7 30 29 25 31 32 
0 23 24 21 6 4 26 22 13 27 3 2 19 12 5 1 7 30 11 10 32 
0 23 26 22 31 25 28 29 10 11 30 7 1 5 12 19 2 3 32 
0 23 26 22 31 25 29 10 28 11 30 7 1 5 12 19 2 3 13 27 4 21 32 
0 23 24 21 6 4 26 13 27 3 2 19 12 5 1 7 30 11 10 32 
0 24 21 6 4 27 13 3 19 12 2 5 1 7 30 11 10 32 
0 24 21 6 4 27 13 3 2 19 12 5 1 7 30 11 10 31 32 
0 23 24 21 6 4 26 13 27 3 19 12 2 5 1 7 30 11 28 29 25 32 
0 22 26 23 24 21 6 4 27 13 3 19 12 2 5 1 7 30 28 29 25 32 
0 23 24 21 6 4 26 13 27 3 19 12 2 5 1 7 30 11 28 25 31 32 
0 24 21 6 4 27 13 3 2 19 12 5 1 7 30 11 28 10 32 
0 24 21 6 4 27 13 3 19 12 2 5 1 7 30 11 28 29 25 31 32 
0 23 26 22 31 25 29 28 11 30 7 1 5 14 12 19 2 3 13 27 4 21 32 
0 22 26 23 24 21 6 4 27 13 3 19 12 14 2 5 1 7 28 29 25 32 
0 22 23 24 21 6 4 26 13 27 3 2 19 12 14 5 1 7 28 25 32 
0 23 26 22 31 25 29 28 11 30 7 1 5 2 14 12 19 3 13 27 4 21 32 
0 23 24 21 6 4 26 22 13 27 3 2 19 12 14 5 1 7 30 28 29 25 32 
0 23 24 21 6 4 26 13 27 3 2 19 12 14 5 1 7 30 28 29 25 31 32 
0 23 24 21 6 4 26 13 27 3 19 12 14 2 5 1 7 30 28 29 25 32 
0 24 21 6 4 27 13 3 2 19 12 14 5 1 7 30 11 28 29 25 26 32 
0 24 21 6 4 27 13 3 19 12 14 2 5 1 7 30 11 28 29 25 23 32 
0 24 21 6 4 23 22 26 13 27 3 2 19 12 14 5 1 7 28 25 32 
0 23 24 21 22 26 6 4 27 13 3 2 19 12 14 5 1 28 25 32 
0 24 21 23 22 26 6 4 27 13 3 2 19 12 14 5 1 28 25 32 
0 23 21 24 31 25 29 28 11 30 7 1 5 14 12 19 3 26 32 
0 24 29 25 28 11 30 7 1 5 14 12 19 2 3 13 27 4 26 32 
0 23 24 29 25 28 11 30 7 1 5 14 12 19 2 3 13 27 4 32 
0 23 24 29 25 28 11 30 7 31 1 5 14 12 19 2 3 26 22 32 
0 23 26 22 31 25 28 10 11 30 7 1 5 12 16 19 2 3 32 
0 23 26 22 31 25 28 10 11 30 7 1 5 2 12 19 3 13 4 32 
0 22 26 23 24 21 6 4 27 13 3 2 19 16 12 5 1 7 28 25 32 
0 22 26 23 24 21 6 4 27 13 3 19 16 12 2 5 1 28 25 32 
0 23 24 21 6 4 26 13 27 3 19 16 12 2 5 1 7 30 28 25 32 
0 24 21 6 4 27 13 3 2 19 16 12 5 1 7 30 28 25 31 22 32 
0 24 21 6 4 27 13 3 19 16 12 2 5 1 7 30 28 25 31 32 
0 22 26 23 24 21 6 4 27 13 3 2 19 16 15 14 12 5 1 7 31 32 
0 23 26 22 31 25 28 11 30 7 1 5 2 12 14 15 16 19 3 13 32 
0 23 26 22 31 25 28 11 30 7 1 5 12 14 15 16 19 2 3 13 32 
0 22 26 23 24 21 6 4 27 13 3 19 16 15 14 12 2 5 1 25 32 
0 23 24 21 6 4 26 13 27 3 19 16 15 14 12 2 5 1 7 28 25 32 
0 23 24 21 6 4 26 13 27 3 2 19 16 15 14 12 5 1 7 30 28 25 32 
0 24 21 6 4 27 13 3 2 19 16 15 14 12 5 1 7 30 28 25 31 32 
0 24 21 6 4 27 13 3 19 16 15 14 12 2 5 1 7 30 28 25 26 32 
0 23 26 22 31 25 28 11 30 7 1 5 14 15 16 19 12 2 3 13 32 
0 23 24 29 25 28 11 30 7 1 5 2 12 14 15 19 3 26 22 32 
0 23 21 6 4 27 13 3 19 16 15 14 12 2 5 1 7 30 11 10 32 
0 23 21 6 4 27 13 3 2 19 16 15 14 12 5 1 7 30 11 10 31 32 
0 23 21 6 4 27 13 3 2 12 19 16 15 14 5 1 7 30 11 10 32 
0 24 8 9 29 25 31 28 11 30 7 1 5 12 2 3 26 22 32 
0 23 24 8 9 29 25 31 28 11 30 7 1 5 12 2 3 26 22 32 
0 24 8 9 29 25 28 11 30 7 1 5 12 2 3 13 27 4 26 22 32 
0 23 24 8 9 29 25 28 11 30 7 1 5 12 2 3 13 27 4 26 32 
0 23 26 22 31 25 29 10 28 11 30 7 1 5 2 12 19 3 13 27 4 32 
0 22 26 23 24 21 6 4 27 13 3 19 12 2 5 1 7 30 28 29 25 32 
0 23 24 21 6 4 26 22 13 27 3 19 12 2 5 1 7 30 11 28 25 31 32 
0 23 26 22 31 25 28 29 10 11 30 7 1 5 2 12 19 3 32 
0 23 24 21 6 4 26 13 27 3 19 12 2 5 1 7 30 11 28 25 31 32 
0 22 26 23 24 21 6 4 27 13 3 2 19 12 5 1 7 30 29 25 31 32 
0 22 26 23 24 21 6 4 27 13 3 19 12 2 5 1 7 30 29 25 32 
0 22 26 23 24 21 6 4 27 13 3 2 19 12 5 1 7 30 28 29 25 31 32 
0 23 24 21 6 4 26 22 13 27 3 2 19 12 5 1 7 30 11 10 32 
0 23 26 22 31 25 28 29 10 11 30 7 1 5 12 19 2 3 32 
0 23 24 21 6 4 26 13 27 3 2 19 12 5 1 7 30 11 10 32 
0 23 26 22 31 25 29 10 28 11 30 7 1 5 12 19 2 3 13 27 4 21 32 
0 23 24 21 6 4 26 13 27 3 19 12 2 5 1 7 30 11 28 29 25 32 
0 24 21 6 4 27 13 3 2 19 12 5 1 7 30 11 28 10 32 
0 24 21 6 4 27 13 3 2 19 12 5 1 7 30 11 10 31 32 
0 24 21 6 4 27 13 3 19 12 2 5 1 7 30 11 10 32 
0 24 21 6 4 27 13 3 19 12 2 5 1 7 30 11 28 29 25 31 32 
0 23 26 22 31 25 29 28 11 30 7 1 5 2 14 12 19 3 13 27 4 21 32 
0 23 26 22 31 25 29 28 11 30 7 1 5 14 12 19 2 3 13 27 4 21 32 
0 22 23 24 21 6 4 26 13 27 3 2 19 12 14 5 1 7 28 25 32 
0 23 24 21 6 4 26 13 27 3 2 19 12 14 5 1 7 30 28 29 25 31 32 
0 23 24 21 6 4 26 22 13 27 3 2 19 12 14 5 1 7 30 28 29 25 32 
0 24 21 23 22 26 6 4 27 13 3 2 19 12 14 5 1 28 25 32 
0 23 24 21 22 26 6 4 27 13 3 2 19 12 14 5 1 28 25 32 
0 22 26 23 24 21 6 4 27 13 3 19 12 14 2 5 1 7 28 29 25 32 
0 23 24 21 6 4 26 13 27 3 19 12 14 2 5 1 7 30 28 29 25 32 
0 23 24 21 6 4 26 22 13 27 3 19 12 14 2 5 1 7 30 28 29 25 32 
0 23 24 21 6 4 26 22 3 13 27 19 12 14 2 5 1 7 30 28 25 31 32 
0 24 21 6 4 27 13 3 2 19 12 14 5 1 7 30 11 28 29 25 26 32 
0 24 21 6 4 23 22 26 13 27 3 2 19 12 14 5 1 7 28 25 32 
0 22 26 23 24 21 6 4 27 13 3 2 19 12 14 5 1 7 28 29 25 32 
0 24 29 25 28 11 30 7 1 5 14 12 19 2 3 13 27 4 26 32 
0 24 21 6 4 27 13 3 19 12 14 2 5 1 7 30 11 28 29 25 23 32 
0 23 24 21 6 4 27 3 13 26 22 2 19 12 14 5 1 7 30 28 29 25 32 
0 23 21 24 31 25 29 28 11 30 7 1 5 14 12 19 3 26 32 
0 23 26 22 31 25 28 10 11 30 7 1 5 2 12 19 3 13 4 32 
0 22 26 23 24 21 6 4 27 13 3 19 16 12 2 5 1 28 25 32 
0 22 26 23 24 21 6 4 27 13 3 2 19 16 12 5 1 7 28 25 32 
0 23 24 21 6 4 26 13 27 3 19 16 12 2 5 1 7 30 28 25 32 
0 23 26 22 31 25 28 10 11 30 7 1 5 12 16 19 2 3 32 
0 24 21 6 4 27 13 3 19 16 12 2 5 1 7 30 28 25 31 32 
0 24 21 6 4 27 13 3 2 19 16 12 5 1 7 30 28 25 31 22 32 
0 23 26 22 31 25 28 11 30 7 1 5 12 14 15 16 19 2 3 13 32 
0 22 26 23 24 21 6 4 27 13 3 2 19 16 15 14 12 5 1 7 31 32 
0 23 24 21 6 4 26 13 27 3 2 19 16 15 14 12 5 1 7 30 28 25 32 
0 22 26 23 24 21 6 4 27 13 3 19 16 15 14 12 2 5 1 25 32 
0 23 26 22 31 25 28 11 30 7 1 5 2 12 14 15 16 19 3 13 32 
0 23 24 21 6 4 26 13 27 3 19 16 15 14 12 2 5 1 7 28 25 32 
0 24 21 6 4 27 13 3 2 19 16 15 14 12 5 1 7 30 28 25 31 32 
0 24 21 6 4 27 13 3 19 16 15 14 12 2 5 1 7 30 28 25 26 32 
0 23 26 22 31 25 28 11 30 7 1 5 14 15 16 19 12 2 3 13 32 
0 23 24 29 25 28 11 30 7 1 5 2 12 14 15 19 3 26 22 32 
0 24 8 9 29 25 28 11 30 7 31 1 5 12 2 3 26 22 32 
0 24 8 9 29 25 31 28 11 30 7 1 5 12 2 3 26 22 32 
0 23 24 8 9 29 25 31 28 11 30 7 1 5 12 2 3 26 22 32 
0 24 8 9 29 25 28 11 30 7 1 5 12 2 3 13 27 4 26 22 32 
0 23 24 8 9 29 25 28 11 30 7 1 5 12 2 3 13 27 4 26 32 
0 23 24 8 9 29 25 28 11 30 7 31 1 5 12 2 3 26 22 32 
0 23 26 22 31 25 28 29 10 11 30 7 1 5 12 19 2 3 32 
0 23 24 21 6 4 26 13 27 3 19 12 2 5 1 7 30 11 28 29 25 32 
0 23 26 22 31 25 29 10 28 11 30 7 1 5 2 12 19 3 13 27 4 32 
0 23 26 22 31 25 28 29 10 11 30 7 1 5 2 12 19 3 32 
0 22 26 23 24 21 6 4 27 13 3 2 19 12 5 1 7 30 29 25 31 32 
0 22 26 23 24 21 6 4 27 13 3 2 19 12 5 1 7 30 28 29 25 31 32 
0 23 24 21 6 4 26 22 13 27 3 2 19 12 5 1 7 30 11 10 32 
0 23 24 21 6 4 26 22 3 13 27 19 12 2 5 1 7 30 29 25 31 32 
0 23 24 21 6 4 26 22 13 27 3 19 12 2 5 1 7 30 11 28 25 31 32 
0 22 26 23 24 21 6 4 27 13 3 19 12 2 5 1 7 30 29 25 32 
0 23 26 22 31 25 29 10 28 11 30 7 1 5 12 19 2 3 13 27 4 21 32 
0 22 26 23 24 21 6 4 27 13 3 19 12 2 5 1 7 30 28 29 25 32 
0 24 21 6 4 27 13 3 2 19 12 5 1 7 30 11 28 10 32 
0 24 21 6 4 27 13 3 19 12 2 5 1 7 30 11 28 29 25 31 32 
0 24 21 6 4 27 13 3 19 12 2 5 1 7 30 11 10 32 
0 24 21 6 4 27 13 3 2 19 12 5 1 7 30 11 10 31 32 
0 23 24 21 6 4 26 13 27 3 2 19 12 5 1 7 30 11 10 32 
0 23 24 21 6 4 26 13 27 3 19 12 2 5 1 7 30 11 28 25 31 32 
0 23 26 22 31 25 29 28 11 30 7 1 5 2 14 12 19 3 13 27 4 21 32 
0 23 24 21 6 4 26 13 27 3 19 12 14 2 5 1 7 30 28 29 25 32 
0 23 24 21 6 4 26 22 13 27 3 2 19 12 14 5 1 7 30 28 29 25 32 
0 23 26 22 31 25 29 28 11 30 7 1 5 14 12 19 2 3 13 27 4 21 32 
0 22 26 23 24 21 6 4 27 13 3 19 12 14 2 5 1 7 28 29 25 32 
0 22 23 24 21 6 4 26 13 27 3 2 19 12 14 5 1 7 28 25 32 
0 23 24 21 6 4 26 13 27 3 2 19 12 14 5 1 7 30 28 29 25 31 32 
0 24 21 6 4 23 22 26 13 27 3 2 19 12 14 5 1 7 28 25 32 
0 24 21 6 4 27 13 3 2 19 12 14 5 1 7 30 11 28 29 25 26 32 
0 24 21 6 4 27 13 3 19 12 14 2 5 1 7 30 11 28 29 25 23 32 
0 23 21 24 31 25 29 28 11 30 7 1 5 14 12 19 3 26 32 
0 23 24 29 25 28 11 30 7 31 1 5 14 12 19 2 3 26 22 32 
0 24 21 23 22 26 6 4 27 13 3 2 19 12 14 5 1 28 25 32 
0 23 24 21 22 26 6 4 27 13 3 2 19 12 14 5 1 28 25 32 
0 23 24 21 6 4 27 3 13 26 22 2 19 12 14 5 1 7 30 28 29 25 32 
0 22 26 23 24 21 6 4 27 13 3 2 19 16 12 5 1 7 28 25 32 
0 23 26 22 31 25 28 10 11 30 7 1 5 12 16 19 2 3 32 
0 23 24 21 6 4 26 13 27 3 19 16 12 2 5 1 7 30 28 25 32 
0 22 26 23 24 21 6 4 27 13 3 19 16 12 2 5 1 28 25 32 
0 23 26 22 31 25 28 10 11 30 7 1 5 2 12 19 3 13 4 32 
0 24 21 6 4 27 13 3 19 16 12 2 5 1 7 30 28 25 31 32 
0 24 21 6 4 27 13 3 2 19 16 12 5 1 7 30 28 25 31 22 32 
0 22 26 23 24 21 6 4 27 13 3 19 16 15 14 12 2 5 1 25 32 
0 22 26 23 24 21 6 4 27 13 3 2 19 16 15 14 12 5 1 7 31 32 
0 23 26 22 31 25 28 11 30 7 1 5 12 14 15 16 19 2 3 13 32 
0 23 24 21 6 4 26 13 27 3 2 19 16 15 14 12 5 1 7 30 28 25 32 
0 23 26 22 31 25 28 11 30 7 1 5 14 15 16 19 12 2 3 13 32 
0 23 24 21 6 4 26 13 27 3 19 16 15 14 12 2 5 1 7 28 25 32 
0 23 26 22 31 25 28 11 30 7 1 5 2 12 14 15 16 19 3 13 32 
0 24 21 6 4 27 13 3 2 19 16 15 14 12 5 1 7 30 28 25 31 32 
0 24 21 6 4 27 13 3 19 16 15 14 12 2 5 1 7 30 28 25 26 32 
0 23 24 29 25 28 11 30 7 1 5 2 12 14 15 19 3 26 22 32 
0 23 21 6 4 27 13 3 19 16 15 14 12 2 5 1 7 30 11 10 32 
0 23 21 6 4 27 13 3 2 19 16 15 14 12 5 1 7 30 11 10 31 32 
0 23 21 6 4 27 13 3 2 12 19 16 15 14 5 1 7 30 11 10 32 
0 23 24 8 9 29 25 28 11 30 7 1 5 12 2 3 13 27 4 26 32 
0 24 8 9 29 25 28 11 30 7 1 5 12 2 3 13 27 4 26 22 32 
0 24 8 9 29 25 31 28 11 30 7 1 5 12 2 3 26 22 32 
0 23 24 8 9 29 25 31 28 11 30 7 1 5 12 2 3 26 22 32 
0 23 24 8 9 29 25 28 11 30 7 31 1 5 12 2 3 26 22 32 
0 23 26 22 31 25 29 10 28 11 30 7 1 5 12 19 2 3 13 27 4 21 32 
0 23 26 22 31 25 28 29 10 11 30 7 1 5 12 19 2 3 32 
0 23 26 22 31 25 28 29 10 11 30 7 1 5 2 12 19 3 32 
0 23 24 21 6 4 26 13 27 3 19 12 2 5 1 7 30 11 28 25 31 32 
0 23 24 21 6 4 26 13 27 3 2 19 12 5 1 7 30 11 10 32 
0 22 26 23 24 21 6 4 27 13 3 2 19 12 5 1 7 30 28 29 25 31 32 
0 23 24 21 6 4 26 22 13 27 3 2 19 12 5 1 7 30 11 10 32 
0 22 26 23 24 21 6 4 27 13 3 2 19 12 5 1 7 30 29 25 31 32 
0 22 26 23 24 21 6 4 27 13 3 19 12 2 5 1 7 30 29 25 32 
0 23 24 21 6 4 26 22 13 27 3 19 12 2 5 1 7 30 11 28 25 31 32 
0 23 24 21 6 4 26 22 3 13 27 19 12 2 5 1 7 30 29 25 31 32 
0 23 26 22 31 25 29 10 28 11 30 7 1 5 2 12 19 3 13 27 4 32 
0 22 26 23 24 21 6 4 27 13 3 19 12 2 5 1 7 30 28 29 25 32 
0 23 24 21 6 4 26 13 27 3 19 12 2 5 1 7 30 11 28 29 25 32 
0 24 21 6 4 27 13 3 19 12 2 5 1 7 30 11 10 32 
0 24 21 6 4 27 13 3 2 19 12 5 1 7 30 11 28 10 32 
0 24 21 6 4 27 13 3 19 12 2 5 1 7 30 11 28 29 25 31 32 
0 23 26 22 31 25 29 28 11 30 7 1 5 14 12 19 2 3 13 27 4 21 32 
0 23 26 22 31 25 29 28 11 30 7 1 5 2 14 12 19 3 13 27 4 21 32 
0 23 24 21 6 4 26 22 13 27 3 2 19 12 14 5 1 7 30 28 29 25 32 
0 22 23 24 21 6 4 26 13 27 3 2 19 12 14 5 1 7 28 25 32 
0 23 24 21 6 4 26 13 27 3 19 12 14 2 5 1 7 30 28 29 25 32 
0 23 24 21 6 4 26 13 27 3 2 19 12 14 5 1 7 30 28 29 25 31 32 
0 22 26 23 24 21 6 4 27 13 3 19 12 14 2 5 1 7 28 29 25 32 
0 23 21 24 31 25 29 28 11 30 7 1 5 14 12 19 3 26 32 
0 24 21 6 4 27 13 3 19 12 14 2 5 1 7 30 11 28 29 25 23 32 
0 24 21 6 4 27 13 3 2 19 12 14 5 1 7 30 11 28 29 25 26 32 
0 24 21 6 4 23 22 26 13 27 3 2 19 12 14 5 1 7 28 25 32 
0 24 21 23 22 26 6 4 27 13 3 2 19 12 14 5 1 28 25 32 
0 23 24 21 22 26 6 4 27 13 3 2 19 12 14 5 1 28 25 32 
0 23 24 21 6 4 27 3 13 26 22 2 19 12 14 5 1 7 30 28 29 25 32 
0 22 26 23 24 21 6 4 27 13 3 2 19 12 14 5 1 7 28 29 25 32 
0 22 26 23 24 21 6 4 27 13 3 2 19 16 12 5 1 7 28 25 32 
0 24 21 6 4 27 13 3 2 19 16 12 5 1 7 30 28 25 31 22 32 
0 22 26 23 24 21 6 4 27 13 3 19 16 12 2 5 1 28 25 32 
0 23 26 22 31 25 28 10 11 30 7 1 5 12 16 19 2 3 32 
0 23 24 21 6 4 26 13 27 3 19 16 12 2 5 1 7 30 28 25 32 
0 23 26 22 31 25 28 10 11 30 7 1 5 2 12 19 3 13 4 32 
0 24 21 6 4 27 13 3 19 16 12 2 5 1 7 30 28 25 31 32 
0 22 26 23 24 21 6 4 27 13 3 2 19 16 15 14 12 5 1 7 31 32 
0 23 26 22 31 25 28 11 30 7 1 5 12 14 15 16 19 2 3 13 32 
0 23 24 21 6 4 26 13 27 3 2 19 16 15 14 12 5 1 7 30 28 25 32 
0 22 26 23 24 21 6 4 27 13 3 19 16 15 14 12 2 5 1 25 32 
0 23 26 22 31 25 28 11 30 7 1 5 2 12 14 15 16 19 3 13 32 
0 23 24 21 6 4 26 13 27 3 19 16 15 14 12 2 5 1 7 28 25 32 
0 23 26 22 31 25 28 11 30 7 1 5 14 15 16 19 12 2 3 13 32 
0 24 21 6 4 27 13 3 19 16 15 14 12 2 5 1 7 30 28 25 26 32 
0 24 21 6 4 27 13 3 2 19 16 15 14 12 5 1 7 30 28 25 31 32 
0 23 24 29 25 28 11 30 7 1 5 2 12 14 15 19 3 26 22 32 
0 23 24 8 9 29 25 31 28 11 30 7 1 5 12 2 3 26 22 32 
0 24 8 9 29 25 31 28 11 30 7 1 5 12 2 3 26 22 32 
0 24 8 9 29 25 28 11 30 7 31 1 5 12 2 3 26 22 32 
0 23 24 8 9 29 25 28 11 30 7 31 1 5 12 2 3 26 22 32 
0 24 8 9 29 25 28 11 30 7 1 5 12 2 3 13 27 4 26 22 32 
0 23 24 8 9 29 25 28 11 30 7 1 5 12 2 3 13 27 4 26 32 
0 23 26 22 31 25 29 10 28 11 30 7 1 5 12 19 2 3 13 27 4 21 32 
0 23 26 22 31 25 29 10 28 11 30 7 1 5 2 12 19 3 13 27 4 32 
0 23 24 21 6 4 26 22 13 27 3 2 19 12 5 1 7 30 11 10 32 
0 23 26 22 31 25 28 29 10 11 30 7 1 5 2 12 19 3 32 
0 23 24 21 6 4 26 13 27 3 19 12 2 5 1 7 30 11 28 25 31 32 
0 23 24 21 6 4 26 22 13 27 3 19 12 2 5 1 7 30 11 28 25 31 32 
0 22 26 23 24 21 6 4 27 13 3 19 12 2 5 1 7 30 29 25 32 
0 22 26 23 24 21 6 4 27 13 3 2 19 12 5 1 7 30 29 25 31 32 
0 22 26 23 24 21 6 4 27 13 3 2 19 12 5 1 7 30 28 29 25 31 32 
0 23 26 22 31 25 28 29 10 11 30 7 1 5 12 19 2 3 32 
0 22 26 23 24 21 6 4 27 13 3 19 12 2 5 1 7 30 28 29 25 32 
0 23 24 21 6 4 26 13 27 3 2 19 12 5 1 7 30 11 10 32 
0 23 24 21 6 4 26 13 27 3 19 12 2 5 1 7 30 11 28 29 25 32 
0 24 21 6 4 27 13 3 19 12 2 5 1 7 30 11 28 29 25 31 32 
0 24 21 6 4 27 13 3 2 19 12 5 1 7 30 11 28 10 32 
0 24 21 6 4 27 13 3 2 19 12 5 1 7 30 11 10 31 32 
0 24 21 6 4 27 13 3 19 12 2 5 1 7 30 11 10 32 
0 23 24 21 6 4 26 22 3 13 27 19 12 2 5 1 7 30 29 25 31 32 
0 23 26 22 31 25 29 28 11 30 7 1 5 2 14 12 19 3 13 27 4 21 32 
0 22 26 23 24 21 6 4 27 13 3 19 12 14 2 5 1 7 28 29 25 32 
0 22 23 24 21 6 4 26 13 27 3 2 19 12 14 5 1 7 28 25 32 
0 23 24 21 6 4 26 13 27 3 2 19 12 14 5 1 7 30 28 29 25 31 32 
0 23 24 21 6 4 26 22 13 27 3 2 19 12 14 5 1 7 30 28 29 25 32 
0 23 26 22 31 25 29 28 11 30 7 1 5 14 12 19 2 3 13 27 4 21 32 
0 24 21 6 4 27 13 3 19 12 14 2 5 1 7 30 11 28 29 25 23 32 
0 24 21 6 4 27 13 3 2 19 12 14 5 1 7 30 11 28 29 25 26 32 
0 24 21 6 4 23 22 26 13 27 3 2 19 12 14 5 1 7 28 25 32 
0 23 24 21 6 4 27 3 13 26 22 2 19 12 14 5 1 7 30 28 29 25 32 
0 24 21 23 22 26 6 4 27 13 3 2 19 12 14 5 1 28 25 32 
0 23 24 21 22 26 6 4 27 13 3 2 19 12 14 5 1 28 25 32 
0 23 24 21 6 4 26 13 27 3 19 12 14 2 5 1 7 30 28 29 25 32 
0 23 21 24 31 25 29 28 11 30 7 1 5 14 12 19 3 26 32 
0 23 24 29 25 28 11 30 7 1 5 14 12 19 2 3 13 27 4 32 
0 24 29 25 28 11 30 7 1 5 14 12 19 2 3 13 27 4 26 32 
0 23 24 21 6 4 26 22 13 27 3 19 12 14 2 5 1 7 30 28 29 25 32 
0 23 24 21 6 4 26 22 3 13 27 19 12 14 2 5 1 7 30 28 25 31 32 
0 23 24 29 25 28 11 30 7 31 1 5 14 12 19 2 3 26 22 32 
0 23 26 22 31 25 28 10 11 30 7 1 5 12 16 19 2 3 32 
0 23 26 22 31 25 28 10 11 30 7 1 5 2 12 19 3 13 4 32 
0 23 24 21 6 4 26 13 27 3 19 16 12 2 5 1 7 30 28 25 32 
0 22 26 23 24 21 6 4 27 13 3 19 16 12 2 5 1 28 25 32 
0 22 26 23 24 21 6 4 27 13 3 2 19 16 12 5 1 7 28 25 32 
0 24 21 6 4 27 13 3 19 16 12 2 5 1 7 30 28 25 31 32 
0 24 21 6 4 27 13 3 2 19 16 12 5 1 7 30 28 25 31 22 32 
0 23 24 21 6 4 26 13 27 3 2 19 16 15 14 12 5 1 7 30 28 25 32 
0 23 24 21 6 4 26 13 27 3 19 16 15 14 12 2 5 1 7 28 25 32 
0 23 26 22 31 25 28 11 30 7 1 5 2 12 14 15 16 19 3 13 32 
0 22 26 23 24 21 6 4 27 13 3 19 16 15 14 12 2 5 1 25 32 
0 22 26 23 24 21 6 4 27 13 3 2 19 16 15 14 12 5 1 7 31 32 
0 23 26 22 31 25 28 11 30 7 1 5 12 14 15 16 19 2 3 13 32 
0 24 21 6 4 27 13 3 19 16 15 14 12 2 5 1 7 30 28 25 26 32 
0 24 21 6 4 27 13 3 2 19 16 15 14 12 5 1 7 30 28 25 31 32 
0 23 26 22 31 25 28 11 30 7 1 5 14 15 16 19 12 2 3 13 32 
0 23 24 29 25 28 11 30 7 1 5 2 12 14 15 19 3 26 22 32 
0 23 24 8 9 29 25 28 11 30 7 1 5 12 2 3 13 27 4 26 32 
0 23 24 8 9 29 25 31 28 11 30 7 1 5 12 2 3 26 22 32 
0 24 8 9 29 25 28 11 30 7 1 5 12 2 3 13 27 4 26 22 32 
0 24 8 9 29 25 31 28 11 30 7 1 5 12 2 3 26 22 32 
0 24 8 9 29 25 28 11 30 7 31 1 5 12 2 3 26 22 32 
0 23 24 8 9 29 25 28 11 30 7 31 1 5 12 2 3 26 22 32 
0 23 24 21 6 4 26 22 13 27 3 2 19 12 5 1 7 30 11 10 32 
0 23 26 22 31 25 28 29 10 11 30 7 1 5 12 19 2 3 32 
0 23 26 22 31 25 29 10 28 11 30 7 1 5 2 12 19 3 13 27 4 32 
0 22 26 23 24 21 6 4 27 13 3 19 12 2 5 1 7 30 28 29 25 32 
0 22 26 23 24 21 6 4 27 13 3 2 19 12 5 1 7 30 28 29 25 31 32 
0 23 24 21 6 4 26 13 27 3 19 12 2 5 1 7 30 11 28 25 31 32 
0 23 26 22 31 25 28 29 10 11 30 7 1 5 2 12 19 3 32 
0 23 24 21 6 4 26 13 27 3 19 12 2 5 1 7 30 11 28 29 25 32 
0 23 26 22 31 25 29 10 28 11 30 7 1 5 12 19 2 3 13 27 4 21 32 
0 22 26 23 24 21 6 4 27 13 3 2 19 12 5 1 7 30 29 25 31 32 
0 22 26 23 24 21 6 4 27 13 3 19 12 2 5 1 7 30 29 25 32 
0 24 21 6 4 27 13 3 2 19 12 5 1 7 30 11 28 10 32 
0 24 21 6 4 27 13 3 19 12 2 5 1 7 30 11 28 29 25 31 32 
0 23 24 21 6 4 26 22 13 27 3 19 12 2 5 1 7 30 11 28 25 31 32 
0 23 24 21 6 4 26 22 3 13 27 19 12 2 5 1 7 30 29 25 31 32 
0 23 24 21 6 4 26 13 27 3 2 19 12 5 1 7 30 11 10 32 
0 23 24 21 6 4 26 22 13 27 3 2 19 12 14 5 1 7 30 28 29 25 32 
0 23 26 22 31 25 29 28 11 30 7 1 5 2 14 12 19 3 13 27 4 21 32 
0 23 24 21 6 4 26 13 27 3 19 12 14 2 5 1 7 30 28 29 25 32 
0 23 24 21 6 4 26 13 27 3 2 19 12 14 5 1 7 30 28 29 25 31 32 
0 22 23 24 21 6 4 26 13 27 3 2 19 12 14 5 1 7 28 25 32 
0 22 26 23 24 21 6 4 27 13 3 19 12 14 2 5 1 7 28 29 25 32 
0 23 26 22 31 25 29 28 11 30 7 1 5 14 12 19 2 3 13 27 4 21 32 
0 23 21 24 31 25 29 28 11 30 7 1 5 14 12 19 3 26 32 
0 24 21 6 4 27 13 3 2 19 12 14 5 1 7 30 11 28 29 25 26 32 
0 24 21 6 4 23 22 26 13 27 3 2 19 12 14 5 1 7 28 25 32 
0 24 21 6 4 27 13 3 19 12 14 2 5 1 7 30 11 28 29 25 23 32 
0 22 26 23 24 21 6 4 27 13 3 2 19 12 14 5 1 7 28 29 25 32 
0 24 21 23 22 26 6 4 27 13 3 2 19 12 14 5 1 28 25 32 
0 23 24 21 22 26 6 4 27 13 3 2 19 12 14 5 1 28 25 32 
0 22 26 23 24 21 6 4 27 13 3 2 19 16 12 5 1 7 28 25 32 
0 23 26 22 31 25 28 10 11 30 7 1 5 12 16 19 2 3 32 
0 23 24 21 6 4 26 13 27 3 19 16 12 2 5 1 7 30 28 25 32 
0 22 26 23 24 21 6 4 27 13 3 19 16 12 2 5 1 28 25 32 
0 23 26 22 31 25 28 10 11 30 7 1 5 2 12 19 3 13 4 32 
0 24 21 6 4 27 13 3 2 19 16 12 5 1 7 30 28 25 31 22 32 
0 24 21 6 4 27 13 3 19 16 12 2 5 1 7 30 28 25 31 32 
0 23 26 22 31 25 28 11 30 7 1 5 12 14 15 16 19 2 3 13 32 
0 23 24 21 6 4 26 13 27 3 2 19 16 15 14 12 5 1 7 30 28 25 32 
0 22 26 23 24 21 6 4 27 13 3 19 16 15 14 12 2 5 1 25 32 
0 23 26 22 31 25 28 11 30 7 1 5 2 12 14 15 16 19 3 13 32 
0 22 26 23 24 21 6 4 27 13 3 2 19 16 15 14 12 5 1 7 31 32 
0 23 24 21 6 4 26 13 27 3 19 16 15 14 12 2 5 1 7 28 25 32 
0 23 26 22 31 25 28 11 30 7 1 5 14 15 16 19 12 2 3 13 32 
0 24 21 6 4 27 13 3 2 19 16 15 14 12 5 1 7 30 28 25 31 32 
0 24 21 6 4 27 13 3 19 16 15 14 12 2 5 1 7 30 28 25 26 32 
0 23 24 29 25 28 11 30 7 1 5 2 12 14 15 19 3 26 22 32 
0 23 24 8 9 29 25 31 28 11 30 7 1 5 12 2 3 26 22 32 
0 24 8 9 29 25 28 11 30 7 1 5 12 2 3 13 27 4 26 22 32 
0 23 24 8 9 29 25 28 11 30 7 1 5 12 2 3 13 27 4 26 32 
0 24 8 9 29 25 28 11 30 7 31 1 5 12 2 3 26 22 32 
0 24 8 9 29 25 31 28 11 30 7 1 5 12 2 3 26 22 32 
0 23 24 8 9 29 25 28 11 30 7 31 1 5 12 2 3 26 22 32 
0 23 24 21 6 4 26 22 13 27 3 2 19 12 5 1 7 30 11 10 32 
0 22 26 23 24 21 6 4 27 13 3 2 19 12 5 1 7 30 29 25 31 32 
0 23 24 21 6 4 26 13 27 3 2 19 12 5 1 7 30 11 10 32 
0 23 26 22 31 25 28 29 10 11 30 7 1 5 2 12 19 3 32 
0 22 26 23 24 21 6 4 27 13 3 19 12 2 5 1 7 30 29 25 32 
0 22 26 23 24 21 6 4 27 13 3 2 19 12 5 1 7 30 28 29 25 31 32 
0 23 26 22 31 25 29 10 28 11 30 7 1 5 2 12 19 3 13 27 4 32 
0 23 24 21 6 4 26 13 27 3 19 12 2 5 1 7 30 11 28 29 25 32 
0 23 26 22 31 25 28 29 10 11 30 7 1 5 12 19 2 3 32 
0 23 26 22 31 25 29 10 28 11 30 7 1 5 12 19 2 3 13 27 4 21 32 
0 24 21 6 4 27 13 3 19 12 2 5 1 7 30 11 28 29 25 31 32 
0 24 21 6 4 27 13 3 19 12 2 5 1 7 30 11 10 32 
0 23 24 21 6 4 26 13 27 3 19 12 2 5 1 7 30 11 28 25 31 32 
0 22 26 23 24 21 6 4 27 13 3 19 12 2 5 1 7 30 28 29 25 32 
0 23 24 21 6 4 26 22 13 27 3 19 12 2 5 1 7 30 11 28 25 31 32 
0 23 24 21 6 4 26 22 3 13 27 19 12 2 5 1 7 30 29 25 31 32 
0 24 21 6 4 27 13 3 2 19 12 5 1 7 30 11 28 10 32 
0 24 21 6 4 27 13 3 2 19 12 5 1 7 30 11 10 31 32 
0 23 26 22 31 25 29 28 11 30 7 1 5 2 14 12 19 3 13 27 4 21 32 
0 23 24 21 6 4 26 13 27 3 2 19 12 14 5 1 7 30 28 29 25 31 32 
0 23 26 22 31 25 29 28 11 30 7 1 5 14 12 19 2 3 13 27 4 21 32 
0 23 24 21 6 4 26 13 27 3 19 12 14 2 5 1 7 30 28 29 25 32 
0 22 26 23 24 21 6 4 27 13 3 19 12 14 2 5 1 7 28 29 25 32 
0 22 23 24 21 6 4 26 13 27 3 2 19 12 14 5 1 7 28 25 32 
0 23 24 21 6 4 26 22 13 27 3 2 19 12 14 5 1 7 30 28 29 25 32 
0 23 24 21 6 4 27 3 13 26 22 2 19 12 14 5 1 7 30 28 29 25 32 
0 24 21 23 22 26 6 4 27 13 3 2 19 12 14 5 1 28 25 32 
0 24 21 6 4 23 22 26 13 27 3 2 19 12 14 5 1 7 28 25 32 
0 24 21 6 4 27 13 3 2 19 12 14 5 1 7 30 11 28 29 25 26 32 
0 24 21 6 4 27 13 3 19 12 14 2 5 1 7 30 11 28 29 25 23 32 
0 23 21 24 31 25 29 28 11 30 7 1 5 14 12 19 3 26 32 
0 24 29 25 28 11 30 7 1 5 14 12 19 2 3 13 27 4 26 32 
0 23 24 29 25 28 11 30 7 1 5 14 12 19 2 3 13 27 4 32 
0 23 24 29 25 28 11 30 7 31 1 5 14 12 19 2 3 26 22 32 
0 22 26 23 24 21 6 4 27 13 3 19 16 12 2 5 1 28 25 32 
0 23 26 22 31 25 28 10 11 30 7 1 5 2 12 19 3 13 4 32 
0 23 26 22 31 25 28 10 11 30 7 1 5 12 16 19 2 3 32 
0 22 26 23 24 21 6 4 27 13 3 2 19 16 12 5 1 7 28 25 32 
0 24 21 6 4 27 13 3 19 16 12 2 5 1 7 30 28 25 31 32 
0 23 24 21 6 4 26 13 27 3 19 16 12 2 5 1 7 30 28 25 32 
0 24 21 6 4 27 13 3 2 19 16 12 5 1 7 30 28 25 31 22 32 
0 22 26 23 24 21 6 4 27 13 3 19 16 15 14 12 2 5 1 25 32 
0 22 26 23 24 21 6 4 27 13 3 2 19 16 15 14 12 5 1 7 31 32 
0 23 24 21 6 4 26 13 27 3 2 19 16 15 14 12 5 1 7 30 28 25 32 
0 23 26 22 31 25 28 11 30 7 1 5 12 14 15 16 19 2 3 13 32 
0 23 26 22 31 25 28 11 30 7 1 5 2 12 14 15 16 19 3 13 32 
0 24 21 6 4 27 13 3 2 19 16 15 14 12 5 1 7 30 28 25 31 32 
0 23 24 21 6 4 26 13 27 3 19 16 15 14 12 2 5 1 7 28 25 32 
0 24 21 6 4 27 13 3 19 16 15 14 12 2 5 1 7 30 28 25 26 32 
0 23 26 22 31 25 28 11 30 7 1 5 14 15 16 19 12 2 3 13 32 
0 23 24 29 25 28 11 30 7 1 5 2 12 14 15 19 3 26 22 32 
0 23 21 6 4 27 13 3 19 16 15 14 12 2 5 1 7 30 11 10 32 
0 23 21 6 4 27 13 3 2 19 16 15 14 12 5 1 7 30 11 10 31 32 
0 23 21 6 4 27 13 3 2 12 19 16 15 14 5 1 7 30 11 10 32 
0 24 8 9 29 25 28 11 30 7 1 5 12 2 3 13 27 4 26 22 32 
0 24 8 9 29 25 31 28 11 30 7 1 5 12 2 3 26 22 32 
0 23 24 8 9 29 25 31 28 11 30 7 1 5 12 2 3 26 22 32 
0 23 24 8 9 29 25 28 11 30 7 31 1 5 12 2 3 26 22 32 
0 23 24 8 9 29 25 28 11 30 7 1 5 12 2 3 13 27 4 26 32 
0 24 8 9 29 25 28 11 30 7 31 1 5 12 2 3 26 22 32 
0 22 26 23 24 21 6 4 27 13 3 2 19 12 5 1 7 30 28 29 25 31 32 
0 22 26 23 24 21 6 4 27 13 3 19 12 2 5 1 7 30 28 29 25 32 
0 23 26 22 31 25 28 29 10 11 30 7 1 5 12 19 2 3 32 
0 23 24 21 6 4 26 22 13 27 3 2 19 12 5 1 7 30 11 10 32 
0 23 24 21 6 4 26 22 13 27 3 19 12 2 5 1 7 30 11 28 25 31 32 
0 23 26 22 31 25 28 29 10 11 30 7 1 5 2 12 19 3 32 
0 23 26 22 31 25 29 10 28 11 30 7 1 5 2 12 19 3 13 27 4 32 
0 23 26 22 31 25 29 10 28 11 30 7 1 5 12 19 2 3 13 27 4 21 32 
0 24 21 6 4 27 13 3 19 12 2 5 1 7 30 11 10 32 
0 22 26 23 24 21 6 4 27 13 3 19 12 2 5 1 7 30 29 25 32 
0 22 26 23 24 21 6 4 27 13 3 2 19 12 5 1 7 30 29 25 31 32 
0 23 24 21 6 4 26 13 27 3 19 12 2 5 1 7 30 11 28 29 25 32 
0 24 21 6 4 27 13 3 2 19 12 5 1 7 30 11 28 10 32 
0 24 21 6 4 27 13 3 19 12 2 5 1 7 30 11 28 29 25 31 32 
0 23 24 21 6 4 26 13 27 3 19 12 2 5 1 7 30 11 28 25 31 32 
0 23 24 21 6 4 26 13 27 3 2 19 12 5 1 7 30 11 10 32 
0 24 21 6 4 27 13 3 2 19 12 5 1 7 30 11 10 31 32 
0 23 24 21 6 4 27 3 13 26 22 2 19 12 14 5 1 7 30 28 29 25 32 
0 22 23 24 21 6 4 26 13 27 3 2 19 12 14 5 1 7 28 25 32 
0 23 26 22 31 25 29 28 11 30 7 1 5 14 12 19 2 3 13 27 4 21 32 
0 23 21 24 31 25 29 28 11 30 7 1 5 14 12 19 3 26 32 
0 23 26 22 31 25 29 28 11 30 7 1 5 2 14 12 19 3 13 27 4 21 32 
0 23 24 21 6 4 26 13 27 3 19 12 14 2 5 1 7 30 28 29 25 32 
0 23 24 21 6 4 26 13 27 3 2 19 12 14 5 1 7 30 28 29 25 31 32 
0 24 21 6 4 23 22 26 13 27 3 2 19 12 14 5 1 7 28 25 32 
0 24 21 23 22 26 6 4 27 13 3 2 19 12 14 5 1 28 25 32 
0 23 24 21 6 4 26 22 13 27 3 2 19 12 14 5 1 7 30 28 29 25 32 
0 24 21 6 4 27 13 3 2 19 12 14 5 1 7 30 11 28 29 25 26 32 
0 24 21 6 4 27 13 3 19 12 14 2 5 1 7 30 11 28 29 25 23 32 
0 22 26 23 24 21 6 4 27 13 3 19 12 14 2 5 1 7 28 29 25 32 
0 23 24 29 25 28 11 30 7 1 5 14 12 19 2 3 13 27 4 32 
0 23 24 29 25 28 11 30 7 31 1 5 14 12 19 2 3 26 22 32 
0 22 26 23 24 21 6 4 27 13 3 2 19 12 14 5 1 7 28 29 25 32 
0 24 29 25 28 11 30 7 1 5 14 12 19 2 3 13 27 4 26 32 
0 23 26 22 31 25 28 10 11 30 7 1 5 12 16 19 2 3 32 
0 22 26 23 24 21 6 4 27 13 3 19 16 12 2 5 1 28 25 32 
0 23 26 22 31 25 28 10 11 30 7 1 5 2 12 19 3 13 4 32 
0 24 21 6 4 27 13 3 19 16 12 2 5 1 7 30 28 25 31 32 
0 24 21 6 4 27 13 3 2 19 16 12 5 1 7 30 28 25 31 22 32 
0 22 26 23 24 21 6 4 27 13 3 2 19 16 12 5 1 7 28 25 32 
0 23 24 21 6 4 26 13 27 3 19 16 12 2 5 1 7 30 28 25 32 
0 22 26 23 24 21 6 4 27 13 3 2 19 16 15 14 12 5 1 7 31 32 
0 23 26 22 31 25 28 11 30 7 1 5 12 14 15 16 19 2 3 13 32 
0 23 24 21 6 4 26 13 27 3 2 19 16 15 14 12 5 1 7 30 28 25 32 
0 22 26 23 24 21 6 4 27 13 3 19 16 15 14 12 2 5 1 25 32 
0 24 21 6 4 27 13 3 2 19 16 15 14 12 5 1 7 30 28 25 31 32 
0 23 26 22 31 25 28 11 30 7 1 5 2 12 14 15 16 19 3 13 32 
0 23 24 21 6 4 26 13 27 3 19 16 15 14 12 2 5 1 7 28 25 32 
0 23 26 22 31 25 28 11 30 7 1 5 14 15 16 19 12 2 3 13 32 
0 24 21 6 4 27 13 3 19 16 15 14 12 2 5 1 7 30 28 25 26 32 
0 23 24 29 25 28 11 30 7 1 5 2 12 14 15 19 3 26 22 32 
