n 66
m 1
tmax 7
-0.500	0.000	0  0.0
-7.000	-7.000	35  35.0
-7.000	-5.000	35  35.0
-7.000	-3.000	35  25.0
-7.000	-1.000	35  35.0
-7.000	1.000	35  15.0
-7.000	3.000	35  35.0
-7.000	5.000	35  25.0
-7.000	7.000	35  35.0
-5.000	-7.000	35  15.0
-5.000	-5.000	25  35.0
-5.000	-3.000	25  25.0
-5.000	-1.000	25  25.0
-5.000	1.000	25  25.0
-5.000	3.000	25  35.0
-5.000	5.000	25  35.0
-5.000	7.000	35  5.0
-3.000	-7.000	35  25.0
-3.000	-5.000	25  35.0
-3.000	-3.000	15  35.0
-3.000	-1.000	15  25.0
-3.000	1.000	15  25.0
-3.000	3.000	15  35.0
-3.000	5.000	25  15.0
-3.000	7.000	35  35.0
-1.000	-7.000	35  25.0
-1.000	-5.000	25  15.0
-1.000	-3.000	15  35.0
-1.000	-1.000	5  25.0
-1.000	1.000	5  15.0
-1.000	3.000	15  35.0
-1.000	5.000	25  35.0
-1.000	7.000	35  15.0
1.000	-7.000	35  5.0
1.000	-5.000	25  5.0
1.000	-3.000	15  25.0
1.000	-1.000	5  35.0
1.000	1.000	5  25.0
1.000	3.000	15  35.0
1.000	5.000	25  15.0
1.000	7.000	35  25.0
3.000	-7.000	35  35.0
3.000	-5.000	25  25.0
3.000	-3.000	15  25.0
3.000	-1.000	15  15.0
3.000	1.000	15  15.0
3.000	3.000	15  35.0
3.000	5.000	25  25.0
3.000	7.000	35  35.0
5.000	-7.000	35  35.0
5.000	-5.000	25  15.0
5.000	-3.000	25  35.0
5.000	-1.000	25  15.0
5.000	1.000	25  25.0
5.000	3.000	25  35.0
5.000	5.000	25  15.0
5.000	7.000	35  35.0
7.000	-7.000	35  35.0
7.000	-5.000	35  25.0
7.000	-3.000	35  35.0
7.000	-1.000	35  5.0
7.000	1.000	35  35.0
7.000	3.000	35  25.0
7.000	5.000	35  35.0
7.000	7.000	35  25.0
0.500	0.000	0  0.0
