570
1147.0 1047.0 
1170.0 1041.0 
1170.0 1041.0 
1170.0 1041.0 
1198.0 1037.0 
1373.0 999.0 
1414.0 989.0 
1305.0 1035.0 
1215.0 1049.0 
1237.0 1029.0 
1130.0 765.0 
1373.0 999.0 
1170.0 1041.0 
1170.0 1041.0 
1170.0 1041.0 
1170.0 1041.0 
1193.0 1039.0 
1393.0 854.0 
1393.0 854.0 
1160.0 708.0 
1160.0 708.0 
1305.0 1035.0 
1373.0 999.0 
1091.0 1059.0 
1115.0 1051.0 
1170.0 1041.0 
1170.0 1041.0 
1170.0 1041.0 
1170.0 1041.0 
1305.0 1035.0 
1198.0 1037.0 
1427.0 999.0 
1310.0 1011.0 
1079.0 1045.0 
1170.0 1041.0 
1170.0 1041.0 
1170.0 1041.0 
1193.0 1039.0 
1198.0 1037.0 
1373.0 999.0 
1414.0 989.0 
1305.0 1035.0 
1170.0 1041.0 
1170.0 1041.0 
1170.0 1041.0 
1170.0 1041.0 
1198.0 1037.0 
1237.0 1029.0 
1237.0 1029.0 
1373.0 999.0 
1130.0 765.0 
1334.0 968.0 
1334.0 968.0 
1334.0 968.0 
1347.0 873.0 
1347.0 873.0 
1347.0 873.0 
1347.0 873.0 
1268.0 969.0 
1237.0 1029.0 
1393.0 865.0 
1215.0 1049.0 
1170.0 1041.0 
1170.0 1041.0 
1170.0 1041.0 
1237.0 1029.0 
1237.0 1029.0 
1393.0 854.0 
1393.0 854.0 
1393.0 854.0 
1160.0 708.0 
1348.0 995.0 
1368.0 973.0 
1373.0 960.0 
1147.0 1047.0 
1170.0 1041.0 
1170.0 1041.0 
1198.0 1037.0 
1427.0 999.0 
1310.0 1011.0 
1305.0 1035.0 
1170.0 1041.0 
1170.0 1041.0 
1193.0 1039.0 
1306.0 827.0 
1393.0 854.0 
1160.0 708.0 
1393.0 854.0 
1393.0 854.0 
1393.0 854.0 
1305.0 1035.0 
1373.0 999.0 
1091.0 1059.0 
1115.0 1051.0 
1147.0 1047.0 
1147.0 1047.0 
1147.0 1047.0 
1147.0 1047.0 
1147.0 1047.0 
1147.0 1047.0 
1147.0 1047.0 
1147.0 1047.0 
1170.0 1041.0 
1170.0 1041.0 
1170.0 1041.0 
1170.0 1041.0 
1170.0 1041.0 
1170.0 1041.0 
1170.0 1041.0 
1170.0 1041.0 
1198.0 1037.0 
1198.0 1037.0 
1198.0 1037.0 
1198.0 1037.0 
1207.0 1036.0 
1207.0 1036.0 
1207.0 1036.0 
1207.0 1036.0 
1305.0 1035.0 
1305.0 1035.0 
1305.0 1035.0 
1305.0 1035.0 
1305.0 1035.0 
1305.0 1035.0 
1305.0 1035.0 
1305.0 1035.0 
1305.0 1035.0 
1305.0 1035.0 
1314.0 1026.0 
1427.0 999.0 
1427.0 999.0 
1427.0 999.0 
1427.0 999.0 
1427.0 999.0 
1427.0 999.0 
1427.0 999.0 
1427.0 999.0 
1146.0 787.0 
1427.0 999.0 
1427.0 999.0 
1427.0 999.0 
1427.0 999.0 
1427.0 999.0 
1427.0 999.0 
1427.0 999.0 
1012.0 1066.0 
1036.0 1058.0 
1115.0 1051.0 
1147.0 1047.0 
1147.0 1047.0 
1147.0 1047.0 
1147.0 1047.0 
1147.0 1047.0 
1147.0 1047.0 
1147.0 1047.0 
1147.0 1047.0 
1170.0 1041.0 
1170.0 1041.0 
1170.0 1041.0 
1170.0 1041.0 
1170.0 1041.0 
1170.0 1041.0 
1170.0 1041.0 
1170.0 1041.0 
1198.0 1037.0 
1198.0 1037.0 
1198.0 1037.0 
1198.0 1037.0 
1305.0 1035.0 
1305.0 1035.0 
1305.0 1035.0 
1305.0 1035.0 
1305.0 1035.0 
1305.0 1035.0 
1305.0 1035.0 
1305.0 1035.0 
1305.0 1035.0 
1305.0 1035.0 
1305.0 1035.0 
1310.0 1011.0 
1427.0 999.0 
1427.0 999.0 
1427.0 999.0 
1427.0 999.0 
1427.0 999.0 
1427.0 999.0 
1427.0 999.0 
1427.0 999.0 
1427.0 999.0 
1427.0 999.0 
1427.0 999.0 
1146.0 787.0 
1427.0 999.0 
1427.0 999.0 
1427.0 999.0 
1037.0 1066.0 
1056.0 1051.0 
1147.0 1047.0 
1147.0 1047.0 
1147.0 1047.0 
1147.0 1047.0 
1147.0 1047.0 
1147.0 1047.0 
1147.0 1047.0 
1147.0 1047.0 
1170.0 1041.0 
1170.0 1041.0 
1170.0 1041.0 
1170.0 1041.0 
1170.0 1041.0 
1170.0 1041.0 
1170.0 1041.0 
1170.0 1041.0 
1198.0 1037.0 
1198.0 1037.0 
1198.0 1037.0 
1198.0 1037.0 
1305.0 1035.0 
1305.0 1035.0 
1305.0 1035.0 
1305.0 1035.0 
1305.0 1035.0 
1305.0 1035.0 
1305.0 1035.0 
1305.0 1035.0 
1427.0 999.0 
1427.0 999.0 
1146.0 787.0 
1427.0 999.0 
1427.0 999.0 
1427.0 999.0 
1427.0 999.0 
1427.0 999.0 
1427.0 999.0 
1427.0 999.0 
1427.0 999.0 
1427.0 999.0 
1427.0 999.0 
1427.0 999.0 
1427.0 999.0 
1193.0 1039.0 
1310.0 1011.0 
1013.0 1074.0 
1037.0 1066.0 
1037.0 1066.0 
1147.0 1047.0 
1147.0 1047.0 
1147.0 1047.0 
1147.0 1047.0 
1147.0 1047.0 
1147.0 1047.0 
1147.0 1047.0 
1147.0 1047.0 
1170.0 1041.0 
1170.0 1041.0 
1170.0 1041.0 
1170.0 1041.0 
1170.0 1041.0 
1170.0 1041.0 
1170.0 1041.0 
1170.0 1041.0 
1193.0 1039.0 
1198.0 1037.0 
1198.0 1037.0 
1198.0 1037.0 
1198.0 1037.0 
1305.0 1035.0 
1305.0 1035.0 
1305.0 1035.0 
1305.0 1035.0 
1305.0 1035.0 
1305.0 1035.0 
1305.0 1035.0 
1305.0 1035.0 
1305.0 1035.0 
1305.0 1035.0 
1305.0 1035.0 
1305.0 1035.0 
1305.0 1035.0 
1305.0 1035.0 
1305.0 1035.0 
1314.0 1026.0 
1314.0 1026.0 
1314.0 1026.0 
1314.0 1026.0 
1368.0 1017.0 
1427.0 999.0 
1146.0 787.0 
1427.0 999.0 
1427.0 999.0 
1427.0 999.0 
1427.0 999.0 
1427.0 999.0 
1427.0 999.0 
1427.0 999.0 
1427.0 999.0 
1427.0 999.0 
1427.0 999.0 
1427.0 999.0 
1427.0 999.0 
1427.0 999.0 
1427.0 999.0 
1091.0 1059.0 
1147.0 1047.0 
1147.0 1047.0 
1147.0 1047.0 
1147.0 1047.0 
1147.0 1047.0 
1147.0 1047.0 
1147.0 1047.0 
1147.0 1047.0 
1170.0 1041.0 
1170.0 1041.0 
1170.0 1041.0 
1170.0 1041.0 
1170.0 1041.0 
1170.0 1041.0 
1170.0 1041.0 
1170.0 1041.0 
1198.0 1037.0 
1198.0 1037.0 
1198.0 1037.0 
1198.0 1037.0 
1305.0 1035.0 
1305.0 1035.0 
1305.0 1035.0 
1305.0 1035.0 
1305.0 1035.0 
1305.0 1035.0 
1305.0 1035.0 
1305.0 1035.0 
1305.0 1035.0 
1305.0 1035.0 
1305.0 1035.0 
1314.0 1026.0 
1314.0 1026.0 
1427.0 999.0 
1427.0 999.0 
1427.0 999.0 
1427.0 999.0 
1427.0 999.0 
1427.0 999.0 
1427.0 999.0 
1146.0 787.0 
1427.0 999.0 
1427.0 999.0 
1427.0 999.0 
1427.0 999.0 
1427.0 999.0 
1427.0 999.0 
1427.0 999.0 
1427.0 999.0 
1013.0 1074.0 
1037.0 1068.0 
1091.0 1059.0 
1115.0 1051.0 
1115.0 1051.0 
1215.0 1049.0 
1215.0 1049.0 
1215.0 1049.0 
1215.0 1049.0 
1305.0 1035.0 
1305.0 1035.0 
1305.0 1035.0 
1305.0 1035.0 
1305.0 1035.0 
1305.0 1035.0 
1305.0 1035.0 
1305.0 1035.0 
1305.0 1035.0 
1305.0 1035.0 
1305.0 1035.0 
1305.0 1035.0 
1305.0 1035.0 
1314.0 1026.0 
1314.0 1026.0 
1314.0 1026.0 
1314.0 1026.0 
1368.0 1017.0 
1427.0 999.0 
1427.0 999.0 
1427.0 999.0 
1427.0 999.0 
1427.0 999.0 
1427.0 999.0 
1427.0 999.0 
1427.0 999.0 
1146.0 787.0 
1427.0 999.0 
1427.0 999.0 
1427.0 999.0 
1427.0 999.0 
1427.0 999.0 
1427.0 999.0 
1427.0 999.0 
1012.0 1066.0 
1091.0 1059.0 
1147.0 1047.0 
1147.0 1047.0 
1147.0 1047.0 
1147.0 1047.0 
1147.0 1047.0 
1147.0 1047.0 
1147.0 1047.0 
1147.0 1047.0 
1170.0 1041.0 
1170.0 1041.0 
1170.0 1041.0 
1170.0 1041.0 
1170.0 1041.0 
1170.0 1041.0 
1170.0 1041.0 
1170.0 1041.0 
1198.0 1037.0 
1198.0 1037.0 
1198.0 1037.0 
1198.0 1037.0 
1305.0 1035.0 
1305.0 1035.0 
1305.0 1035.0 
1305.0 1035.0 
1305.0 1035.0 
1305.0 1035.0 
1305.0 1035.0 
1305.0 1035.0 
1305.0 1035.0 
1305.0 1035.0 
1305.0 1035.0 
1305.0 1035.0 
1305.0 1035.0 
1314.0 1026.0 
1314.0 1026.0 
1314.0 1026.0 
1314.0 1026.0 
1314.0 1026.0 
1368.0 1017.0 
1368.0 1017.0 
1427.0 999.0 
1427.0 999.0 
1427.0 999.0 
1427.0 999.0 
1427.0 999.0 
1427.0 999.0 
1427.0 999.0 
1427.0 999.0 
1427.0 999.0 
1427.0 999.0 
1427.0 999.0 
1427.0 999.0 
1427.0 999.0 
1427.0 999.0 
1427.0 999.0 
1146.0 787.0 
1012.0 1066.0 
1036.0 1058.0 
1147.0 1047.0 
1147.0 1047.0 
1147.0 1047.0 
1147.0 1047.0 
1147.0 1047.0 
1147.0 1047.0 
1147.0 1047.0 
1198.0 1037.0 
1198.0 1037.0 
1198.0 1037.0 
1207.0 1036.0 
1207.0 1036.0 
1207.0 1036.0 
1207.0 1036.0 
1305.0 1035.0 
1305.0 1035.0 
1305.0 1035.0 
1305.0 1035.0 
1305.0 1035.0 
1305.0 1035.0 
1305.0 1035.0 
1427.0 999.0 
1146.0 787.0 
1427.0 999.0 
1427.0 999.0 
1427.0 999.0 
1427.0 999.0 
1427.0 999.0 
1427.0 999.0 
1427.0 999.0 
1427.0 999.0 
1427.0 999.0 
1427.0 999.0 
1102.0 964.0 
1012.0 1066.0 
1091.0 1059.0 
1091.0 1059.0 
1115.0 1051.0 
1115.0 1051.0 
1215.0 1049.0 
1215.0 1049.0 
1215.0 1049.0 
1215.0 1049.0 
1305.0 1035.0 
1305.0 1035.0 
1305.0 1035.0 
1305.0 1035.0 
1305.0 1035.0 
1305.0 1035.0 
1305.0 1035.0 
1305.0 1035.0 
1305.0 1035.0 
1305.0 1035.0 
1305.0 1035.0 
1305.0 1035.0 
1305.0 1035.0 
1314.0 1026.0 
1427.0 999.0 
1427.0 999.0 
1427.0 999.0 
1427.0 999.0 
1427.0 999.0 
1427.0 999.0 
1427.0 999.0 
1427.0 999.0 
1427.0 999.0 
1427.0 999.0 
1427.0 999.0 
1427.0 999.0 
1146.0 787.0 
1427.0 999.0 
1427.0 999.0 
1427.0 999.0 
1091.0 1059.0 
1147.0 1047.0 
1147.0 1047.0 
1147.0 1047.0 
1147.0 1047.0 
1147.0 1047.0 
1147.0 1047.0 
1147.0 1047.0 
1170.0 1041.0 
1170.0 1041.0 
1170.0 1041.0 
1170.0 1041.0 
1170.0 1041.0 
1170.0 1041.0 
1170.0 1041.0 
1170.0 1041.0 
1198.0 1037.0 
1198.0 1037.0 
1198.0 1037.0 
1305.0 1035.0 
1305.0 1035.0 
1305.0 1035.0 
1305.0 1035.0 
1305.0 1035.0 
1305.0 1035.0 
1305.0 1035.0 
1305.0 1035.0 
1427.0 999.0 
1427.0 999.0 
1427.0 999.0 
1427.0 999.0 
1427.0 999.0 
1427.0 999.0 
1427.0 999.0 
1146.0 787.0 
1427.0 999.0 
1427.0 999.0 
1427.0 999.0 
1427.0 999.0 
1427.0 999.0 
1427.0 999.0 
1310.0 1011.0 

559 413 155 488 334 34 55 124 83 335 332 253 32 513 424 164 419 138 160 420 418 559 
559 418 421 46 155 488 334 34 124 55 83 335 253 332 32 513 422 424 164 138 160 420 559 
559 418 421 46 155 488 334 34 124 55 83 335 332 253 32 513 422 424 164 138 160 420 559 
559 421 46 155 488 334 34 55 124 83 335 253 332 32 513 422 424 164 138 160 420 418 559 
559 421 413 155 488 334 34 55 124 83 335 332 253 32 513 422 424 164 138 160 420 418 559 
559 418 413 488 334 34 124 55 83 335 332 253 329 32 513 111 20 1 417 422 424 164 138 160 420 559 
559 418 413 488 334 34 124 55 83 335 519 332 253 32 513 20 111 417 422 424 164 138 160 420 559 
559 418 413 155 488 334 34 124 55 83 335 332 253 32 513 1 111 20 424 164 138 160 420 559 
559 418 413 155 488 334 34 55 124 83 335 332 253 328 32 513 422 424 164 138 160 420 559 
559 418 160 420 138 164 424 422 513 32 253 332 519 335 83 124 55 34 334 488 155 413 559 
559 418 413 488 334 34 124 55 83 335 519 332 32 513 111 20 1 417 422 424 559 
559 418 413 488 334 34 55 124 83 335 332 253 329 32 513 111 20 1 417 422 424 164 138 160 420 559 
559 418 421 46 155 488 334 34 124 55 83 335 253 332 32 513 422 424 164 138 160 420 559 
559 418 421 46 155 488 334 34 124 55 83 335 332 253 32 513 422 424 164 138 160 420 559 
559 421 46 155 488 334 34 124 55 83 335 332 253 32 513 422 424 164 138 160 420 418 559 
559 418 421 46 155 488 334 34 55 124 83 335 332 253 32 513 422 424 164 138 160 420 559 
559 418 413 155 412 488 334 34 124 55 83 335 332 253 32 513 424 164 138 160 420 559 
559 418 420 424 164 138 160 46 442 444 412 155 334 488 339 32 513 111 20 1 417 422 559 
559 418 420 46 442 444 412 155 334 488 339 32 513 111 20 1 417 422 424 164 138 160 559 
559 418 420 46 442 444 412 155 488 334 339 32 513 111 20 1 417 422 424 559 
559 418 420 46 442 444 412 155 488 334 339 32 513 1 20 111 417 422 424 559 
559 418 413 155 488 334 34 55 124 83 335 332 253 32 513 1 111 20 424 164 138 160 420 559 
559 418 413 488 334 34 55 124 83 335 332 253 329 32 513 111 20 1 417 422 424 164 138 160 420 559 
559 413 155 488 34 55 124 83 335 332 32 513 422 424 164 419 138 160 420 418 559 
559 413 155 488 334 34 55 124 83 332 32 513 422 424 164 419 138 160 420 418 559 
559 418 421 46 155 488 334 34 55 124 83 335 332 253 32 513 422 424 164 138 160 420 559 
559 418 421 46 155 488 334 34 124 55 83 335 332 253 32 513 422 424 164 138 160 420 559 
559 418 421 46 155 488 334 34 55 124 83 335 253 332 32 513 422 424 164 138 160 420 559 
559 418 421 46 155 488 334 34 124 55 83 335 253 332 32 513 422 424 164 138 160 420 559 
559 418 413 155 488 334 34 55 124 83 335 332 253 32 513 1 111 20 424 164 138 160 420 559 
559 421 413 155 488 334 34 124 55 83 335 253 332 32 513 422 424 164 138 160 420 418 559 
559 413 488 334 34 55 124 83 335 519 332 253 32 513 1 111 20 417 422 424 164 138 160 420 418 559 
559 413 155 488 334 34 124 55 83 335 332 253 32 513 1 111 417 424 164 138 160 420 418 559 
559 418 421 46 155 412 34 124 55 83 335 332 253 32 513 422 424 164 138 160 420 559 
559 418 421 46 155 488 334 34 124 55 83 335 253 332 32 513 422 424 164 138 160 420 559 
559 418 421 46 155 488 334 34 124 55 83 335 332 253 32 513 422 424 164 138 160 420 559 
559 418 421 46 155 488 334 34 55 124 83 335 332 253 32 513 422 424 164 138 160 420 559 
559 418 413 155 412 488 334 34 124 55 83 335 332 253 32 513 424 164 138 160 420 559 
559 421 413 155 488 334 34 124 55 83 335 332 253 32 513 422 424 164 138 160 420 418 559 
559 418 413 488 334 34 124 55 83 335 332 253 329 32 513 111 20 1 417 422 424 164 138 160 420 559 
559 418 413 488 334 34 124 55 83 335 519 332 253 32 513 20 111 417 422 424 164 138 160 420 559 
559 418 413 155 488 334 34 124 55 83 335 332 253 32 513 1 111 20 424 164 138 160 420 559 
559 418 421 46 155 488 334 34 124 55 83 335 332 253 32 513 422 424 164 138 160 420 559 
559 418 421 46 155 488 334 34 55 124 83 335 332 253 32 513 422 424 164 138 160 420 559 
559 418 421 46 155 488 334 34 55 124 83 335 253 332 32 513 422 424 164 138 160 420 559 
559 418 421 46 155 488 334 34 124 55 83 335 253 332 32 513 422 424 164 138 160 420 559 
559 421 413 155 488 334 34 55 124 83 335 332 253 32 513 422 424 164 138 160 420 418 559 
559 418 160 420 138 164 424 422 513 32 253 332 519 335 83 55 124 34 334 488 155 413 559 
559 418 413 155 488 334 34 124 55 83 335 519 332 253 32 513 422 424 164 138 160 420 559 
559 418 413 488 334 34 124 55 83 335 332 253 329 32 513 111 20 1 417 422 424 164 138 160 420 559 
559 418 413 488 334 34 124 55 83 335 519 332 32 513 111 20 1 417 422 424 559 
559 418 421 413 488 334 34 55 124 83 335 253 332 32 513 1 20 111 417 424 164 138 160 420 559 
559 418 421 413 488 334 34 124 55 83 335 253 332 32 513 1 20 111 417 424 164 138 160 420 559 
559 418 421 413 488 334 34 124 55 83 335 332 253 32 513 1 20 111 417 424 164 138 160 420 559 
559 418 419 46 442 444 155 488 334 339 329 32 513 1 20 111 417 422 424 164 138 160 420 559 
559 418 419 46 442 444 155 334 488 339 329 32 513 111 20 1 417 422 424 164 138 160 420 559 
559 418 419 46 442 444 155 334 488 339 329 32 513 1 111 20 417 422 424 164 138 160 420 559 
559 418 419 46 442 444 155 334 488 339 329 32 513 1 20 111 417 422 424 164 138 160 420 559 
559 418 413 339 488 334 34 124 55 83 335 519 332 253 32 513 422 424 164 138 160 420 559 
559 418 413 155 488 334 34 55 124 83 335 519 253 332 32 513 422 424 164 138 160 420 559 
559 418 46 442 444 412 155 334 488 339 329 32 513 1 20 111 417 422 424 164 138 160 420 559 
559 418 413 155 488 334 34 55 124 83 335 332 253 328 32 513 422 424 164 138 160 420 559 
559 418 421 46 155 488 334 34 55 124 83 335 332 253 32 513 422 424 164 138 160 420 559 
559 418 421 46 155 488 334 34 124 55 83 335 332 253 32 513 422 424 164 138 160 420 559 
559 418 421 46 155 488 334 34 124 55 83 335 253 332 32 513 422 424 164 138 160 420 559 
559 418 160 420 138 164 424 422 513 32 253 332 519 335 83 124 55 34 334 488 155 413 559 
559 418 160 420 138 164 424 422 513 32 253 332 519 335 83 55 124 34 334 488 155 413 559 
559 418 420 424 164 138 160 46 442 444 412 155 488 334 339 32 513 111 20 1 417 422 559 
559 418 420 424 164 138 160 46 442 444 412 155 334 488 339 32 513 111 20 1 417 422 559 
559 418 420 46 442 444 412 155 334 488 339 32 513 111 20 1 417 422 424 164 138 160 559 
559 418 420 46 442 444 412 155 488 334 339 32 513 111 20 1 417 422 424 559 
559 418 413 488 334 34 124 55 83 335 519 332 253 32 513 20 111 1 422 424 164 138 160 420 559 
559 420 418 413 339 34 55 124 83 335 519 253 332 32 513 1 20 111 417 422 424 164 138 160 559 
559 420 418 413 488 334 34 55 124 83 335 519 253 332 32 513 1 20 111 417 424 164 138 160 559 
559 413 155 488 334 34 124 55 83 335 332 253 32 513 424 164 419 138 160 420 418 559 
559 418 421 46 155 488 334 34 124 55 83 335 253 332 32 513 422 424 164 138 160 420 559 
559 418 421 46 155 488 334 34 124 55 83 335 332 253 32 513 422 424 164 138 160 420 559 
559 421 413 155 488 334 34 124 55 83 335 332 253 32 513 422 424 164 138 160 420 418 559 
559 413 488 334 34 124 55 83 335 519 332 253 32 513 20 111 1 417 422 424 164 138 160 420 418 559 
559 413 155 488 334 34 124 55 83 335 332 253 32 513 1 111 417 424 164 138 160 420 418 559 
559 413 155 488 334 34 124 55 83 335 332 253 32 513 1 20 111 424 164 138 160 420 418 559 
559 418 421 46 155 488 334 34 124 55 83 335 253 332 32 513 422 424 164 138 160 420 559 
559 418 421 46 155 488 334 34 124 55 83 335 332 253 32 513 422 424 164 138 160 420 559 
559 418 413 155 412 488 334 34 55 124 83 335 253 332 32 513 424 164 138 160 420 559 
559 418 424 164 138 160 420 46 442 444 412 155 488 334 339 329 32 513 111 417 422 559 
559 418 420 46 442 444 412 155 334 488 339 32 513 111 20 1 417 422 424 164 138 160 559 
559 418 420 46 442 444 412 155 488 334 339 32 513 1 20 111 417 422 424 559 
559 418 420 424 164 138 160 46 442 444 412 155 334 488 339 32 513 111 20 1 417 422 559 
559 418 424 164 138 160 420 46 442 444 412 155 488 334 339 32 513 111 20 1 417 422 559 
559 418 420 424 164 138 160 46 442 444 412 155 334 488 339 32 513 20 111 1 417 422 559 
559 418 413 155 488 334 34 124 55 83 335 332 253 32 513 1 111 20 424 164 138 160 420 559 
559 418 413 488 334 34 124 55 83 335 332 253 329 32 513 111 20 1 417 422 424 164 138 160 420 559 
559 418 413 155 488 34 55 124 83 335 332 32 513 422 424 164 419 138 160 420 559 
559 418 413 155 488 334 34 55 124 83 332 32 513 422 424 164 419 138 160 420 559 
559 418 413 155 488 334 34 124 55 83 335 253 332 32 513 424 164 419 138 160 420 559 
559 418 413 155 488 334 34 55 124 83 335 253 332 32 513 424 164 419 138 160 420 559 
559 418 413 155 488 334 34 55 124 83 335 332 253 32 513 424 164 419 138 160 420 559 
559 413 155 488 334 34 55 124 83 335 332 253 32 513 424 164 419 138 160 420 418 559 
559 413 155 488 334 34 124 55 83 335 253 332 32 513 424 164 419 138 160 420 418 559 
559 413 155 488 334 34 55 124 83 335 253 332 32 513 424 164 419 138 160 420 418 559 
559 413 155 488 334 34 124 55 83 335 332 253 32 513 424 164 419 138 160 420 418 559 
559 418 413 155 488 334 34 124 55 83 335 332 253 32 513 424 164 419 138 160 420 559 
559 418 421 46 155 488 334 34 55 124 83 335 332 253 32 513 422 424 164 138 160 420 559 
559 418 421 46 155 488 334 34 55 124 83 335 253 332 32 513 422 424 164 138 160 420 559 
559 418 421 46 155 488 334 34 124 55 83 335 332 253 32 513 422 424 164 138 160 420 559 
559 418 421 46 155 488 334 34 124 55 83 335 253 332 32 513 422 424 164 138 160 420 559 
559 421 46 155 488 334 34 55 124 83 335 332 253 32 513 422 424 164 138 160 420 418 559 
559 421 46 155 488 334 34 124 55 83 335 332 253 32 513 422 424 164 138 160 420 418 559 
559 421 46 155 488 334 34 124 55 83 335 253 332 32 513 422 424 164 138 160 420 418 559 
559 421 46 155 488 334 34 55 124 83 335 253 332 32 513 422 424 164 138 160 420 418 559 
559 421 413 155 488 334 34 55 124 83 335 332 253 32 513 422 424 164 138 160 420 418 559 
559 421 413 155 488 334 34 124 55 83 335 332 253 32 513 422 424 164 138 160 420 418 559 
559 421 413 155 488 334 34 55 124 83 335 253 332 32 513 422 424 164 138 160 420 418 559 
559 421 413 155 488 334 34 124 55 83 335 253 332 32 513 422 424 164 138 160 420 418 559 
559 160 420 138 164 424 422 513 32 253 332 33 0 74 83 124 55 34 334 488 413 418 559 
559 160 420 138 164 424 422 513 32 253 332 33 0 74 83 55 124 34 334 488 413 418 559 
559 418 160 420 138 164 424 422 513 32 253 332 33 0 74 83 55 124 34 334 488 413 559 
559 418 160 420 138 164 424 422 513 32 253 332 33 0 74 83 124 55 34 334 488 413 559 
559 413 155 488 334 34 124 55 83 335 253 332 32 513 1 20 111 424 164 138 160 420 418 559 
559 413 155 488 334 34 55 124 83 335 253 332 32 513 1 20 111 424 164 138 160 420 418 559 
559 413 155 488 334 34 55 124 83 335 253 332 32 513 1 111 20 424 164 138 160 420 418 559 
559 418 413 155 488 334 34 55 124 83 335 332 253 32 513 1 111 20 424 164 138 160 420 559 
559 418 413 155 488 334 34 55 124 83 335 253 332 32 513 1 111 20 424 164 138 160 420 559 
559 418 413 155 488 334 34 124 55 83 335 332 253 32 513 1 111 20 424 164 138 160 420 559 
559 418 413 155 488 334 34 124 55 83 335 332 253 32 513 1 20 111 424 164 138 160 420 559 
559 418 413 155 488 334 34 124 55 83 335 253 332 32 513 1 20 111 424 164 138 160 420 559 
559 418 413 155 488 334 34 55 124 83 335 253 332 32 513 1 20 111 424 164 138 160 420 559 
559 418 413 155 488 334 34 55 124 83 335 332 253 32 513 1 20 111 424 164 138 160 420 559 
559 413 155 488 334 34 55 124 83 253 332 32 513 20 111 1 417 424 164 138 160 420 418 559 
559 413 488 334 34 55 124 83 335 519 332 253 32 513 111 20 1 417 422 424 164 138 160 420 418 559 
559 413 488 334 34 124 55 83 335 519 332 253 32 513 1 20 111 417 422 424 164 138 160 420 418 559 
559 413 488 334 34 124 55 83 335 519 253 332 32 513 111 20 1 417 422 424 164 138 160 420 418 559 
559 413 488 334 34 124 55 83 335 519 332 253 32 513 111 20 1 417 422 424 164 138 160 420 418 559 
559 413 488 334 34 124 55 83 335 519 332 253 32 513 1 111 20 417 422 424 164 138 160 420 418 559 
559 413 488 334 34 124 55 83 335 519 332 253 32 513 20 111 1 417 422 424 164 138 160 420 418 559 
559 413 488 334 34 124 55 83 335 519 253 332 32 513 20 111 1 417 422 424 164 138 160 420 418 559 
559 413 488 334 34 55 124 83 335 519 332 253 32 513 20 111 1 417 422 424 164 138 160 420 418 559 
559 413 488 334 34 55 124 83 335 519 253 332 32 513 20 111 1 417 422 424 418 559 
559 413 488 334 34 55 124 83 335 519 253 332 32 513 111 20 1 417 422 424 164 138 160 420 418 559 
559 413 488 334 34 55 124 83 335 519 253 332 32 513 1 111 20 417 422 424 164 138 160 420 418 559 
559 413 488 334 34 124 55 83 335 519 253 332 32 513 1 111 20 417 422 424 164 138 160 420 418 559 
559 413 488 334 34 55 124 83 335 519 332 253 32 513 1 111 20 417 422 424 164 138 160 420 418 559 
559 413 488 334 34 55 124 83 335 519 332 253 32 513 1 20 111 417 422 424 164 138 160 420 418 559 
559 413 488 334 34 55 124 83 335 519 253 332 32 513 1 20 111 417 422 424 164 138 160 420 418 559 
559 413 488 334 34 124 55 83 335 519 253 332 32 513 1 20 111 417 422 424 164 138 160 420 418 559 
559 413 155 488 34 55 124 83 335 253 332 32 422 424 164 419 138 160 420 418 559 
559 413 155 488 334 34 55 124 83 253 332 32 422 424 164 419 138 160 420 418 559 
559 418 413 155 488 334 34 55 124 83 332 32 513 422 424 164 419 138 160 420 559 
559 413 155 488 334 34 124 55 83 335 332 253 32 513 424 164 419 138 160 420 418 559 
559 418 413 155 488 334 34 124 55 83 335 253 332 32 513 424 164 419 138 160 420 559 
559 418 413 155 488 334 34 124 55 83 335 332 253 32 513 424 164 419 138 160 420 559 
559 418 413 155 488 334 34 55 124 83 335 332 253 32 513 424 164 419 138 160 420 559 
559 418 413 155 488 334 34 55 124 83 335 253 332 32 513 424 164 419 138 160 420 559 
559 413 155 488 334 34 55 124 83 335 332 253 32 513 424 164 419 138 160 420 418 559 
559 413 155 488 334 34 55 124 83 335 253 332 32 513 424 164 419 138 160 420 418 559 
559 413 155 488 334 34 124 55 83 335 253 332 32 513 424 164 419 138 160 420 418 559 
559 421 46 155 488 334 34 124 55 83 335 253 332 32 513 422 424 164 138 160 420 418 559 
559 421 46 155 488 334 34 124 55 83 335 332 253 32 513 422 424 164 138 160 420 418 559 
559 421 46 155 488 334 34 55 124 83 335 332 253 32 513 422 424 164 138 160 420 418 559 
559 421 46 155 488 334 34 55 124 83 335 253 332 32 513 422 424 164 138 160 420 418 559 
559 418 421 46 155 488 334 34 55 124 83 335 332 253 32 513 422 424 164 138 160 420 559 
559 418 421 46 155 488 334 34 124 55 83 335 332 253 32 513 422 424 164 138 160 420 559 
559 418 421 46 155 488 334 34 124 55 83 335 253 332 32 513 422 424 164 138 160 420 559 
559 418 421 46 155 488 334 34 55 124 83 335 253 332 32 513 422 424 164 138 160 420 559 
559 421 413 155 488 334 34 124 55 83 335 253 332 32 513 422 424 164 138 160 420 418 559 
559 421 413 155 488 334 34 124 55 83 335 332 253 32 513 422 424 164 138 160 420 418 559 
559 421 413 155 488 334 34 55 124 83 335 332 253 32 513 422 424 164 138 160 420 418 559 
559 421 413 155 488 334 34 55 124 83 335 253 332 32 513 422 424 164 138 160 420 418 559 
559 413 155 488 334 34 55 124 83 335 332 253 32 513 1 20 111 424 164 138 160 420 418 559 
559 418 413 155 488 334 34 55 124 83 335 332 253 32 513 1 20 111 424 164 138 160 420 559 
559 418 413 155 488 334 34 55 124 83 335 253 332 32 513 1 20 111 424 164 138 160 420 559 
559 418 413 155 488 334 34 124 55 83 335 253 332 32 513 1 20 111 424 164 138 160 420 559 
559 418 413 155 488 334 34 124 55 83 335 332 253 32 513 1 20 111 424 164 138 160 420 559 
559 418 413 155 488 334 34 124 55 83 335 332 253 32 513 1 111 20 424 164 138 160 420 559 
559 418 413 155 488 334 34 55 124 83 335 332 253 32 513 1 111 20 424 164 138 160 420 559 
559 418 413 155 488 334 34 55 124 83 335 253 332 32 513 1 111 20 424 164 138 160 420 559 
559 418 413 155 488 334 34 124 55 83 335 253 332 32 513 1 111 20 424 164 138 160 420 559 
559 413 155 488 334 34 124 55 83 335 332 253 32 513 1 111 20 424 164 138 160 420 418 559 
559 413 155 488 334 34 124 55 83 335 332 253 32 513 1 20 111 424 164 138 160 420 418 559 
559 413 155 488 334 34 124 55 83 335 332 253 32 513 1 111 417 424 164 138 160 420 418 559 
559 413 488 334 34 124 55 83 335 519 332 253 32 513 111 20 1 417 422 424 164 138 160 420 418 559 
559 413 488 334 34 124 55 83 335 519 332 253 32 513 20 111 1 417 422 424 164 138 160 420 418 559 
559 413 488 334 34 124 55 83 335 519 253 332 32 513 20 111 1 417 422 424 164 138 160 420 418 559 
559 413 488 334 34 124 55 83 335 519 253 332 32 513 111 20 1 417 422 424 164 138 160 420 418 559 
559 413 488 334 34 55 124 83 335 519 253 332 32 513 111 20 1 417 422 424 164 138 160 420 418 559 
559 413 488 334 34 55 124 83 335 519 332 253 32 513 111 20 1 417 422 424 164 138 160 420 418 559 
559 413 488 334 34 55 124 83 335 519 332 253 32 513 1 20 111 417 422 424 164 138 160 420 418 559 
559 413 488 334 34 124 55 83 335 519 332 253 32 513 1 20 111 417 422 424 164 138 160 420 418 559 
559 413 488 334 34 124 55 83 335 519 332 253 32 513 1 111 20 417 422 424 164 138 160 420 418 559 
559 413 488 334 34 55 124 83 335 519 332 253 32 513 1 111 20 417 422 424 164 138 160 420 418 559 
559 413 488 334 34 55 124 83 335 519 332 253 32 513 20 111 1 417 422 424 164 138 160 420 418 559 
559 413 488 334 34 55 124 83 335 519 253 332 32 513 20 111 1 417 422 424 418 559 
559 413 488 334 34 55 124 83 335 519 253 332 32 513 1 20 111 417 422 424 164 138 160 420 418 559 
559 413 488 334 34 124 55 83 335 519 253 332 32 513 1 111 20 417 422 424 164 138 160 420 418 559 
559 413 488 334 34 55 124 83 335 519 253 332 32 513 1 111 20 417 422 424 164 138 160 420 418 559 
559 413 155 488 334 34 55 124 83 332 253 32 513 422 424 164 419 160 420 418 559 
559 418 413 155 412 34 55 124 83 335 332 253 32 513 424 164 419 138 160 420 559 
559 413 155 488 334 34 55 124 83 335 332 253 32 513 424 164 419 138 160 420 418 559 
559 413 155 488 334 34 124 55 83 335 332 253 32 513 424 164 419 138 160 420 418 559 
559 413 155 488 334 34 124 55 83 335 253 332 32 513 424 164 419 138 160 420 418 559 
559 413 155 488 334 34 55 124 83 335 253 332 32 513 424 164 419 138 160 420 418 559 
559 418 413 155 488 334 34 55 124 83 335 332 253 32 513 424 164 419 138 160 420 559 
559 418 413 155 488 334 34 124 55 83 335 332 253 32 513 424 164 419 138 160 420 559 
559 418 413 155 488 334 34 124 55 83 335 253 332 32 513 424 164 419 138 160 420 559 
559 418 413 155 488 334 34 55 124 83 335 253 332 32 513 424 164 419 138 160 420 559 
559 418 421 46 155 488 334 34 124 55 83 335 332 253 32 513 422 424 164 138 160 420 559 
559 418 421 46 155 488 334 34 124 55 83 335 253 332 32 513 422 424 164 138 160 420 559 
559 418 421 46 155 488 334 34 55 124 83 335 253 332 32 513 422 424 164 138 160 420 559 
559 418 421 46 155 488 334 34 55 124 83 335 332 253 32 513 422 424 164 138 160 420 559 
559 421 46 155 488 334 34 124 55 83 335 332 253 32 513 422 424 164 138 160 420 418 559 
559 421 46 155 488 334 34 124 55 83 335 253 332 32 513 422 424 164 138 160 420 418 559 
559 421 46 155 488 334 34 55 124 83 335 253 332 32 513 422 424 164 138 160 420 418 559 
559 421 46 155 488 334 34 55 124 83 335 332 253 32 513 422 424 164 138 160 420 418 559 
559 421 413 155 488 334 34 124 55 83 335 332 253 32 513 422 424 164 138 160 420 418 559 
559 421 413 155 488 334 34 124 55 83 335 253 332 32 513 422 424 164 138 160 420 418 559 
559 421 413 155 488 334 34 55 124 83 335 253 332 32 513 422 424 164 138 160 420 418 559 
559 421 413 155 488 334 34 55 124 83 335 332 253 32 513 422 424 164 138 160 420 418 559 
559 418 413 155 488 334 34 124 55 83 335 332 253 32 513 1 111 20 424 164 138 160 420 559 
559 418 413 155 488 334 34 124 55 83 335 253 332 32 513 1 111 20 424 164 138 160 420 559 
559 418 413 155 488 334 34 124 55 83 335 253 332 32 513 1 20 111 424 164 138 160 420 559 
559 418 413 155 488 334 34 124 55 83 335 332 253 32 513 1 20 111 424 164 138 160 420 559 
559 418 413 155 488 334 34 55 124 83 335 332 253 32 513 1 20 111 424 164 138 160 420 559 
559 418 413 155 488 334 34 55 124 83 335 332 253 32 513 1 111 20 424 164 138 160 420 559 
559 418 413 155 488 334 34 55 124 83 335 253 332 32 513 1 20 111 424 164 138 160 420 559 
559 418 413 155 488 334 34 55 124 83 335 253 332 32 513 1 111 20 424 164 138 160 420 559 
559 413 488 334 34 55 124 83 335 519 332 253 32 513 1 20 111 417 422 424 164 138 160 420 418 559 
559 413 488 334 34 55 124 83 335 519 253 332 32 513 111 20 1 417 422 424 164 138 160 420 418 559 
559 413 488 334 34 55 124 83 335 519 253 332 32 513 20 111 1 417 422 424 418 559 
559 413 488 334 34 55 124 83 335 519 332 253 32 513 111 20 1 417 422 424 164 138 160 420 418 559 
559 413 488 334 34 55 124 83 335 519 332 253 32 513 1 111 20 417 422 424 164 138 160 420 418 559 
559 413 488 334 34 124 55 83 335 519 332 253 32 513 111 20 1 417 422 424 164 138 160 420 418 559 
559 413 488 334 34 124 55 83 335 519 253 332 32 513 111 20 1 417 422 424 164 138 160 420 418 559 
559 413 488 334 34 124 55 83 335 519 253 332 32 513 1 111 20 417 422 424 164 138 160 420 418 559 
559 413 488 334 34 124 55 83 335 519 253 332 32 513 20 111 1 417 422 424 164 138 160 420 418 559 
559 413 488 334 34 124 55 83 335 519 253 332 32 513 1 20 111 417 422 424 164 138 160 420 418 559 
559 413 488 334 34 55 124 83 335 519 253 332 32 513 1 20 111 417 422 424 164 138 160 420 418 559 
559 413 488 334 34 55 124 83 335 519 332 253 32 513 20 111 1 417 422 424 164 138 160 420 418 559 
559 413 488 334 34 124 55 83 335 519 332 253 32 513 20 111 1 417 422 424 164 138 160 420 418 559 
559 413 488 334 34 124 55 83 335 519 332 253 32 513 1 111 20 417 422 424 164 138 160 420 418 559 
559 413 488 334 34 124 55 83 335 519 332 253 32 513 1 20 111 417 422 424 164 138 160 420 418 559 
559 413 155 412 488 334 34 55 124 83 335 253 332 32 513 424 164 138 160 420 418 559 
559 413 155 488 334 34 55 124 83 335 332 253 32 513 1 111 417 424 164 138 160 420 418 559 
559 413 155 488 34 55 124 83 335 253 332 32 513 422 424 164 419 160 420 418 559 
559 413 155 488 334 34 55 124 83 332 253 32 513 422 424 164 419 160 420 418 559 
559 413 155 488 334 34 55 124 83 253 332 32 513 422 424 164 419 160 420 418 559 
559 413 155 488 334 34 124 55 83 335 332 253 32 513 424 164 419 138 160 420 418 559 
559 418 413 155 488 334 34 124 55 83 335 332 253 32 513 424 164 419 138 160 420 559 
559 418 413 155 488 334 34 55 124 83 335 332 253 32 513 424 164 419 138 160 420 559 
559 418 413 155 488 334 34 55 124 83 335 253 332 32 513 424 164 419 138 160 420 559 
559 418 413 155 488 334 34 124 55 83 335 253 332 32 513 424 164 419 138 160 420 559 
559 413 155 488 334 34 55 124 83 335 332 253 32 513 424 164 419 138 160 420 418 559 
559 413 155 488 334 34 55 124 83 335 253 332 32 513 424 164 419 138 160 420 418 559 
559 413 155 488 334 34 124 55 83 335 253 332 32 513 424 164 419 138 160 420 418 559 
559 421 46 155 488 334 34 124 55 83 335 253 332 32 513 422 424 164 138 160 420 418 559 
559 421 46 155 488 334 34 124 55 83 335 332 253 32 513 422 424 164 138 160 420 418 559 
559 421 46 155 488 334 34 55 124 83 335 332 253 32 513 422 424 164 138 160 420 418 559 
559 421 46 155 488 334 34 55 124 83 335 253 332 32 513 422 424 164 138 160 420 418 559 
559 418 421 46 155 488 334 34 55 124 83 335 332 253 32 513 422 424 164 138 160 420 559 
559 418 421 46 155 488 334 34 124 55 83 335 332 253 32 513 422 424 164 138 160 420 559 
559 418 421 46 155 488 334 34 124 55 83 335 253 332 32 513 422 424 164 138 160 420 559 
559 418 421 46 155 488 334 34 55 124 83 335 253 332 32 513 422 424 164 138 160 420 559 
559 418 413 155 412 488 334 34 55 124 83 335 332 253 32 513 424 164 138 160 420 559 
559 421 413 155 488 334 34 124 55 83 335 253 332 32 513 422 424 164 138 160 420 418 559 
559 421 413 155 488 334 34 55 124 83 335 332 253 32 513 422 424 164 138 160 420 418 559 
559 421 413 155 488 334 34 55 124 83 335 253 332 32 513 422 424 164 138 160 420 418 559 
559 421 413 155 488 334 34 124 55 83 335 332 253 32 513 422 424 164 138 160 420 418 559 
559 413 155 488 334 34 124 55 83 335 253 332 32 513 1 20 111 424 164 138 160 420 418 559 
559 418 413 155 488 334 34 124 55 83 335 253 332 32 513 1 20 111 424 164 138 160 420 559 
559 418 413 155 488 334 34 55 124 83 335 253 332 32 513 1 20 111 424 164 138 160 420 559 
559 418 413 155 488 334 34 55 124 83 335 253 332 32 513 1 111 20 424 164 138 160 420 559 
559 418 413 155 488 334 34 124 55 83 335 253 332 32 513 1 111 20 424 164 138 160 420 559 
559 418 413 155 488 334 34 55 124 83 335 332 253 32 513 1 111 20 424 164 138 160 420 559 
559 418 413 155 488 334 34 55 124 83 335 332 253 32 513 1 20 111 424 164 138 160 420 559 
559 418 413 155 488 334 34 124 55 83 335 332 253 32 513 1 20 111 424 164 138 160 420 559 
559 418 413 155 488 334 34 124 55 83 335 332 253 32 513 1 111 20 424 164 138 160 420 559 
559 413 155 488 334 34 124 55 83 335 332 253 32 513 1 111 20 424 164 138 160 420 418 559 
559 413 155 488 334 34 124 55 83 335 332 253 32 513 1 20 111 424 164 138 160 420 418 559 
559 413 155 488 334 34 55 124 83 335 332 253 32 513 1 20 111 424 164 138 160 420 418 559 
559 413 155 488 334 34 55 124 83 335 253 332 32 513 1 20 111 424 164 138 160 420 418 559 
559 413 155 488 334 34 55 124 83 335 253 332 32 513 1 111 20 424 164 138 160 420 418 559 
559 413 155 488 334 34 55 124 83 335 332 253 32 513 1 111 20 424 164 138 160 420 418 559 
559 413 155 488 334 34 55 124 83 332 253 32 513 20 111 1 417 424 164 138 160 420 418 559 
559 413 155 488 334 34 55 124 83 253 332 32 513 20 111 1 417 424 164 138 160 420 418 559 
559 413 155 488 334 34 55 124 83 253 332 32 513 111 20 1 417 424 164 138 160 420 418 559 
559 413 155 488 334 34 55 124 83 332 253 32 513 111 20 1 417 424 164 138 160 420 418 559 
559 413 155 488 334 34 124 55 83 335 332 32 513 111 20 1 417 424 164 138 160 420 418 559 
559 413 488 334 34 55 124 83 335 519 332 253 32 513 1 111 20 417 422 424 164 138 160 420 418 559 
559 413 488 334 34 55 124 83 335 519 253 332 32 513 20 111 1 417 422 424 418 559 
559 413 488 334 34 55 124 83 335 519 332 253 32 513 20 111 1 417 422 424 164 138 160 420 418 559 
559 413 488 334 34 55 124 83 335 519 332 253 32 513 111 20 1 417 422 424 164 138 160 420 418 559 
559 413 488 334 34 55 124 83 335 519 253 332 32 513 111 20 1 417 422 424 164 138 160 420 418 559 
559 413 488 334 34 55 124 83 335 519 253 332 32 513 1 111 20 417 422 424 164 138 160 420 418 559 
559 413 488 334 34 124 55 83 335 519 253 332 32 513 1 111 20 417 422 424 164 138 160 420 418 559 
559 413 488 334 34 124 55 83 335 519 332 253 32 513 1 111 20 417 422 424 164 138 160 420 418 559 
559 413 488 334 34 124 55 83 335 519 332 253 32 513 111 20 1 417 422 424 164 138 160 420 418 559 
559 413 488 334 34 124 55 83 335 519 253 332 32 513 111 20 1 417 422 424 164 138 160 420 418 559 
559 413 488 334 34 124 55 83 335 519 253 332 32 513 20 111 1 417 422 424 164 138 160 420 418 559 
559 413 488 334 34 124 55 83 335 519 332 253 32 513 20 111 1 417 422 424 164 138 160 420 418 559 
559 413 488 334 34 124 55 83 335 519 332 253 32 513 1 20 111 417 422 424 164 138 160 420 418 559 
559 413 488 334 34 55 124 83 335 519 332 253 32 513 1 20 111 417 422 424 164 138 160 420 418 559 
559 413 488 334 34 124 55 83 335 519 253 332 32 513 1 20 111 417 422 424 164 138 160 420 418 559 
559 413 488 334 34 55 124 83 335 519 253 332 32 513 1 20 111 417 422 424 164 138 160 420 418 559 
559 413 155 488 34 55 124 83 335 332 32 513 422 424 164 419 138 160 420 418 559 
559 418 413 155 488 334 34 124 55 83 335 332 253 32 513 424 164 419 138 160 420 559 
559 418 413 155 488 334 34 124 55 83 335 253 332 32 513 424 164 419 138 160 420 559 
559 418 413 155 488 334 34 55 124 83 335 253 332 32 513 424 164 419 138 160 420 559 
559 418 413 155 488 334 34 55 124 83 335 332 253 32 513 424 164 419 138 160 420 559 
559 413 155 488 334 34 55 124 83 335 253 332 32 513 424 164 419 138 160 420 418 559 
559 413 155 488 334 34 124 55 83 335 253 332 32 513 424 164 419 138 160 420 418 559 
559 413 155 488 334 34 124 55 83 335 332 253 32 513 424 164 419 138 160 420 418 559 
559 413 155 488 334 34 55 124 83 335 332 253 32 513 424 164 419 138 160 420 418 559 
559 421 46 155 488 334 34 55 124 83 335 332 253 32 513 422 424 164 138 160 420 418 559 
559 421 46 155 488 334 34 124 55 83 335 332 253 32 513 422 424 164 138 160 420 418 559 
559 418 421 46 155 488 334 34 124 55 83 335 332 253 32 513 422 424 164 138 160 420 559 
559 418 421 46 155 488 334 34 124 55 83 335 253 332 32 513 422 424 164 138 160 420 559 
559 418 421 46 155 488 334 34 55 124 83 335 332 253 32 513 422 424 164 138 160 420 559 
559 418 421 46 155 488 334 34 55 124 83 335 253 332 32 513 422 424 164 138 160 420 559 
559 421 46 155 488 334 34 55 124 83 335 253 332 32 513 422 424 164 138 160 420 418 559 
559 421 46 155 488 334 34 124 55 83 335 253 332 32 513 422 424 164 138 160 420 418 559 
559 421 413 155 488 334 34 55 124 83 335 332 253 32 513 422 424 164 138 160 420 418 559 
559 421 413 155 488 334 34 124 55 83 335 332 253 32 513 422 424 164 138 160 420 418 559 
559 421 413 155 488 334 34 124 55 83 335 253 332 32 513 422 424 164 138 160 420 418 559 
559 421 413 155 488 334 34 55 124 83 335 253 332 32 513 422 424 164 138 160 420 418 559 
559 413 155 488 334 34 55 124 83 335 253 332 32 513 1 20 111 424 164 138 160 420 418 559 
559 413 155 488 334 34 55 124 83 335 332 253 32 513 1 20 111 424 164 138 160 420 418 559 
559 413 155 488 334 34 55 124 83 335 253 332 32 513 1 111 20 424 164 138 160 420 418 559 
559 418 413 155 488 334 34 55 124 83 335 332 253 32 513 1 111 20 424 164 138 160 420 559 
559 418 413 155 488 334 34 55 124 83 335 253 332 32 513 1 111 20 424 164 138 160 420 559 
559 418 413 155 488 334 34 124 55 83 335 253 332 32 513 1 111 20 424 164 138 160 420 559 
559 418 413 155 488 334 34 124 55 83 335 332 253 32 513 1 111 20 424 164 138 160 420 559 
559 418 413 155 488 334 34 124 55 83 335 332 253 32 513 1 20 111 424 164 138 160 420 559 
559 418 413 155 488 334 34 55 124 83 335 332 253 32 513 1 20 111 424 164 138 160 420 559 
559 418 413 155 488 334 34 55 124 83 335 253 332 32 513 1 20 111 424 164 138 160 420 559 
559 418 413 155 488 334 34 124 55 83 335 253 332 32 513 1 20 111 424 164 138 160 420 559 
559 413 155 488 334 34 55 124 83 332 253 32 513 20 111 1 417 424 164 138 160 420 418 559 
559 413 155 488 334 34 55 124 83 253 332 32 513 20 111 1 417 424 164 138 160 420 418 559 
559 413 488 334 34 55 124 83 335 519 332 253 32 513 111 20 1 417 422 424 164 138 160 420 418 559 
559 413 488 334 34 124 55 83 335 519 332 253 32 513 111 20 1 417 422 424 164 138 160 420 418 559 
559 413 488 334 34 124 55 83 335 519 253 332 32 513 111 20 1 417 422 424 164 138 160 420 418 559 
559 413 488 334 34 55 124 83 335 519 253 332 32 513 111 20 1 417 422 424 164 138 160 420 418 559 
559 413 488 334 34 55 124 83 335 519 332 253 32 513 1 20 111 417 422 424 164 138 160 420 418 559 
559 413 488 334 34 124 55 83 335 519 332 253 32 513 1 20 111 417 422 424 164 138 160 420 418 559 
559 413 488 334 34 124 55 83 335 519 253 332 32 513 20 111 1 417 422 424 164 138 160 420 418 559 
559 413 488 334 34 55 124 83 335 519 253 332 32 513 20 111 1 417 422 424 418 559 
559 413 488 334 34 55 124 83 335 519 253 332 32 513 1 20 111 417 422 424 164 138 160 420 418 559 
559 413 488 334 34 55 124 83 335 519 253 332 32 513 1 111 20 417 422 424 164 138 160 420 418 559 
559 413 488 334 34 55 124 83 335 519 332 253 32 513 1 111 20 417 422 424 164 138 160 420 418 559 
559 413 488 334 34 55 124 83 335 519 332 253 32 513 20 111 1 417 422 424 164 138 160 420 418 559 
559 413 488 334 34 124 55 83 335 519 332 253 32 513 20 111 1 417 422 424 164 138 160 420 418 559 
559 413 488 334 34 124 55 83 335 519 253 332 32 513 1 20 111 417 422 424 164 138 160 420 418 559 
559 413 488 334 34 124 55 83 335 519 332 253 32 513 1 111 20 417 422 424 164 138 160 420 418 559 
559 413 488 334 34 124 55 83 335 519 253 332 32 513 1 111 20 417 422 424 164 138 160 420 418 559 
559 413 155 488 34 55 124 83 335 253 332 32 513 422 424 164 419 160 420 418 559 
559 413 155 488 34 124 55 83 332 253 32 513 422 424 164 419 138 160 420 418 559 
559 418 413 155 488 34 55 124 83 335 332 32 513 422 424 164 419 138 160 420 559 
559 418 413 155 488 334 34 55 124 83 332 32 513 422 424 164 419 138 160 420 559 
559 418 413 155 488 334 34 124 55 83 332 32 513 422 424 164 419 138 160 420 559 
559 413 155 488 334 34 55 124 83 335 332 253 328 32 513 422 424 164 138 160 420 418 559 
559 413 155 488 334 34 124 55 83 335 332 253 328 32 513 422 424 164 138 160 420 418 559 
559 418 413 155 488 334 34 124 55 83 335 332 253 328 32 513 422 424 164 138 160 420 559 
559 418 413 155 488 334 34 55 124 83 335 332 253 328 32 513 422 424 164 138 160 420 559 
559 413 155 488 334 34 124 55 83 335 332 253 32 513 1 20 111 424 164 138 160 420 418 559 
559 413 155 488 334 34 124 55 83 335 253 332 32 513 1 20 111 424 164 138 160 420 418 559 
559 413 155 488 334 34 55 124 83 335 253 332 32 513 1 20 111 424 164 138 160 420 418 559 
559 413 155 488 334 34 55 124 83 335 332 253 32 513 1 20 111 424 164 138 160 420 418 559 
559 418 413 155 488 334 34 55 124 83 335 332 253 32 513 1 20 111 424 164 138 160 420 559 
559 418 413 155 488 334 34 55 124 83 335 332 253 32 513 1 111 20 424 164 138 160 420 559 
559 418 413 155 488 334 34 55 124 83 335 253 332 32 513 1 20 111 424 164 138 160 420 559 
559 418 413 155 488 334 34 55 124 83 335 253 332 32 513 1 111 20 424 164 138 160 420 559 
559 418 413 155 488 334 34 124 55 83 335 253 332 32 513 1 111 20 424 164 138 160 420 559 
559 418 413 155 488 334 34 124 55 83 335 332 253 32 513 1 111 20 424 164 138 160 420 559 
559 418 413 155 488 334 34 124 55 83 335 332 253 32 513 1 20 111 424 164 138 160 420 559 
559 418 413 155 488 334 34 124 55 83 335 253 332 32 513 1 20 111 424 164 138 160 420 559 
559 413 155 488 334 34 124 55 83 335 332 253 32 513 1 111 20 424 164 138 160 420 418 559 
559 413 155 488 334 34 55 124 83 253 332 32 513 20 111 1 417 424 164 138 160 420 418 559 
559 413 155 488 334 34 55 124 83 332 253 32 513 20 111 1 417 424 164 138 160 420 418 559 
559 413 155 488 334 34 55 124 83 253 332 32 513 111 20 1 417 424 164 138 160 420 418 559 
559 413 155 488 334 34 55 124 83 332 253 32 513 111 20 1 417 424 164 138 160 420 418 559 
559 413 155 488 334 34 55 124 83 335 332 32 513 111 20 1 417 424 164 138 160 420 418 559 
559 413 488 334 34 55 124 83 335 519 332 253 32 513 20 111 1 417 422 424 164 138 160 420 418 559 
559 413 488 334 34 124 55 83 335 519 332 253 32 513 20 111 1 417 422 424 164 138 160 420 418 559 
559 413 488 334 34 124 55 83 335 519 332 253 32 513 1 111 20 417 422 424 164 138 160 420 418 559 
559 413 488 334 34 124 55 83 335 519 332 253 32 513 111 20 1 417 422 424 164 138 160 420 418 559 
559 413 488 334 34 124 55 83 335 519 253 332 32 513 111 20 1 417 422 424 164 138 160 420 418 559 
559 413 488 334 34 55 124 83 335 519 332 253 32 513 111 20 1 417 422 424 164 138 160 420 418 559 
559 413 488 334 34 55 124 83 335 519 332 253 32 513 1 20 111 417 422 424 164 138 160 420 418 559 
559 413 488 334 34 55 124 83 335 519 253 332 32 513 111 20 1 417 422 424 164 138 160 420 418 559 
559 413 488 334 34 55 124 83 335 519 253 332 32 513 20 111 1 417 422 424 418 559 
559 413 488 334 34 124 55 83 335 519 253 332 32 513 20 111 1 417 422 424 164 138 160 420 418 559 
559 413 488 334 34 124 55 83 335 519 253 332 32 513 1 111 20 417 422 424 164 138 160 420 418 559 
559 413 488 334 34 124 55 83 335 519 253 332 32 513 1 20 111 417 422 424 164 138 160 420 418 559 
559 413 488 334 34 55 124 83 335 519 253 332 32 513 1 20 111 417 422 424 164 138 160 420 418 559 
559 413 488 334 34 55 124 83 335 519 332 253 32 513 1 111 20 417 422 424 164 138 160 420 418 559 
559 413 488 334 34 55 124 83 335 519 253 332 32 513 1 111 20 417 422 424 164 138 160 420 418 559 
559 413 488 334 34 124 55 83 335 519 332 253 32 513 1 20 111 417 422 424 164 138 160 420 418 559 
559 413 155 488 34 55 124 83 335 253 332 32 422 424 164 419 138 160 420 418 559 
559 413 155 488 34 55 124 83 335 332 32 513 422 424 164 419 138 160 420 418 559 
559 413 155 488 334 34 55 124 83 335 253 332 32 513 424 164 419 138 160 420 418 559 
559 413 155 488 334 34 124 55 83 335 332 253 32 513 424 164 419 138 160 420 418 559 
559 413 155 488 334 34 124 55 83 335 253 332 32 513 424 164 419 138 160 420 418 559 
559 418 413 155 488 334 34 124 55 83 335 332 253 32 513 424 164 419 138 160 420 559 
559 418 413 155 488 334 34 55 124 83 335 332 253 32 513 424 164 419 138 160 420 559 
559 418 413 155 488 334 34 55 124 83 335 253 332 32 513 424 164 419 138 160 420 559 
559 418 413 155 488 334 34 124 55 83 335 253 332 32 513 424 164 419 138 160 420 559 
559 413 155 488 334 34 55 124 83 335 332 253 32 513 424 164 419 138 160 420 418 559 
559 418 421 46 155 488 334 34 124 55 83 335 332 253 32 513 422 424 164 138 160 420 559 
559 418 421 46 155 488 334 34 124 55 83 335 253 332 32 513 422 424 164 138 160 420 559 
559 418 421 46 155 488 334 34 55 124 83 335 253 332 32 513 422 424 164 138 160 420 559 
559 418 421 46 155 488 334 34 55 124 83 335 332 253 32 513 422 424 164 138 160 420 559 
559 421 46 155 488 334 34 55 124 83 335 253 332 32 513 422 424 164 138 160 420 418 559 
559 421 46 155 488 334 34 124 55 83 335 253 332 32 513 422 424 164 138 160 420 418 559 
559 421 46 155 488 334 34 55 124 83 335 332 253 32 513 422 424 164 138 160 420 418 559 
559 421 46 155 488 334 34 124 55 83 335 332 253 32 513 422 424 164 138 160 420 418 559 
559 421 413 155 488 334 34 124 55 83 335 253 332 32 513 422 424 164 138 160 420 418 559 
559 421 413 155 488 334 34 55 124 83 335 253 332 32 513 422 424 164 138 160 420 418 559 
559 421 413 155 488 334 34 55 124 83 335 332 253 32 513 422 424 164 138 160 420 418 559 
559 421 413 155 488 334 34 124 55 83 335 332 253 32 513 422 424 164 138 160 420 418 559 
559 418 413 155 488 334 34 55 124 83 335 332 253 32 513 1 111 20 424 164 138 160 420 559 
559 418 413 155 488 334 34 124 55 83 335 332 253 32 513 1 111 20 424 164 138 160 420 559 
559 413 155 488 334 34 55 124 83 335 332 253 32 513 1 20 111 424 164 138 160 420 418 559 
559 418 413 155 488 334 34 55 124 83 335 332 253 32 513 1 20 111 424 164 138 160 420 559 
559 418 413 155 488 334 34 124 55 83 335 332 253 32 513 1 20 111 424 164 138 160 420 559 
559 418 413 155 488 334 34 124 55 83 335 253 332 32 513 1 20 111 424 164 138 160 420 559 
559 418 413 155 488 334 34 124 55 83 335 253 332 32 513 1 111 20 424 164 138 160 420 559 
559 418 413 155 488 334 34 55 124 83 335 253 332 32 513 1 20 111 424 164 138 160 420 559 
559 418 413 155 488 334 34 55 124 83 335 253 332 32 513 1 111 20 424 164 138 160 420 559 
559 413 155 488 334 34 124 55 83 335 253 332 32 513 1 20 111 424 164 138 160 420 418 559 
559 413 155 488 334 34 124 55 83 335 332 253 32 513 1 20 111 424 164 138 160 420 418 559 
559 413 155 488 334 34 55 124 83 335 253 332 32 513 1 20 111 424 164 138 160 420 418 559 
559 413 155 488 334 34 124 55 83 335 332 253 32 513 1 111 20 424 164 138 160 420 418 559 
559 413 155 488 334 34 55 124 83 332 253 32 513 111 20 1 417 424 164 138 160 420 418 559 
559 413 155 488 334 34 55 124 83 253 332 32 513 111 20 1 417 424 164 138 160 420 418 559 
559 413 155 488 334 34 55 124 83 253 332 32 513 1 111 20 417 424 164 138 160 420 418 559 
559 413 155 488 334 34 55 124 83 332 253 32 513 20 111 1 417 424 164 138 160 420 418 559 
559 413 155 488 334 34 55 124 83 253 332 32 513 20 111 1 417 424 164 138 160 420 418 559 
559 413 155 488 334 34 124 55 83 335 332 32 513 111 20 1 417 424 164 138 160 420 418 559 
559 413 155 488 334 34 55 124 83 335 332 32 513 111 20 1 417 424 164 138 160 420 418 559 
559 413 488 334 34 55 124 83 335 519 332 253 32 513 1 111 20 417 422 424 164 138 160 420 418 559 
559 413 488 334 34 124 55 83 335 519 332 253 32 513 1 111 20 417 422 424 164 138 160 420 418 559 
559 413 488 334 34 124 55 83 335 519 332 253 32 513 1 20 111 417 422 424 164 138 160 420 418 559 
559 413 488 334 34 124 55 83 335 519 332 253 32 513 20 111 1 417 422 424 164 138 160 420 418 559 
559 413 488 334 34 55 124 83 335 519 332 253 32 513 20 111 1 417 422 424 164 138 160 420 418 559 
559 413 488 334 34 55 124 83 335 519 332 253 32 513 111 20 1 417 422 424 164 138 160 420 418 559 
559 413 488 334 34 55 124 83 335 519 253 332 32 513 111 20 1 417 422 424 164 138 160 420 418 559 
559 413 488 334 34 124 55 83 335 519 253 332 32 513 111 20 1 417 422 424 164 138 160 420 418 559 
559 413 488 334 34 124 55 83 335 519 332 253 32 513 111 20 1 417 422 424 164 138 160 420 418 559 
559 413 488 334 34 55 124 83 335 519 332 253 32 513 1 20 111 417 422 424 164 138 160 420 418 559 
559 413 488 334 34 55 124 83 335 519 253 332 32 513 1 20 111 417 422 424 164 138 160 420 418 559 
559 413 488 334 34 55 124 83 335 519 253 332 32 513 1 111 20 417 422 424 164 138 160 420 418 559 
559 413 488 334 34 124 55 83 335 519 253 332 32 513 1 111 20 417 422 424 164 138 160 420 418 559 
559 413 488 334 34 124 55 83 335 519 253 332 32 513 1 20 111 417 422 424 164 138 160 420 418 559 
559 413 488 334 34 124 55 83 335 519 253 332 32 513 20 111 1 417 422 424 164 138 160 420 418 559 
559 413 488 334 34 55 124 83 335 519 253 332 32 513 20 111 1 417 422 424 418 559 
559 413 155 488 34 55 124 83 335 253 332 32 422 424 164 419 138 160 420 418 559 
559 413 155 488 334 34 55 124 83 253 332 32 422 424 164 419 138 160 420 418 559 
559 418 413 155 488 334 34 124 55 83 335 332 253 32 513 424 164 419 138 160 420 559 
559 413 155 488 334 34 55 124 83 335 332 253 32 513 424 164 419 138 160 420 418 559 
559 413 155 488 334 34 124 55 83 335 332 253 32 513 424 164 419 138 160 420 418 559 
559 413 155 488 334 34 124 55 83 335 253 332 32 513 424 164 419 138 160 420 418 559 
559 413 155 488 334 34 55 124 83 335 253 332 32 513 424 164 419 138 160 420 418 559 
559 418 413 155 488 334 34 55 124 83 335 253 332 32 513 424 164 419 138 160 420 559 
559 418 413 155 488 334 34 55 124 83 335 332 253 32 513 424 164 419 138 160 420 559 
559 421 413 155 488 334 34 124 55 83 335 332 253 32 513 422 424 164 138 160 420 418 559 
559 421 413 155 488 334 34 55 124 83 335 253 332 32 513 422 424 164 138 160 420 418 559 
559 421 413 155 488 334 34 55 124 83 335 332 253 32 513 422 424 164 138 160 420 418 559 
559 160 420 138 164 424 422 513 32 253 332 33 0 74 83 124 55 34 334 488 413 418 559 
559 160 420 138 164 424 422 513 32 253 332 33 0 74 83 55 124 34 334 488 413 418 559 
559 418 160 420 138 164 424 422 513 32 253 332 33 0 74 83 55 124 34 334 488 413 559 
559 418 160 420 138 164 424 422 513 32 253 332 33 0 74 83 124 55 34 334 488 413 559 
559 418 413 155 488 334 34 55 124 83 335 253 332 32 513 1 20 111 424 164 138 160 420 559 
559 418 413 155 488 334 34 124 55 83 335 332 253 32 513 1 20 111 424 164 138 160 420 559 
559 418 413 155 488 334 34 124 55 83 335 332 253 32 513 1 111 20 424 164 138 160 420 559 
559 418 413 155 488 334 34 124 55 83 335 253 332 32 513 1 111 20 424 164 138 160 420 559 
559 418 413 155 488 334 34 55 124 83 335 253 332 32 513 1 111 20 424 164 138 160 420 559 
559 418 413 155 488 334 34 55 124 83 335 332 253 32 513 1 111 20 424 164 138 160 420 559 
559 418 413 155 488 334 34 55 124 83 335 332 253 32 513 1 20 111 424 164 138 160 420 559 
559 413 488 334 34 55 124 83 335 519 332 253 32 513 20 111 1 417 422 424 164 138 160 420 418 559 
559 413 488 334 34 55 124 83 335 519 253 332 32 513 20 111 1 417 422 424 418 559 
559 413 488 334 34 124 55 83 335 519 253 332 32 513 20 111 1 417 422 424 164 138 160 420 418 559 
559 413 488 334 34 124 55 83 335 519 253 332 32 513 111 20 1 417 422 424 164 138 160 420 418 559 
559 413 488 334 34 124 55 83 335 519 332 253 32 513 1 20 111 417 422 424 164 138 160 420 418 559 
559 413 488 334 34 124 55 83 335 519 332 253 32 513 111 20 1 417 422 424 164 138 160 420 418 559 
559 413 488 334 34 55 124 83 335 519 332 253 32 513 111 20 1 417 422 424 164 138 160 420 418 559 
559 413 488 334 34 55 124 83 335 519 332 253 32 513 1 111 20 417 422 424 164 138 160 420 418 559 
559 413 488 334 34 55 124 83 335 519 253 332 32 513 1 111 20 417 422 424 164 138 160 420 418 559 
559 413 488 334 34 124 55 83 335 519 253 332 32 513 1 111 20 417 422 424 164 138 160 420 418 559 
559 413 488 334 34 124 55 83 335 519 332 253 32 513 1 111 20 417 422 424 164 138 160 420 418 559 
559 413 488 334 34 124 55 83 335 519 332 253 32 513 20 111 1 417 422 424 164 138 160 420 418 559 
559 418 413 488 34 55 124 83 335 0 74 253 32 513 422 424 164 138 160 420 559 
559 413 155 488 34 55 124 83 335 253 332 32 422 424 164 419 138 160 420 418 559 
559 418 413 155 488 34 55 124 83 335 332 32 513 422 424 164 419 138 160 420 559 
559 413 155 488 34 55 124 83 335 332 32 513 422 424 164 419 138 160 420 418 559 
559 418 413 155 488 334 34 55 124 83 332 32 513 422 424 164 419 138 160 420 559 
559 413 155 488 334 34 55 124 83 332 32 513 422 424 164 419 138 160 420 418 559 
559 413 155 488 334 34 124 55 83 335 332 253 328 32 513 422 424 164 138 160 420 418 559 
559 418 413 155 488 334 34 124 55 83 335 332 253 328 32 513 422 424 164 138 160 420 559 
559 418 413 155 488 334 34 55 124 83 335 332 253 328 32 513 422 424 164 138 160 420 559 
559 413 155 488 334 34 55 124 83 335 332 253 328 32 513 422 424 164 138 160 420 418 559 
559 413 155 488 334 34 55 124 83 335 332 253 32 513 1 20 111 424 164 138 160 420 418 559 
559 413 155 488 334 34 55 124 83 335 253 332 32 513 1 20 111 424 164 138 160 420 418 559 
559 413 155 488 334 34 55 124 83 335 253 332 32 513 1 111 20 424 164 138 160 420 418 559 
559 418 413 155 488 334 34 55 124 83 335 253 332 32 513 1 111 20 424 164 138 160 420 559 
559 418 413 155 488 334 34 124 55 83 335 332 253 32 513 1 111 20 424 164 138 160 420 559 
559 418 413 155 488 334 34 124 55 83 335 253 332 32 513 1 111 20 424 164 138 160 420 559 
559 418 413 155 488 334 34 124 55 83 335 253 332 32 513 1 20 111 424 164 138 160 420 559 
559 418 413 155 488 334 34 124 55 83 335 332 253 32 513 1 20 111 424 164 138 160 420 559 
559 418 413 155 488 334 34 55 124 83 335 332 253 32 513 1 20 111 424 164 138 160 420 559 
559 418 413 155 488 334 34 55 124 83 335 332 253 32 513 1 111 20 424 164 138 160 420 559 
559 418 413 155 488 334 34 55 124 83 335 253 332 32 513 1 20 111 424 164 138 160 420 559 
559 413 155 488 334 34 124 55 83 335 332 253 32 513 1 20 111 424 164 138 160 420 418 559 
559 413 155 488 334 34 124 55 83 335 332 253 32 513 1 111 20 424 164 138 160 420 418 559 
559 413 155 488 334 34 55 124 83 253 332 32 513 20 111 1 417 424 164 138 160 420 418 559 
559 413 488 334 34 124 55 83 335 519 253 332 32 513 1 111 20 417 422 424 164 138 160 420 418 559 
559 413 488 334 34 124 55 83 335 519 332 253 32 513 111 20 1 417 422 424 164 138 160 420 418 559 
559 413 488 334 34 124 55 83 335 519 332 253 32 513 1 111 20 417 422 424 164 138 160 420 418 559 
559 413 488 334 34 55 124 83 335 519 332 253 32 513 1 111 20 417 422 424 164 138 160 420 418 559 
559 413 488 334 34 124 55 83 335 519 253 332 32 513 1 20 111 417 422 424 164 138 160 420 418 559 
559 413 488 334 34 55 124 83 335 519 253 332 32 513 1 20 111 417 422 424 164 138 160 420 418 559 
559 413 488 334 34 55 124 83 335 519 332 253 32 513 111 20 1 417 422 424 164 138 160 420 418 559 
559 413 488 334 34 55 124 83 335 519 332 253 32 513 1 20 111 417 422 424 164 138 160 420 418 559 
559 413 488 334 34 124 55 83 335 519 332 253 32 513 1 20 111 417 422 424 164 138 160 420 418 559 
559 413 488 334 34 124 55 83 335 519 253 332 32 513 20 111 1 417 422 424 164 138 160 420 418 559 
559 413 488 334 34 124 55 83 335 519 332 253 32 513 20 111 1 417 422 424 164 138 160 420 418 559 
559 413 488 334 34 55 124 83 335 519 332 253 32 513 20 111 1 417 422 424 164 138 160 420 418 559 
559 413 488 334 34 55 124 83 335 519 253 332 32 513 20 111 1 417 422 424 418 559 
559 413 488 334 34 55 124 83 335 519 253 332 32 513 1 111 20 417 422 424 164 138 160 420 418 559 
559 413 488 334 34 55 124 83 335 519 253 332 32 513 111 20 1 417 422 424 164 138 160 420 418 559 
559 413 488 334 34 124 55 83 335 519 253 332 32 513 111 20 1 417 422 424 164 138 160 420 418 559 
559 418 413 155 488 34 55 124 83 335 332 32 513 422 424 164 419 138 160 420 559 
559 418 413 155 488 334 34 55 124 83 335 253 332 32 513 424 164 419 138 160 420 559 
559 413 155 488 334 34 55 124 83 335 332 253 32 513 424 164 419 138 160 420 418 559 
559 413 155 488 334 34 55 124 83 335 253 332 32 513 424 164 419 138 160 420 418 559 
559 413 155 488 334 34 124 55 83 335 253 332 32 513 424 164 419 138 160 420 418 559 
559 413 155 488 334 34 124 55 83 335 332 253 32 513 424 164 419 138 160 420 418 559 
559 418 413 155 488 334 34 124 55 83 335 332 253 32 513 424 164 419 138 160 420 559 
559 418 413 155 488 334 34 55 124 83 335 332 253 32 513 424 164 419 138 160 420 559 
559 421 46 155 488 334 34 55 124 83 335 253 332 32 513 422 424 164 138 160 420 418 559 
559 421 46 155 488 334 34 55 124 83 335 332 253 32 513 422 424 164 138 160 420 418 559 
559 421 46 155 488 334 34 124 55 83 335 332 253 32 513 422 424 164 138 160 420 418 559 
559 421 46 155 488 334 34 124 55 83 335 253 332 32 513 422 424 164 138 160 420 418 559 
559 418 421 46 155 488 334 34 124 55 83 335 253 332 32 513 422 424 164 138 160 420 559 
559 418 421 46 155 488 334 34 55 124 83 335 332 253 32 513 422 424 164 138 160 420 559 
559 418 421 46 155 488 334 34 124 55 83 335 332 253 32 513 422 424 164 138 160 420 559 
559 418 421 46 155 488 334 34 55 124 83 335 253 332 32 513 422 424 164 138 160 420 559 
559 421 413 155 488 334 34 55 124 83 335 253 332 32 513 422 424 164 138 160 420 418 559 
559 421 413 155 488 334 34 55 124 83 335 332 253 32 513 422 424 164 138 160 420 418 559 
559 421 413 155 488 334 34 124 55 83 335 332 253 32 513 422 424 164 138 160 420 418 559 
559 418 413 155 488 334 34 55 124 83 335 253 332 32 513 1 20 111 424 164 138 160 420 559 
559 418 413 155 488 334 34 124 55 83 335 253 332 32 513 1 20 111 424 164 138 160 420 559 
559 418 413 155 488 334 34 124 55 83 335 332 253 32 513 1 20 111 424 164 138 160 420 559 
559 418 413 155 488 334 34 124 55 83 335 332 253 32 513 1 111 20 424 164 138 160 420 559 
559 418 413 155 488 334 34 55 124 83 335 332 253 32 513 1 111 20 424 164 138 160 420 559 
559 418 413 155 488 334 34 55 124 83 335 332 253 32 513 1 20 111 424 164 138 160 420 559 
559 418 413 155 488 334 34 55 124 83 335 253 332 32 513 1 111 20 424 164 138 160 420 559 
559 418 413 155 488 334 34 124 55 83 335 253 332 32 513 1 111 20 424 164 138 160 420 559 
559 413 488 334 34 55 124 83 335 519 332 253 32 513 1 111 20 417 422 424 164 138 160 420 418 559 
559 413 488 334 34 55 124 83 335 519 332 253 32 513 111 20 1 417 422 424 164 138 160 420 418 559 
559 413 488 334 34 55 124 83 335 519 253 332 32 513 111 20 1 417 422 424 164 138 160 420 418 559 
559 413 488 334 34 124 55 83 335 519 253 332 32 513 111 20 1 417 422 424 164 138 160 420 418 559 
559 413 488 334 34 124 55 83 335 519 253 332 32 513 1 20 111 417 422 424 164 138 160 420 418 559 
559 413 488 334 34 124 55 83 335 519 332 253 32 513 1 20 111 417 422 424 164 138 160 420 418 559 
559 413 488 334 34 55 124 83 335 519 332 253 32 513 1 20 111 417 422 424 164 138 160 420 418 559 
559 413 488 334 34 55 124 83 335 519 253 332 32 513 20 111 1 417 422 424 418 559 
559 413 488 334 34 55 124 83 335 519 253 332 32 513 1 111 20 417 422 424 164 138 160 420 418 559 
559 413 488 334 34 124 55 83 335 519 253 332 32 513 1 111 20 417 422 424 164 138 160 420 418 559 
559 413 488 334 34 124 55 83 335 519 332 253 32 513 111 20 1 417 422 424 164 138 160 420 418 559 
559 413 488 334 34 124 55 83 335 519 332 253 32 513 1 111 20 417 422 424 164 138 160 420 418 559 
559 413 488 334 34 124 55 83 335 519 332 253 32 513 20 111 1 417 422 424 164 138 160 420 418 559 
559 413 488 334 34 55 124 83 335 519 332 253 32 513 20 111 1 417 422 424 164 138 160 420 418 559 
559 413 155 488 334 34 124 55 83 335 332 253 32 513 1 111 417 424 164 138 160 420 418 559 
