703
1591.0 1373.0 
1615.0 1349.0 
1702.0 1331.0 
1702.0 1331.0 
1733.0 1284.0 
1733.0 1284.0 
1779.0 1276.0 
1920.0 1169.0 
1954.0 1165.0 
1905.0 1201.0 
1892.0 1207.0 
1874.0 1257.0 
1591.0 1373.0 
1632.0 1371.0 
1574.0 1379.0 
1781.0 1356.0 
1728.0 1362.0 
1928.0 1268.0 
1591.0 1373.0 
1702.0 1331.0 
1702.0 1331.0 
1770.0 1311.0 
1943.0 1191.0 
1928.0 1268.0 
1907.0 1300.0 
1591.0 1373.0 
1615.0 1349.0 
1702.0 1331.0 
1733.0 1284.0 
1738.0 1258.0 
1872.0 1180.0 
1920.0 1169.0 
1679.0 1334.0 
1815.0 1253.0 
1869.0 1242.0 
1830.0 1250.0 
1485.0 1372.0 
1485.0 1372.0 
1551.0 1364.0 
1615.0 1349.0 
1702.0 1331.0 
1702.0 1331.0 
1702.0 1331.0 
1714.0 1307.0 
1733.0 1284.0 
1573.0 1362.0 
1520.0 1368.0 
1955.0 1272.0 
1574.0 1379.0 
1574.0 1379.0 
1615.0 1349.0 
1702.0 1331.0 
1702.0 1331.0 
1702.0 1331.0 
1702.0 1331.0 
1770.0 1311.0 
1954.0 1165.0 
1591.0 1373.0 
1679.0 1334.0 
1928.0 1268.0 
1907.0 1300.0 
1591.0 1373.0 
1702.0 1331.0 
1679.0 1334.0 
1647.0 1354.0 
1955.0 1272.0 
1837.0 1287.0 
1583.0 1411.0 
1869.0 1242.0 
1622.0 1403.0 
1830.0 1250.0 
1872.0 1180.0 
1789.0 1259.0 
1957.0 1132.0 
1726.0 1380.0 
1748.0 1344.0 
1619.0 1354.0 
1665.0 1332.0 
1702.0 1331.0 
1702.0 1331.0 
1702.0 1331.0 
1733.0 1284.0 
1733.0 1284.0 
1733.0 1284.0 
1802.0 1281.0 
1920.0 1169.0 
1920.0 1169.0 
1597.0 1374.0 
1718.0 1326.0 
1907.0 1272.0 
1574.0 1379.0 
1615.0 1349.0 
1702.0 1331.0 
1733.0 1284.0 
1779.0 1276.0 
1869.0 1258.0 
1901.0 1233.0 
1954.0 1165.0 
1591.0 1373.0 
1679.0 1334.0 
1718.0 1326.0 
1591.0 1391.0 
1591.0 1391.0 
1742.0 1364.0 
1742.0 1364.0 
1742.0 1364.0 
1742.0 1364.0 
1742.0 1364.0 
1742.0 1364.0 
1742.0 1364.0 
1742.0 1364.0 
1742.0 1364.0 
1781.0 1356.0 
1781.0 1356.0 
1781.0 1356.0 
1781.0 1356.0 
1781.0 1356.0 
1781.0 1356.0 
1781.0 1356.0 
1781.0 1356.0 
1781.0 1356.0 
1781.0 1356.0 
1781.0 1356.0 
1781.0 1356.0 
1781.0 1356.0 
1781.0 1356.0 
1781.0 1356.0 
1781.0 1356.0 
1781.0 1356.0 
1781.0 1356.0 
1781.0 1356.0 
1781.0 1356.0 
1781.0 1356.0 
1781.0 1356.0 
1781.0 1356.0 
1781.0 1356.0 
1781.0 1356.0 
1810.0 1354.0 
1812.0 1290.0 
1812.0 1290.0 
1812.0 1290.0 
1887.0 1282.0 
1887.0 1282.0 
1887.0 1282.0 
1887.0 1282.0 
1887.0 1282.0 
1887.0 1282.0 
1887.0 1282.0 
1887.0 1282.0 
1887.0 1282.0 
1887.0 1282.0 
1887.0 1282.0 
1887.0 1282.0 
1887.0 1282.0 
1887.0 1282.0 
1887.0 1282.0 
1887.0 1282.0 
1887.0 1282.0 
1887.0 1282.0 
1955.0 1272.0 
1742.0 1364.0 
1742.0 1364.0 
1742.0 1364.0 
1742.0 1364.0 
1742.0 1364.0 
1742.0 1364.0 
1742.0 1364.0 
1742.0 1364.0 
1742.0 1364.0 
1742.0 1364.0 
1781.0 1356.0 
1781.0 1356.0 
1781.0 1356.0 
1781.0 1356.0 
1781.0 1356.0 
1781.0 1356.0 
1781.0 1356.0 
1781.0 1356.0 
1781.0 1356.0 
1781.0 1356.0 
1781.0 1356.0 
1781.0 1356.0 
1781.0 1356.0 
1781.0 1356.0 
1781.0 1356.0 
1781.0 1356.0 
1781.0 1356.0 
1781.0 1356.0 
1781.0 1356.0 
1810.0 1354.0 
1810.0 1354.0 
1810.0 1354.0 
1887.0 1282.0 
1887.0 1282.0 
1887.0 1282.0 
1887.0 1282.0 
1887.0 1282.0 
1887.0 1282.0 
1887.0 1282.0 
1887.0 1282.0 
1887.0 1282.0 
1887.0 1282.0 
1887.0 1282.0 
1887.0 1282.0 
1887.0 1282.0 
1887.0 1282.0 
1887.0 1282.0 
1887.0 1282.0 
1955.0 1272.0 
1955.0 1272.0 
1955.0 1272.0 
1591.0 1391.0 
1591.0 1391.0 
1591.0 1391.0 
1810.0 1354.0 
1810.0 1354.0 
1810.0 1354.0 
1810.0 1354.0 
1810.0 1354.0 
1810.0 1354.0 
1810.0 1354.0 
1810.0 1354.0 
1810.0 1354.0 
1810.0 1354.0 
1810.0 1354.0 
1810.0 1354.0 
1810.0 1354.0 
1810.0 1354.0 
1810.0 1354.0 
1810.0 1354.0 
1810.0 1354.0 
1810.0 1354.0 
1810.0 1354.0 
1810.0 1354.0 
1810.0 1354.0 
1810.0 1354.0 
1810.0 1354.0 
1810.0 1354.0 
1810.0 1354.0 
1887.0 1282.0 
1887.0 1282.0 
1887.0 1282.0 
1887.0 1282.0 
1887.0 1282.0 
1887.0 1282.0 
1887.0 1282.0 
1887.0 1282.0 
1887.0 1282.0 
1887.0 1282.0 
1887.0 1282.0 
1887.0 1282.0 
1887.0 1282.0 
1887.0 1282.0 
1887.0 1282.0 
1887.0 1282.0 
1887.0 1282.0 
1955.0 1272.0 
1955.0 1272.0 
1955.0 1272.0 
1955.0 1272.0 
1955.0 1272.0 
1781.0 1356.0 
1742.0 1364.0 
1619.0 1365.0 
1733.0 1356.0 
1733.0 1356.0 
1733.0 1356.0 
1733.0 1356.0 
1733.0 1356.0 
1738.0 1286.0 
1738.0 1286.0 
1887.0 1282.0 
1887.0 1282.0 
1887.0 1282.0 
1887.0 1282.0 
1887.0 1282.0 
1887.0 1282.0 
1887.0 1282.0 
1887.0 1282.0 
1887.0 1282.0 
1887.0 1282.0 
1887.0 1282.0 
1887.0 1282.0 
1887.0 1282.0 
1887.0 1282.0 
1955.0 1272.0 
1955.0 1272.0 
1955.0 1272.0 
1955.0 1272.0 
1955.0 1272.0 
1499.0 1396.0 
1591.0 1391.0 
1591.0 1391.0 
1591.0 1391.0 
1728.0 1362.0 
1728.0 1362.0 
1728.0 1362.0 
1728.0 1362.0 
1728.0 1362.0 
1728.0 1362.0 
1728.0 1362.0 
1728.0 1362.0 
1728.0 1362.0 
1781.0 1356.0 
1781.0 1356.0 
1781.0 1356.0 
1781.0 1356.0 
1781.0 1356.0 
1781.0 1356.0 
1781.0 1356.0 
1781.0 1356.0 
1781.0 1356.0 
1781.0 1356.0 
1781.0 1356.0 
1781.0 1356.0 
1781.0 1356.0 
1781.0 1356.0 
1781.0 1356.0 
1781.0 1356.0 
1781.0 1356.0 
1781.0 1356.0 
1781.0 1356.0 
1781.0 1356.0 
1781.0 1356.0 
1781.0 1356.0 
1781.0 1356.0 
1781.0 1356.0 
1781.0 1356.0 
1781.0 1356.0 
1781.0 1356.0 
1781.0 1356.0 
1781.0 1356.0 
1781.0 1356.0 
1781.0 1356.0 
1781.0 1356.0 
1781.0 1356.0 
1781.0 1356.0 
1781.0 1356.0 
1781.0 1356.0 
1781.0 1356.0 
1781.0 1356.0 
1781.0 1356.0 
1781.0 1356.0 
1781.0 1356.0 
1781.0 1356.0 
1781.0 1356.0 
1781.0 1356.0 
1781.0 1356.0 
1781.0 1356.0 
1781.0 1356.0 
1781.0 1356.0 
1781.0 1356.0 
1781.0 1356.0 
1781.0 1356.0 
1781.0 1356.0 
1781.0 1356.0 
1781.0 1356.0 
1781.0 1356.0 
1781.0 1356.0 
1781.0 1356.0 
1781.0 1356.0 
1781.0 1356.0 
1781.0 1356.0 
1781.0 1356.0 
1781.0 1356.0 
1781.0 1356.0 
1781.0 1356.0 
1781.0 1356.0 
1781.0 1356.0 
1781.0 1356.0 
1781.0 1356.0 
1810.0 1354.0 
1810.0 1354.0 
1810.0 1354.0 
1810.0 1354.0 
1810.0 1354.0 
1810.0 1354.0 
1810.0 1354.0 
1810.0 1354.0 
1812.0 1290.0 
1812.0 1290.0 
1812.0 1290.0 
1812.0 1290.0 
1812.0 1290.0 
1812.0 1290.0 
1812.0 1290.0 
1812.0 1290.0 
1812.0 1290.0 
1812.0 1290.0 
1955.0 1272.0 
1591.0 1391.0 
1591.0 1391.0 
1591.0 1391.0 
1591.0 1391.0 
1632.0 1371.0 
1742.0 1364.0 
1742.0 1364.0 
1742.0 1364.0 
1742.0 1364.0 
1742.0 1364.0 
1742.0 1364.0 
1742.0 1364.0 
1742.0 1364.0 
1742.0 1364.0 
1742.0 1364.0 
1742.0 1364.0 
1742.0 1364.0 
1742.0 1364.0 
1781.0 1356.0 
1781.0 1356.0 
1781.0 1356.0 
1781.0 1356.0 
1781.0 1356.0 
1781.0 1356.0 
1781.0 1356.0 
1781.0 1356.0 
1781.0 1356.0 
1781.0 1356.0 
1781.0 1356.0 
1781.0 1356.0 
1781.0 1356.0 
1781.0 1356.0 
1781.0 1356.0 
1781.0 1356.0 
1781.0 1356.0 
1781.0 1356.0 
1781.0 1356.0 
1781.0 1356.0 
1781.0 1356.0 
1781.0 1356.0 
1781.0 1356.0 
1781.0 1356.0 
1781.0 1356.0 
1781.0 1356.0 
1781.0 1356.0 
1781.0 1356.0 
1781.0 1356.0 
1781.0 1356.0 
1781.0 1356.0 
1781.0 1356.0 
1781.0 1356.0 
1781.0 1356.0 
1781.0 1356.0 
1781.0 1356.0 
1781.0 1356.0 
1781.0 1356.0 
1781.0 1356.0 
1781.0 1356.0 
1781.0 1356.0 
1781.0 1356.0 
1781.0 1356.0 
1781.0 1356.0 
1781.0 1356.0 
1781.0 1356.0 
1781.0 1356.0 
1781.0 1356.0 
1781.0 1356.0 
1781.0 1356.0 
1781.0 1356.0 
1781.0 1356.0 
1781.0 1356.0 
1781.0 1356.0 
1781.0 1356.0 
1781.0 1356.0 
1781.0 1356.0 
1781.0 1356.0 
1781.0 1356.0 
1781.0 1356.0 
1781.0 1356.0 
1781.0 1356.0 
1781.0 1356.0 
1781.0 1356.0 
1781.0 1356.0 
1781.0 1356.0 
1781.0 1356.0 
1781.0 1356.0 
1781.0 1356.0 
1781.0 1356.0 
1781.0 1356.0 
1781.0 1356.0 
1781.0 1356.0 
1781.0 1356.0 
1781.0 1356.0 
1781.0 1356.0 
1781.0 1356.0 
1781.0 1356.0 
1781.0 1356.0 
1781.0 1356.0 
1781.0 1356.0 
1781.0 1356.0 
1781.0 1356.0 
1781.0 1356.0 
1781.0 1356.0 
1781.0 1356.0 
1781.0 1356.0 
1781.0 1356.0 
1781.0 1356.0 
1781.0 1356.0 
1810.0 1354.0 
1928.0 1268.0 
1928.0 1268.0 
1928.0 1268.0 
1928.0 1268.0 
1928.0 1268.0 
1928.0 1268.0 
1928.0 1268.0 
1928.0 1268.0 
1928.0 1268.0 
1928.0 1268.0 
1928.0 1268.0 
1781.0 1356.0 
1781.0 1356.0 
1781.0 1356.0 
1781.0 1356.0 
1781.0 1356.0 
1781.0 1356.0 
1781.0 1356.0 
1781.0 1356.0 
1781.0 1356.0 
1781.0 1356.0 
1781.0 1356.0 
1781.0 1356.0 
1781.0 1356.0 
1781.0 1356.0 
1781.0 1356.0 
1781.0 1356.0 
1798.0 1311.0 
1798.0 1311.0 
1798.0 1311.0 
1798.0 1311.0 
1907.0 1300.0 
1907.0 1300.0 
1907.0 1300.0 
1907.0 1300.0 
1907.0 1300.0 
1907.0 1300.0 
1907.0 1300.0 
1907.0 1300.0 
1907.0 1300.0 
1907.0 1300.0 
1907.0 1300.0 
1907.0 1300.0 
1907.0 1300.0 
1907.0 1300.0 
1907.0 1300.0 
1907.0 1300.0 
1955.0 1272.0 
1955.0 1272.0 
1955.0 1272.0 
1955.0 1272.0 
1955.0 1272.0 
1955.0 1272.0 
1955.0 1272.0 
1955.0 1272.0 
1955.0 1272.0 
1955.0 1272.0 
1955.0 1272.0 
1955.0 1272.0 
1955.0 1272.0 
1955.0 1272.0 
1955.0 1272.0 
1955.0 1272.0 
1955.0 1272.0 
1955.0 1272.0 
1955.0 1272.0 
1955.0 1272.0 
1955.0 1272.0 
1955.0 1272.0 
1955.0 1272.0 
1955.0 1272.0 
1955.0 1272.0 
1955.0 1272.0 
1955.0 1272.0 
1728.0 1362.0 
1583.0 1411.0 
1551.0 1382.0 
1574.0 1379.0 
1574.0 1379.0 
1574.0 1379.0 
1574.0 1379.0 
1574.0 1379.0 
1574.0 1379.0 
1590.0 1374.0 
1590.0 1374.0 
1590.0 1374.0 
1590.0 1374.0 
1590.0 1374.0 
1626.0 1356.0 
1626.0 1356.0 
1626.0 1356.0 
1626.0 1356.0 
1810.0 1354.0 
1810.0 1354.0 
1810.0 1354.0 
1810.0 1354.0 
1907.0 1300.0 
1907.0 1300.0 
1907.0 1300.0 
1907.0 1300.0 
1907.0 1300.0 
1907.0 1300.0 
1907.0 1300.0 
1907.0 1300.0 
1955.0 1272.0 
1955.0 1272.0 
1955.0 1272.0 
1955.0 1272.0 
1955.0 1272.0 
1955.0 1272.0 
1955.0 1272.0 
1510.0 1383.0 
1781.0 1356.0 
1781.0 1356.0 
1781.0 1356.0 
1781.0 1356.0 
1781.0 1356.0 
1781.0 1356.0 
1781.0 1356.0 
1781.0 1356.0 
1781.0 1356.0 
1781.0 1356.0 
1781.0 1356.0 
1781.0 1356.0 
1781.0 1356.0 
1781.0 1356.0 
1781.0 1356.0 
1781.0 1356.0 
1810.0 1354.0 
1810.0 1354.0 
1810.0 1354.0 
1810.0 1354.0 
1812.0 1290.0 
1887.0 1282.0 
1887.0 1282.0 
1887.0 1282.0 
1887.0 1282.0 
1887.0 1282.0 
1887.0 1282.0 
1887.0 1282.0 
1887.0 1282.0 
1887.0 1282.0 
1887.0 1282.0 
1887.0 1282.0 
1955.0 1272.0 
1955.0 1272.0 
1955.0 1272.0 
1955.0 1272.0 
1955.0 1272.0 
1955.0 1272.0 
1689.0 1379.0 
1690.0 1370.0 
1776.0 1347.0 
1776.0 1347.0 
1798.0 1311.0 
1798.0 1311.0 
1907.0 1300.0 
1907.0 1300.0 
1907.0 1300.0 
1907.0 1300.0 
1907.0 1300.0 
1907.0 1300.0 
1907.0 1300.0 
1907.0 1300.0 
1907.0 1300.0 
1907.0 1300.0 
1907.0 1300.0 
1907.0 1300.0 
1907.0 1300.0 
1907.0 1300.0 
1955.0 1272.0 
1955.0 1272.0 
1955.0 1272.0 
1955.0 1272.0 
1955.0 1272.0 
1955.0 1272.0 
1955.0 1272.0 
1955.0 1272.0 
1955.0 1272.0 
1955.0 1272.0 
1955.0 1272.0 
1955.0 1272.0 
1955.0 1272.0 
1955.0 1272.0 
1955.0 1272.0 
1955.0 1272.0 
1955.0 1272.0 
1955.0 1272.0 
1955.0 1272.0 
1955.0 1272.0 
1955.0 1272.0 
1955.0 1272.0 
1955.0 1272.0 
1955.0 1272.0 
1955.0 1272.0 
1955.0 1272.0 
1955.0 1272.0 
1955.0 1272.0 
1955.0 1272.0 
1955.0 1272.0 
1955.0 1272.0 
1955.0 1272.0 
1955.0 1272.0 
1591.0 1391.0 

559 418 420 424 164 138 160 423 419 46 442 444 412 155 488 334 34 55 124 83 335 519 33 0 74 253 332 32 513 422 559 
559 418 422 417 513 32 253 332 33 0 74 335 83 124 55 34 334 488 155 412 444 442 46 419 164 424 138 160 420 559 
559 418 420 424 164 138 160 423 419 421 46 442 444 412 155 488 334 34 55 124 83 335 519 332 253 32 513 20 111 1 417 422 559 
559 421 46 442 444 412 155 488 334 34 55 124 83 335 519 332 253 32 513 1 20 111 417 422 424 164 423 419 138 160 420 418 559 
559 419 421 46 442 444 155 334 488 339 34 55 124 83 335 519 332 253 32 513 111 20 1 417 422 424 164 138 160 420 418 559 
559 419 421 46 442 444 155 334 488 339 34 124 55 83 335 519 332 253 32 513 1 111 20 417 422 424 164 138 160 420 418 559 
559 418 421 46 442 444 412 155 334 488 339 34 55 124 83 335 519 332 253 32 513 20 111 1 417 422 424 164 138 160 420 559 
559 418 160 420 138 164 424 422 417 1 111 20 513 32 328 340 79 330 331 33 0 74 517 519 335 83 55 124 34 339 413 559 
559 418 422 417 111 20 1 513 32 328 79 330 331 33 0 74 519 335 83 124 55 34 339 488 334 413 160 420 138 164 424 559 
559 418 422 417 111 20 1 513 32 328 79 330 331 33 0 74 517 519 335 83 55 124 34 334 488 413 421 160 420 138 164 424 559 
559 418 422 417 111 20 1 513 32 328 79 330 331 33 0 74 517 519 335 83 55 124 34 339 488 413 160 420 138 164 424 559 
559 418 422 417 111 20 1 513 32 328 79 330 331 33 0 74 517 253 332 335 83 124 55 34 334 488 413 160 420 138 164 424 559 
559 418 420 424 164 138 160 423 419 46 442 444 412 155 488 334 34 55 124 83 335 519 33 0 74 253 332 32 513 422 559 
559 418 422 20 513 32 253 332 33 0 74 517 519 335 83 124 55 34 334 488 155 444 442 46 419 138 160 420 164 424 559 
559 418 420 424 164 138 160 423 419 421 46 442 444 155 488 334 34 124 55 83 335 519 517 33 0 74 253 332 32 513 422 559 
559 418 422 417 1 20 111 513 32 253 332 33 0 74 519 335 83 55 124 34 334 488 155 444 442 46 419 138 160 420 164 424 559 
559 418 422 417 111 20 1 513 32 253 332 33 0 74 335 83 124 55 34 334 488 155 444 442 46 419 423 138 160 420 164 424 559 
559 418 413 488 334 34 55 124 83 335 332 253 519 517 33 0 74 331 330 79 328 32 513 111 20 1 417 422 424 164 138 160 420 559 
559 418 420 424 164 138 160 423 419 46 442 444 412 155 488 334 34 55 124 83 335 519 33 0 74 253 332 32 513 422 559 
559 418 420 424 164 138 160 423 419 421 46 442 444 412 155 488 334 34 55 124 83 335 519 332 253 32 513 20 111 1 417 422 559 
559 418 423 419 421 46 442 444 412 155 488 334 34 55 124 83 335 519 332 253 32 513 111 20 1 417 422 424 164 138 160 420 559 
559 418 160 420 138 164 424 422 513 32 328 79 330 331 33 0 74 519 332 253 335 83 55 124 34 334 488 412 155 413 559 
559 420 422 417 111 20 1 513 32 328 79 330 331 33 0 74 517 519 335 83 124 55 334 488 155 413 418 424 164 138 160 559 
559 418 160 420 138 164 424 422 417 1 111 20 513 32 328 79 330 331 33 0 74 517 519 253 332 335 83 55 124 34 334 488 413 559 
559 418 160 420 138 164 424 422 417 1 20 111 513 32 328 79 330 331 33 0 74 253 332 335 83 55 124 34 334 488 155 413 559 
559 418 420 424 164 138 160 423 419 46 442 444 412 155 488 334 34 55 124 83 335 519 33 0 74 253 332 32 513 422 559 
559 418 422 417 513 32 253 332 33 0 74 335 83 124 55 34 334 488 155 412 444 442 46 419 164 424 138 160 420 559 
559 421 46 442 444 412 155 488 334 34 55 124 83 335 519 332 253 32 513 1 20 111 417 422 424 164 423 419 138 160 420 418 559 
559 419 421 46 442 444 155 334 488 339 34 55 124 83 335 519 332 253 32 513 1 20 111 417 422 424 164 138 160 420 418 559 
559 418 413 421 46 442 444 155 334 488 339 34 124 55 83 335 332 253 32 513 1 20 111 417 422 424 164 138 160 420 559 
559 418 421 413 339 253 332 335 124 55 83 519 517 33 0 74 331 330 79 328 32 513 111 20 1 417 422 424 164 138 160 420 559 
559 418 160 420 138 164 424 422 417 20 111 1 513 32 328 340 79 330 331 33 0 74 517 519 335 83 55 124 34 339 413 559 
559 418 422 417 111 20 1 513 32 328 253 332 335 83 124 55 34 334 488 155 412 444 442 46 421 419 164 424 138 160 420 559 
559 418 413 339 332 253 335 34 124 55 83 33 0 74 327 517 331 330 79 328 32 513 1 20 111 417 422 424 164 138 160 420 559 
559 418 413 339 332 253 335 34 124 55 83 519 517 33 0 74 331 330 79 328 32 513 1 20 111 417 422 424 164 138 160 420 559 
559 418 421 413 339 332 253 335 34 124 55 83 517 33 0 74 331 330 79 328 32 513 111 20 1 417 422 424 164 138 160 420 559 
559 418 138 160 420 424 164 423 419 421 46 442 155 488 334 34 55 124 83 335 519 517 33 0 74 253 332 32 513 422 559 
559 418 138 160 420 424 164 423 419 421 46 442 155 488 334 34 124 55 83 335 519 517 33 0 74 253 332 32 513 422 559 
559 418 419 421 46 442 444 412 155 488 334 34 124 55 83 335 33 0 74 253 332 32 513 422 424 164 138 160 420 559 
559 418 422 417 513 32 253 332 33 0 74 335 83 124 55 34 334 488 155 412 444 442 46 419 164 424 138 160 420 559 
559 418 420 424 164 138 160 423 419 421 46 442 444 412 155 488 334 34 55 124 83 335 519 332 253 32 513 20 111 1 417 422 559 
559 418 420 424 164 138 160 423 419 421 46 442 444 412 155 488 334 34 55 124 83 335 519 332 253 32 513 111 20 1 417 422 559 
559 423 419 421 46 442 444 412 155 488 334 34 124 55 83 335 519 332 253 32 513 1 20 111 417 422 424 164 138 160 420 418 559 
559 418 413 421 419 46 442 444 155 488 334 34 55 124 83 335 519 332 253 32 513 111 20 1 417 422 424 164 138 160 420 559 
559 418 419 421 46 442 444 155 334 488 339 34 124 55 83 335 519 332 253 32 513 111 20 1 417 422 424 164 138 160 420 559 
559 418 138 160 420 424 164 419 421 46 442 444 155 488 334 34 124 55 83 335 519 517 33 0 74 253 332 32 513 422 559 
559 418 138 160 420 424 164 423 419 421 46 442 444 155 488 334 34 55 124 83 335 517 33 0 74 253 332 32 513 422 559 
559 418 413 155 488 334 34 124 55 83 335 519 517 33 0 74 331 330 79 328 32 513 111 20 1 417 422 424 164 138 160 420 559 
559 418 423 419 421 46 442 444 155 488 334 34 124 55 83 335 519 517 33 0 74 253 332 32 513 422 424 164 138 160 420 559 
559 418 423 419 421 46 442 444 155 488 334 34 55 124 83 335 519 517 33 0 74 253 332 32 513 422 424 164 138 160 420 559 
559 418 422 417 513 32 253 332 33 0 74 335 83 124 55 34 334 488 155 412 444 442 46 419 164 424 138 160 420 559 
559 418 420 424 164 138 160 423 419 421 46 442 444 412 155 488 334 34 55 124 83 335 519 332 253 32 513 20 111 1 417 422 559 
559 418 420 424 164 138 160 423 419 421 46 442 444 412 155 488 334 34 124 55 83 335 519 332 253 32 513 20 111 1 417 422 559 
559 418 420 424 164 138 160 423 419 421 46 442 444 412 155 488 334 34 55 124 83 335 519 332 253 32 513 111 20 1 417 422 559 
559 418 423 419 421 46 442 444 412 155 488 334 34 124 55 83 335 519 332 253 32 513 20 111 1 417 422 424 164 138 160 420 559 
559 418 160 420 138 164 424 422 513 32 328 79 330 331 33 0 74 519 332 253 335 83 55 124 34 334 488 412 155 413 559 
559 418 422 417 1 20 111 513 32 328 79 330 331 33 0 74 519 335 83 124 55 34 339 488 334 413 160 420 138 164 424 559 
559 418 423 419 46 442 444 412 155 488 334 34 55 124 83 335 519 33 0 74 253 332 32 513 422 424 164 138 160 420 559 
559 418 422 417 20 111 1 513 32 328 253 332 335 83 124 55 34 334 488 155 412 444 442 46 421 419 164 424 138 160 420 559 
559 418 160 420 138 164 424 422 417 20 111 1 513 32 328 79 330 331 33 0 74 517 519 253 332 335 83 55 124 34 334 488 413 559 
559 418 160 420 138 164 424 422 417 20 111 1 513 32 328 79 330 331 33 0 74 253 332 335 83 55 124 34 334 488 155 413 559 
559 418 420 424 164 138 160 423 419 46 442 444 412 155 488 334 34 55 124 83 335 519 33 0 74 253 332 32 513 422 559 
559 418 420 424 164 138 160 423 419 421 46 442 444 412 155 488 334 34 55 124 83 335 519 332 253 32 513 20 111 1 417 422 559 
559 418 422 417 111 20 1 513 32 328 253 332 335 83 124 55 34 334 488 155 412 444 442 46 421 419 164 424 138 160 420 559 
559 423 419 46 442 444 155 488 334 34 55 124 83 335 33 0 74 253 332 32 513 1 20 111 417 422 424 164 138 160 420 559 
559 418 413 155 488 334 34 55 124 83 335 519 517 33 0 74 331 330 79 328 32 513 1 20 111 417 422 424 164 138 160 420 559 
559 413 155 488 334 34 55 124 83 253 332 33 0 74 331 330 79 328 32 513 1 20 111 417 422 418 424 164 138 160 420 559 
559 418 422 513 32 253 332 33 0 74 517 335 83 55 124 34 334 488 155 412 444 442 46 421 419 424 164 138 160 420 559 
559 418 424 413 339 332 253 335 34 55 124 83 519 517 33 0 74 331 330 79 328 32 513 111 20 1 417 422 164 138 160 420 559 
559 418 422 513 32 253 332 33 0 74 517 519 335 83 124 55 34 334 488 155 412 444 442 46 419 164 424 138 160 420 559 
559 418 421 413 339 332 253 335 34 124 55 83 517 0 74 33 331 330 79 328 32 513 1 20 111 417 422 424 164 138 160 420 559 
559 418 421 413 339 332 253 335 83 124 55 519 517 33 0 74 331 330 79 328 32 513 1 20 111 417 422 424 164 138 160 420 559 
559 418 421 413 339 332 253 335 34 124 55 83 519 517 33 0 74 330 79 328 32 513 1 20 111 417 422 424 164 138 160 420 559 
559 418 413 488 334 339 34 124 55 83 335 519 517 33 0 74 331 330 79 328 513 1 20 111 417 422 424 164 138 160 420 559 
559 418 46 442 444 412 155 488 334 34 124 55 83 335 517 33 0 74 253 332 32 513 1 111 20 422 424 164 138 160 420 559 
559 418 46 442 444 412 155 488 334 34 124 55 83 335 519 33 0 74 253 332 32 513 1 111 20 422 424 164 138 160 420 559 
559 418 421 46 442 444 412 155 488 334 34 55 124 83 335 332 253 33 0 74 517 519 32 513 422 424 164 138 160 420 559 
559 422 417 1 111 20 513 32 328 253 332 335 83 124 55 34 334 488 155 412 444 442 46 419 423 164 424 138 160 420 418 559 
559 418 423 419 421 46 442 444 412 155 488 334 34 124 55 83 335 519 332 253 32 513 1 20 111 417 422 424 164 138 160 420 559 
559 421 46 442 444 412 155 488 334 34 55 124 83 335 519 332 253 32 513 1 20 111 417 422 424 164 423 419 138 160 420 418 559 
559 418 420 424 164 138 160 423 419 421 46 442 444 412 155 488 334 34 55 124 83 335 519 332 253 32 513 20 111 1 417 422 559 
559 419 421 46 442 444 155 334 488 339 34 55 124 83 335 519 332 253 32 513 1 20 111 417 422 424 164 138 160 420 418 559 
559 418 419 421 46 442 444 155 334 488 339 34 55 124 83 335 519 332 253 32 513 1 20 111 417 422 424 164 138 160 420 559 
559 419 421 46 442 444 155 334 488 339 34 55 124 83 335 519 332 253 32 513 111 20 1 417 422 424 164 138 160 420 418 559 
559 418 160 420 138 164 424 422 513 32 328 79 330 331 33 0 74 519 335 34 124 55 83 332 253 339 334 488 155 413 559 
559 418 160 420 138 164 424 422 417 20 111 1 513 32 328 340 79 330 331 33 0 74 517 519 335 83 55 124 34 339 413 559 
559 418 160 420 138 164 424 422 417 20 111 1 513 32 328 340 79 330 331 33 0 74 517 519 335 83 124 55 34 339 413 559 
559 418 421 46 442 444 412 155 488 334 34 55 124 83 335 33 0 74 517 332 253 328 32 513 422 424 164 138 160 420 559 
559 418 419 46 442 444 412 155 488 334 34 55 124 83 335 519 332 253 328 32 513 20 111 1 417 422 424 164 138 160 420 559 
559 413 155 488 334 34 55 124 83 335 519 332 253 33 0 74 331 330 79 328 32 513 1 20 111 417 424 164 138 160 420 418 559 
559 418 423 419 421 46 442 444 155 488 334 34 55 124 83 335 519 517 33 0 74 253 332 32 513 422 424 164 138 160 420 559 
559 418 422 417 513 32 253 332 33 0 74 335 83 124 55 34 334 488 155 412 444 442 46 419 164 424 138 160 420 559 
559 421 46 442 444 412 155 488 334 34 55 124 83 335 519 332 253 32 513 1 20 111 417 422 424 164 423 419 138 160 420 418 559 
559 419 421 46 442 444 155 334 488 339 34 124 55 83 335 519 253 332 32 513 1 20 111 417 422 424 164 138 160 420 418 559 
559 418 421 46 442 444 412 155 334 488 339 34 55 124 83 335 519 332 253 32 513 20 111 1 417 422 424 164 138 160 420 559 
559 418 164 424 422 417 1 20 111 513 32 328 79 330 331 33 0 74 517 335 83 124 55 34 334 488 413 421 419 138 160 420 559 
559 418 160 420 138 164 424 417 1 111 20 513 32 328 79 330 331 74 33 0 517 519 335 83 55 124 34 334 488 155 413 559 
559 418 160 420 138 164 424 422 417 20 111 1 513 32 328 79 330 331 33 0 74 519 335 83 55 124 34 339 488 334 413 559 
559 418 423 419 46 442 444 412 155 488 334 34 55 124 83 335 519 33 0 74 253 332 32 513 422 424 164 138 160 420 559 
559 418 422 417 1 20 111 513 32 328 253 332 335 83 124 55 34 334 488 155 412 444 442 46 421 419 164 424 138 160 420 559 
559 418 419 46 442 444 412 155 488 334 34 124 55 83 335 519 332 253 328 32 513 20 111 1 417 422 424 164 138 160 420 559 
559 418 164 424 422 513 32 328 253 332 33 0 74 517 519 335 83 124 55 34 334 488 155 444 442 46 419 423 138 160 420 559 
559 418 164 424 422 513 32 328 253 332 33 0 74 517 519 335 83 55 124 34 334 488 155 444 442 46 419 423 138 160 420 559 
559 418 164 424 422 417 1 20 111 513 32 253 332 33 0 74 335 83 124 55 34 334 488 155 444 442 46 421 419 138 160 420 559 
559 418 164 424 422 417 111 20 1 513 32 253 332 33 0 74 335 83 124 55 34 334 488 155 444 442 46 421 419 138 160 420 559 
559 418 164 424 422 417 111 20 1 513 32 253 332 33 0 74 335 83 55 124 34 334 488 155 444 442 46 421 419 138 160 420 559 
559 418 164 424 422 417 1 20 111 513 32 253 332 33 0 74 335 83 55 124 34 334 488 155 444 442 46 421 419 138 160 420 559 
559 418 164 424 422 417 1 111 20 513 32 253 332 33 0 74 335 83 55 124 34 334 488 155 444 442 46 421 419 138 160 420 559 
559 418 164 424 422 417 1 111 20 513 32 253 332 33 0 74 335 83 55 124 34 334 488 155 442 444 46 421 419 138 160 420 559 
559 418 164 424 422 417 20 111 1 513 32 253 332 33 0 74 335 83 55 124 34 334 488 155 442 444 46 421 419 138 160 420 559 
559 418 164 424 422 417 1 20 111 513 32 253 332 33 0 74 335 83 55 124 34 334 488 155 442 444 46 421 419 138 160 420 559 
559 418 164 424 422 417 1 20 111 513 32 253 332 33 0 74 335 83 124 55 34 334 488 155 442 444 46 421 419 138 160 420 559 
559 422 417 111 20 1 513 32 253 332 33 0 74 519 335 83 55 124 34 334 488 155 442 444 46 419 424 164 138 160 420 418 559 
559 418 422 417 111 20 1 513 32 253 332 33 0 74 519 335 83 55 124 34 334 488 155 442 444 46 419 424 164 138 160 420 559 
559 418 422 417 20 111 1 513 32 253 332 33 0 74 519 335 83 55 124 34 334 488 155 442 444 46 419 424 164 138 160 420 559 
559 418 164 424 422 417 20 111 1 513 32 253 332 33 0 74 519 335 83 55 124 34 334 488 155 442 444 46 419 138 160 420 559 
559 418 164 424 422 417 1 111 20 513 32 253 332 33 0 74 519 335 83 55 124 34 334 488 155 442 444 46 419 138 160 420 559 
559 418 164 424 422 417 1 20 111 513 32 253 332 33 0 74 519 335 83 55 124 34 334 488 155 442 444 46 419 138 160 420 559 
559 418 164 424 422 417 111 20 1 513 32 253 332 33 0 74 519 335 83 55 124 34 334 488 155 442 444 46 419 138 160 420 559 
559 418 164 424 422 417 1 20 111 513 32 253 332 33 0 74 519 335 83 124 55 34 334 488 155 444 442 46 419 138 160 420 559 
559 418 164 424 422 417 1 20 111 513 32 253 332 33 0 74 519 335 83 55 124 34 334 488 155 444 442 46 419 138 160 420 559 
559 418 164 424 422 417 1 111 20 513 32 253 332 33 0 74 519 335 83 55 124 34 334 488 155 444 442 46 419 138 160 420 559 
559 418 164 424 422 417 111 20 1 513 32 253 332 33 0 74 519 335 83 55 124 34 334 488 155 444 442 46 419 138 160 420 559 
559 418 420 164 424 422 417 111 20 1 513 32 253 332 33 0 74 519 335 83 55 124 34 334 488 155 444 442 46 419 138 160 559 
559 418 420 164 424 422 417 111 20 1 513 32 253 332 33 0 74 519 335 83 124 55 34 334 488 155 444 442 46 419 138 160 559 
559 418 420 164 424 422 417 1 111 20 513 32 253 332 33 0 74 519 335 83 124 55 34 334 488 155 444 442 46 419 138 160 559 
559 418 420 164 424 422 417 1 20 111 513 32 253 332 33 0 74 519 335 83 124 55 34 334 488 155 444 442 46 419 138 160 559 
559 418 420 164 424 422 417 1 20 111 513 32 253 332 33 0 74 519 335 83 55 124 34 334 488 155 444 442 46 419 138 160 559 
559 418 420 164 424 422 417 1 111 20 513 32 253 332 33 0 74 519 335 83 55 124 34 334 488 155 444 442 46 419 138 160 559 
559 418 420 164 424 422 417 20 111 1 513 32 253 332 33 0 74 519 335 83 55 124 34 334 488 155 444 442 46 419 138 160 559 
559 418 420 164 424 422 417 20 111 1 513 32 253 332 33 0 74 519 335 83 124 55 34 334 488 155 444 442 46 419 138 160 559 
559 418 420 164 424 422 417 20 111 1 513 32 253 332 33 0 74 519 335 83 124 55 34 334 488 155 442 444 46 419 138 160 559 
559 418 420 164 424 422 417 20 111 1 513 32 253 332 33 0 74 519 335 83 55 124 34 334 488 155 442 444 46 419 138 160 559 
559 418 420 164 424 422 417 1 20 111 513 32 253 332 33 0 74 519 335 83 55 124 34 334 488 155 442 444 46 419 138 160 559 
559 418 420 164 424 422 417 1 111 20 513 32 253 332 33 0 74 519 335 83 55 124 34 334 488 155 442 444 46 419 138 160 559 
559 418 420 164 424 422 417 1 111 20 513 32 253 332 33 0 74 519 335 83 124 55 34 334 488 155 442 444 46 419 138 160 559 
559 418 420 164 424 422 417 111 20 1 513 32 253 332 33 0 74 519 335 83 124 55 34 334 488 155 442 444 46 419 138 160 559 
559 418 421 46 442 444 155 488 334 34 124 55 83 335 519 517 33 0 74 253 332 32 513 111 20 1 417 422 424 164 138 160 420 559 
559 418 420 138 164 424 422 513 32 328 79 330 331 33 0 74 517 519 335 83 55 124 34 334 488 155 442 444 46 160 559 
559 418 160 420 138 164 424 422 513 32 328 79 330 331 33 0 74 517 519 335 83 55 124 34 334 488 155 444 442 46 559 
559 418 160 420 138 164 424 422 513 32 328 79 330 331 33 0 74 517 519 335 83 124 55 34 334 488 155 444 442 46 559 
559 420 160 419 138 164 424 422 417 1 20 111 513 32 328 79 330 331 33 0 74 335 83 124 55 34 334 488 155 413 418 559 
559 420 160 419 138 164 424 422 417 1 111 20 513 32 328 79 330 331 33 0 74 335 83 124 55 34 334 488 155 413 418 559 
559 420 138 160 419 164 424 422 417 1 111 20 513 32 328 79 330 331 33 0 74 335 83 124 55 34 334 488 155 413 418 559 
559 420 138 160 419 164 424 422 417 1 111 20 513 32 328 79 330 331 33 0 74 335 83 55 124 34 334 488 155 413 418 559 
559 420 160 419 138 164 424 422 417 1 111 20 513 32 328 79 330 331 33 0 74 335 83 55 124 34 334 488 155 413 418 559 
559 420 160 419 138 164 424 422 417 111 20 1 513 32 328 79 330 331 33 0 74 335 83 55 124 34 334 488 155 413 418 559 
559 420 160 419 138 164 424 422 417 1 20 111 513 32 328 79 330 331 33 0 74 335 83 55 124 34 334 488 155 413 418 559 
559 420 138 160 419 164 424 422 417 1 20 111 513 32 328 79 330 331 33 0 74 335 83 55 124 34 334 488 155 413 418 559 
559 418 420 138 160 419 164 424 422 417 1 20 111 513 32 328 79 330 331 33 0 74 335 83 55 124 34 334 488 155 413 559 
559 418 420 160 419 138 164 424 422 417 1 20 111 513 32 328 79 330 331 33 0 74 335 83 55 124 34 334 488 155 413 559 
559 418 420 160 419 138 164 424 422 417 111 20 1 513 32 328 79 330 331 33 0 74 335 83 55 124 34 334 488 155 413 559 
559 418 420 138 160 419 164 424 422 417 111 20 1 513 32 328 79 330 331 33 0 74 335 83 55 124 34 334 488 155 413 559 
559 418 420 138 160 419 164 424 422 417 20 111 1 513 32 328 79 330 331 33 0 74 335 83 55 124 34 334 488 155 413 559 
559 418 420 160 419 138 164 424 422 417 20 111 1 513 32 328 79 330 331 33 0 74 335 83 55 124 34 334 488 155 413 559 
559 418 420 160 419 138 164 424 422 417 1 111 20 513 32 328 79 330 331 33 0 74 335 83 55 124 34 334 488 155 413 559 
559 418 420 160 419 138 164 424 422 417 1 111 20 513 32 328 79 330 331 33 0 74 335 83 124 55 34 334 488 155 413 559 
559 418 420 138 160 419 164 424 422 417 1 111 20 513 32 328 79 330 331 33 0 74 335 83 124 55 34 334 488 155 413 559 
559 418 420 138 160 419 164 424 422 417 1 111 20 513 32 328 79 330 331 33 0 74 335 83 55 124 34 334 488 155 413 559 
559 160 420 138 164 424 422 417 1 20 111 513 32 328 79 330 331 33 0 74 517 519 335 83 124 55 34 334 488 155 413 418 559 
559 418 164 424 422 417 1 111 20 513 32 253 332 33 0 74 335 83 55 124 34 334 488 155 444 442 46 421 419 138 160 420 559 
559 418 164 424 422 417 1 20 111 513 32 253 332 33 0 74 335 83 55 124 34 334 488 155 444 442 46 421 419 138 160 420 559 
559 418 164 424 422 417 1 20 111 513 32 253 332 33 0 74 335 83 124 55 34 334 488 155 444 442 46 421 419 138 160 420 559 
559 418 164 424 422 417 1 111 20 513 32 253 332 33 0 74 335 83 124 55 34 334 488 155 444 442 46 421 419 138 160 420 559 
559 418 164 424 422 417 20 111 1 513 32 253 332 33 0 74 335 83 124 55 34 334 488 155 444 442 46 421 419 138 160 420 559 
559 418 164 424 422 417 111 20 1 513 32 253 332 33 0 74 335 83 124 55 34 334 488 155 444 442 46 421 419 138 160 420 559 
559 418 164 424 422 417 111 20 1 513 32 253 332 33 0 74 335 83 55 124 34 334 488 155 444 442 46 421 419 138 160 420 559 
559 418 164 424 422 417 111 20 1 513 32 253 332 33 0 74 335 83 55 124 34 334 488 155 442 444 46 421 419 138 160 420 559 
559 418 164 424 422 417 1 111 20 513 32 253 332 33 0 74 335 83 55 124 34 334 488 155 442 444 46 421 419 138 160 420 559 
559 418 164 424 422 417 1 20 111 513 32 253 332 33 0 74 335 83 55 124 34 334 488 155 442 444 46 421 419 138 160 420 559 
559 418 164 424 422 417 1 20 111 513 32 253 332 33 0 74 519 335 83 55 124 34 334 488 155 444 442 46 419 138 160 420 559 
559 418 164 424 422 417 111 20 1 513 32 253 332 33 0 74 519 335 83 55 124 34 334 488 155 444 442 46 419 138 160 420 559 
559 418 164 424 422 417 111 20 1 513 32 253 332 33 0 74 519 335 83 124 55 34 334 488 155 444 442 46 419 138 160 420 559 
559 418 164 424 422 417 1 20 111 513 32 253 332 33 0 74 519 335 83 124 55 34 334 488 155 444 442 46 419 138 160 420 559 
559 418 164 424 422 417 1 111 20 513 32 253 332 33 0 74 519 335 83 124 55 34 334 488 155 444 442 46 419 138 160 420 559 
559 418 164 424 422 417 20 111 1 513 32 253 332 33 0 74 519 335 83 124 55 34 334 488 155 444 442 46 419 138 160 420 559 
559 418 164 424 422 417 20 111 1 513 32 253 332 33 0 74 519 335 83 124 55 34 334 488 155 442 444 46 419 138 160 420 559 
559 418 420 164 424 422 417 20 111 1 513 32 253 332 33 0 74 519 335 83 124 55 34 334 488 155 442 444 46 419 138 160 559 
559 418 420 164 424 422 417 111 20 1 513 32 253 332 33 0 74 519 335 83 124 55 34 334 488 155 442 444 46 419 138 160 559 
559 418 420 164 424 422 417 111 20 1 513 32 253 332 33 0 74 519 335 83 124 55 34 334 488 155 444 442 46 419 138 160 559 
559 418 420 164 424 422 417 1 20 111 513 32 253 332 33 0 74 519 335 83 124 55 34 334 488 155 444 442 46 419 138 160 559 
559 418 420 164 424 422 417 1 111 20 513 32 253 332 33 0 74 519 335 83 124 55 34 334 488 155 444 442 46 419 138 160 559 
559 418 420 164 424 422 417 20 111 1 513 32 253 332 33 0 74 519 335 83 124 55 34 334 488 155 444 442 46 419 138 160 559 
559 418 420 164 424 422 417 20 111 1 513 32 253 332 33 0 74 519 335 83 55 124 34 334 488 155 444 442 46 419 138 160 559 
559 418 420 164 424 422 417 1 20 111 513 32 253 332 33 0 74 519 335 83 55 124 34 334 488 155 444 442 46 419 138 160 559 
559 418 420 164 424 422 417 1 111 20 513 32 253 332 33 0 74 519 335 83 55 124 34 334 488 155 444 442 46 419 138 160 559 
559 418 420 164 424 422 417 1 111 20 513 32 253 332 33 0 74 519 335 83 55 124 34 334 488 155 442 444 46 419 138 160 559 
559 418 420 164 424 422 417 111 20 1 513 32 253 332 33 0 74 519 335 83 55 124 34 334 488 155 442 444 46 419 138 160 559 
559 418 420 164 424 422 417 111 20 1 513 32 253 332 33 0 74 519 335 83 55 124 34 334 488 155 444 442 46 419 138 160 559 
559 418 421 46 442 444 155 488 334 34 55 124 83 335 517 33 0 74 519 332 253 32 513 111 20 1 417 422 424 164 138 160 420 559 
559 418 421 46 442 444 155 488 334 34 55 124 83 335 519 517 33 0 74 253 332 32 513 111 20 1 417 422 424 164 138 160 420 559 
559 418 421 46 442 444 155 488 334 34 55 124 83 335 519 517 33 0 74 253 332 32 513 1 20 111 417 422 424 164 138 160 420 559 
559 418 420 160 419 138 164 424 422 417 1 20 111 513 32 328 79 330 331 33 0 74 335 83 124 55 34 334 488 155 413 559 
559 418 420 160 419 138 164 424 422 417 111 20 1 513 32 328 79 330 331 33 0 74 335 83 124 55 34 334 488 155 413 559 
559 418 420 160 419 138 164 424 422 417 1 111 20 513 32 328 79 330 331 33 0 74 335 83 124 55 34 334 488 155 413 559 
559 418 420 138 160 419 164 424 422 417 1 111 20 513 32 328 79 330 331 33 0 74 335 83 124 55 34 334 488 155 413 559 
559 418 420 138 160 419 164 424 422 417 1 111 20 513 32 328 79 330 331 33 0 74 335 83 55 124 34 334 488 155 413 559 
559 418 420 160 419 138 164 424 422 417 1 111 20 513 32 328 79 330 331 33 0 74 335 83 55 124 34 334 488 155 413 559 
559 418 420 160 419 138 164 424 422 417 1 20 111 513 32 328 79 330 331 33 0 74 335 83 55 124 34 334 488 155 413 559 
559 418 420 160 419 138 164 424 422 417 111 20 1 513 32 328 79 330 331 33 0 74 335 83 55 124 34 334 488 155 413 559 
559 418 420 138 160 419 164 424 422 417 111 20 1 513 32 328 79 330 331 33 0 74 335 83 55 124 34 334 488 155 413 559 
559 418 420 138 160 419 164 424 422 417 1 20 111 513 32 328 79 330 331 33 0 74 335 83 55 124 34 334 488 155 413 559 
559 418 420 138 160 419 164 424 422 417 1 20 111 513 32 328 79 330 331 33 0 74 335 83 124 55 34 334 488 155 413 559 
559 418 420 138 160 419 164 424 422 417 111 20 1 513 32 328 79 330 331 33 0 74 335 83 124 55 34 334 488 155 413 559 
559 418 420 138 160 419 164 424 422 417 20 111 1 513 32 328 79 330 331 33 0 74 335 83 124 55 34 334 488 155 413 559 
559 418 420 160 419 138 164 424 422 417 20 111 1 513 32 328 79 330 331 33 0 74 335 83 124 55 34 334 488 155 413 559 
559 418 420 160 419 138 164 424 422 417 20 111 1 513 32 328 79 330 331 33 0 74 335 83 55 124 34 334 488 155 413 559 
559 418 420 138 160 419 164 424 422 417 20 111 1 513 32 328 79 330 331 33 0 74 335 83 55 124 34 334 488 155 413 559 
559 418 160 420 138 164 424 422 417 20 111 1 513 32 328 79 330 331 33 0 74 517 519 335 83 124 55 34 334 488 155 413 559 
559 418 160 420 138 164 424 422 417 111 20 1 513 32 328 79 330 331 33 0 74 517 519 335 83 124 55 34 334 488 155 413 559 
559 418 160 420 138 164 424 422 417 1 20 111 513 32 328 79 330 331 33 0 74 517 519 335 83 124 55 34 334 488 155 413 559 
559 418 164 424 422 513 32 328 253 332 33 0 74 517 519 335 83 124 55 34 334 488 155 444 442 46 419 423 138 160 420 559 
559 418 164 424 422 513 32 328 253 332 33 0 74 517 519 335 83 124 55 34 334 488 155 442 444 46 419 423 138 160 420 559 
559 418 164 424 422 513 32 328 253 332 33 0 74 517 519 335 83 55 124 34 334 488 155 442 444 46 419 423 138 160 420 559 
559 418 421 46 442 444 155 488 334 34 55 124 83 335 519 517 33 0 74 253 332 32 513 111 20 1 417 422 424 164 138 160 420 559 
559 418 421 46 442 444 155 488 334 34 124 55 83 335 519 517 33 0 74 253 332 32 513 111 20 1 417 422 424 164 138 160 420 559 
559 418 421 46 442 444 155 488 334 34 124 55 83 335 519 33 0 74 517 332 253 32 513 111 20 1 417 422 424 164 138 160 420 559 
559 418 421 46 442 444 155 488 334 34 55 124 83 335 519 33 0 74 517 332 253 32 513 111 20 1 417 422 424 164 138 160 420 559 
559 418 421 46 442 444 155 488 334 34 55 124 83 335 519 33 0 74 517 332 253 32 513 1 111 20 417 422 424 164 138 160 420 559 
559 418 421 46 442 444 155 488 334 34 55 124 83 335 519 33 0 74 517 253 332 32 513 1 111 20 417 422 424 164 138 160 420 559 
559 418 421 46 442 444 155 488 334 34 55 124 83 335 519 517 33 0 74 253 332 32 513 1 111 20 417 422 424 164 138 160 420 559 
559 418 421 46 442 444 155 488 334 34 55 124 83 335 519 517 33 0 74 253 332 32 513 20 111 1 417 422 424 164 138 160 420 559 
559 418 421 46 442 444 155 488 334 34 55 124 83 335 519 517 33 0 74 253 332 32 513 1 20 111 417 422 424 164 138 160 420 559 
559 418 421 46 442 444 155 488 334 34 124 55 83 335 519 517 33 0 74 253 332 32 513 1 20 111 417 422 424 164 138 160 420 559 
559 418 421 46 442 444 155 488 334 34 124 55 83 335 519 517 33 0 74 253 332 32 513 1 111 20 417 422 424 164 138 160 420 559 
559 418 421 46 442 444 155 488 334 34 124 55 83 335 519 517 33 0 74 253 332 32 513 20 111 1 417 422 424 164 138 160 420 559 
559 418 421 46 442 444 155 488 334 34 124 55 83 335 517 33 0 74 519 332 253 32 513 20 111 1 417 422 424 164 138 160 420 559 
559 418 421 46 442 444 155 488 334 34 124 55 83 335 517 33 0 74 519 253 332 32 513 20 111 1 417 422 424 164 138 160 420 559 
559 418 421 46 442 444 155 488 334 34 124 55 83 335 517 33 0 74 519 253 332 32 513 1 111 20 417 422 424 164 138 160 420 559 
559 418 421 46 442 444 155 488 334 34 124 55 83 335 517 33 0 74 519 332 253 32 513 1 111 20 417 422 424 164 138 160 420 559 
559 418 421 46 442 444 155 488 334 34 124 55 83 335 517 33 0 74 519 332 253 32 513 111 20 1 417 422 424 164 138 160 420 559 
559 418 421 46 442 444 155 488 334 34 124 55 83 335 517 33 0 74 519 253 332 32 513 111 20 1 417 422 424 164 138 160 420 559 
559 418 421 46 442 444 155 488 334 34 124 55 83 335 517 33 0 74 519 332 253 32 513 1 20 111 417 422 424 164 138 160 420 559 
559 418 421 46 442 444 155 488 334 34 124 55 83 335 517 33 0 74 519 253 332 32 513 1 20 111 417 422 424 164 138 160 420 559 
559 418 421 46 442 444 155 488 334 34 55 124 83 335 517 33 0 74 519 253 332 32 513 1 20 111 417 422 424 164 138 160 420 559 
559 418 421 46 442 444 155 488 334 34 55 124 83 335 517 33 0 74 519 332 253 32 513 1 20 111 417 422 424 164 138 160 420 559 
559 418 421 46 442 444 155 488 334 34 55 124 83 335 517 33 0 74 519 332 253 32 513 1 111 20 417 422 424 164 138 160 420 559 
559 418 421 46 442 444 155 488 334 34 55 124 83 335 517 33 0 74 519 253 332 32 513 111 20 1 417 422 424 164 138 160 420 559 
559 418 421 46 442 444 155 488 334 34 55 124 83 335 517 33 0 74 519 332 253 32 513 111 20 1 417 422 424 164 138 160 420 559 
559 420 160 419 138 164 424 422 417 1 111 20 513 32 328 79 330 331 33 0 74 335 83 124 55 34 334 488 155 413 418 559 
559 418 420 160 419 138 164 424 422 417 1 111 20 513 32 328 79 330 331 33 0 74 335 83 124 55 34 334 488 155 413 559 
559 418 420 138 160 419 164 424 422 417 1 111 20 513 32 328 79 330 331 33 0 74 335 83 124 55 34 334 488 155 413 559 
559 418 420 138 160 419 164 424 422 417 1 111 20 513 32 328 79 330 331 33 0 74 335 83 55 124 34 334 488 155 413 559 
559 418 420 160 419 138 164 424 422 417 1 111 20 513 32 328 79 330 331 33 0 74 335 83 55 124 34 334 488 155 413 559 
559 418 420 160 419 138 164 424 422 417 111 20 1 513 32 328 79 330 331 33 0 74 335 83 55 124 34 334 488 155 413 559 
559 418 420 160 419 138 164 424 422 417 1 20 111 513 32 328 79 330 331 33 0 74 335 83 55 124 34 334 488 155 413 559 
559 418 420 160 419 138 164 424 422 417 1 20 111 513 32 328 79 330 331 33 0 74 335 83 124 55 34 334 488 155 413 559 
559 418 420 138 160 419 164 424 422 417 1 20 111 513 32 328 79 330 331 33 0 74 335 83 124 55 34 334 488 155 413 559 
559 418 420 138 160 419 164 424 422 417 1 20 111 513 32 328 79 330 331 33 0 74 335 83 55 124 34 334 488 155 413 559 
559 418 420 138 160 419 164 424 422 417 111 20 1 513 32 328 79 330 331 33 0 74 335 83 55 124 34 334 488 155 413 559 
559 418 420 138 160 419 164 424 422 417 111 20 1 513 32 328 79 330 331 33 0 74 335 83 124 55 34 334 488 155 413 559 
559 418 420 160 419 138 164 424 422 417 111 20 1 513 32 328 79 330 331 33 0 74 335 83 124 55 34 334 488 155 413 559 
559 418 420 160 419 138 164 424 422 417 20 111 1 513 32 328 79 330 331 33 0 74 335 83 124 55 34 334 488 155 413 559 
559 418 420 138 160 419 164 424 422 417 20 111 1 513 32 328 79 330 331 33 0 74 335 83 124 55 34 334 488 155 413 559 
559 418 420 138 160 419 164 424 422 417 20 111 1 513 32 328 79 330 331 33 0 74 335 83 55 124 34 334 488 155 413 559 
559 418 420 160 419 138 164 424 422 417 20 111 1 513 32 328 79 330 331 33 0 74 335 83 55 124 34 334 488 155 413 559 
559 160 420 138 164 424 422 417 1 20 111 513 32 328 79 330 331 33 0 74 517 519 335 83 124 55 34 334 488 155 413 418 559 
559 160 420 138 164 424 422 417 1 20 111 513 32 328 79 330 331 33 0 74 517 519 335 83 55 124 34 334 488 155 413 418 559 
559 160 420 138 164 424 422 417 111 20 1 513 32 328 79 330 331 33 0 74 517 519 335 83 55 124 34 334 488 155 413 418 559 
559 160 420 138 164 424 422 417 111 20 1 513 32 328 79 330 331 33 0 74 517 519 335 83 124 55 34 334 488 155 413 418 559 
559 160 420 138 164 424 422 417 1 111 20 513 32 328 79 330 331 33 0 74 517 519 335 83 124 55 34 334 488 155 413 418 559 
559 418 164 424 422 417 20 111 1 513 32 253 332 33 0 74 519 335 83 55 124 34 334 488 155 444 442 46 419 138 160 420 559 
559 418 164 424 422 417 20 111 1 513 32 253 332 33 0 74 335 83 55 124 34 334 488 155 442 444 46 421 419 138 160 420 559 
559 421 46 442 444 412 155 488 334 34 124 55 83 335 519 33 0 74 517 332 253 329 32 513 422 424 164 138 160 420 418 559 
559 418 413 155 488 334 34 55 124 83 335 519 517 33 0 74 253 332 328 32 513 20 111 1 417 422 424 164 419 138 160 420 559 
559 418 413 155 488 334 34 55 124 83 335 519 517 33 0 74 253 332 328 32 513 111 20 1 417 422 424 164 419 138 160 420 559 
559 418 413 155 488 334 34 124 55 83 335 519 517 33 0 74 253 332 328 32 513 111 20 1 417 422 424 164 419 138 160 420 559 
559 418 413 155 488 334 34 124 55 83 335 519 517 33 0 74 332 253 328 32 513 111 20 1 417 422 424 164 419 138 160 420 559 
559 418 413 155 488 334 34 124 55 83 335 519 517 33 0 74 332 253 328 32 513 1 111 20 417 422 424 164 419 138 160 420 559 
559 418 420 160 423 419 138 164 424 422 417 1 111 20 513 32 328 79 330 331 33 0 74 517 335 34 55 124 83 253 332 413 559 
559 418 160 420 138 423 419 164 424 422 417 111 20 1 513 32 328 79 330 331 33 0 74 517 335 34 55 124 83 253 332 413 559 
559 418 420 160 419 138 164 424 422 417 1 20 111 513 32 328 79 330 331 33 0 74 335 83 55 124 34 334 488 155 413 559 
559 418 420 160 419 138 164 424 422 417 1 20 111 513 32 328 79 330 331 33 0 74 335 83 124 55 34 334 488 155 413 559 
559 418 420 138 160 419 164 424 422 417 1 20 111 513 32 328 79 330 331 33 0 74 335 83 124 55 34 334 488 155 413 559 
559 418 420 138 160 419 164 424 422 417 111 20 1 513 32 328 79 330 331 33 0 74 335 83 124 55 34 334 488 155 413 559 
559 418 420 160 419 138 164 424 422 417 111 20 1 513 32 328 79 330 331 33 0 74 335 83 124 55 34 334 488 155 413 559 
559 418 420 160 419 138 164 424 422 417 1 111 20 513 32 328 79 330 331 33 0 74 335 83 124 55 34 334 488 155 413 559 
559 418 420 138 160 419 164 424 422 417 1 111 20 513 32 328 79 330 331 33 0 74 335 83 124 55 34 334 488 155 413 559 
559 418 420 138 160 419 164 424 422 417 1 111 20 513 32 328 79 330 331 33 0 74 335 83 55 124 34 334 488 155 413 559 
559 418 420 160 419 138 164 424 422 417 1 111 20 513 32 328 79 330 331 33 0 74 335 83 55 124 34 334 488 155 413 559 
559 418 420 160 419 138 164 424 422 417 111 20 1 513 32 328 79 330 331 33 0 74 335 83 55 124 34 334 488 155 413 559 
559 418 420 160 419 138 164 424 422 417 20 111 1 513 32 328 79 330 331 33 0 74 335 83 55 124 34 334 488 155 413 559 
559 418 420 138 160 419 164 424 422 417 20 111 1 513 32 328 79 330 331 33 0 74 335 83 55 124 34 334 488 155 413 559 
559 418 420 138 160 419 164 424 422 417 111 20 1 513 32 328 79 330 331 33 0 74 335 83 55 124 34 334 488 155 413 559 
559 418 420 138 160 419 164 424 422 417 1 20 111 513 32 328 79 330 331 33 0 74 335 83 55 124 34 334 488 155 413 559 
559 418 160 420 138 164 424 422 417 111 20 1 513 32 328 79 330 331 33 0 74 517 519 335 83 55 124 34 334 488 155 413 559 
559 418 160 420 138 164 424 422 417 1 111 20 513 32 328 79 330 331 33 0 74 517 519 335 83 55 124 34 334 488 155 413 559 
559 418 160 420 138 164 424 422 417 1 111 20 513 32 328 79 330 331 33 0 74 517 519 335 83 124 55 34 334 488 155 413 559 
559 418 160 420 138 164 424 422 417 1 20 111 513 32 328 79 330 331 33 0 74 517 519 335 83 124 55 34 334 488 155 413 559 
559 418 160 420 138 164 424 422 417 1 20 111 513 32 328 79 330 331 33 0 74 517 519 335 83 55 124 34 334 488 155 413 559 
559 160 420 422 513 32 253 332 33 0 74 517 83 124 55 34 334 488 155 412 444 442 46 419 423 138 164 424 418 559 
559 418 164 424 422 513 32 328 253 332 33 0 74 517 519 335 83 55 124 34 334 488 155 444 442 46 419 423 138 160 420 559 
559 418 164 424 422 513 32 328 253 332 33 0 74 517 519 335 83 55 124 34 334 488 155 442 444 46 419 423 138 160 420 559 
559 418 164 424 422 513 32 328 253 332 33 0 74 517 519 335 83 124 55 34 334 488 155 442 444 46 419 423 138 160 420 559 
559 418 422 417 111 20 1 513 32 253 332 33 0 74 335 83 55 124 34 334 488 155 442 444 46 419 423 164 424 138 160 420 559 
559 418 422 417 1 111 20 513 32 253 332 33 0 74 335 83 55 124 34 334 488 155 442 444 46 419 423 164 424 138 160 420 559 
559 418 424 422 417 1 111 20 513 32 253 332 33 0 74 335 83 55 124 34 334 488 155 442 444 46 419 423 164 138 160 420 559 
559 418 424 422 417 1 111 20 513 32 253 332 33 0 74 335 83 55 124 34 334 488 155 444 442 46 419 423 164 138 160 420 559 
559 418 424 422 417 1 111 20 513 32 253 332 33 0 74 335 83 124 55 34 334 488 155 444 442 46 419 423 164 138 160 420 559 
559 418 424 422 417 1 20 111 513 32 253 332 33 0 74 335 83 124 55 34 334 488 155 444 442 46 419 423 164 138 160 420 559 
559 418 420 164 424 422 417 1 20 111 513 32 253 332 33 0 74 335 83 124 55 34 334 488 155 444 442 46 419 423 138 160 559 
559 418 420 164 424 422 417 111 20 1 513 32 253 332 33 0 74 335 83 124 55 34 334 488 155 444 442 46 419 423 138 160 559 
559 418 164 424 422 417 111 20 1 513 32 253 332 33 0 74 335 83 124 55 34 334 488 155 442 444 46 419 423 138 160 420 559 
559 422 417 111 20 1 513 32 253 332 33 0 74 519 335 83 124 55 34 334 488 155 444 442 46 419 424 164 138 160 420 418 559 
559 164 424 422 417 111 20 1 513 32 253 332 33 0 74 519 335 83 124 55 34 334 488 155 444 442 46 419 138 160 420 418 559 
559 164 424 422 417 111 20 1 513 32 253 332 33 0 74 519 335 83 124 55 34 334 488 155 442 444 46 419 138 160 420 418 559 
559 164 424 422 417 111 20 1 513 32 253 332 33 0 74 519 335 83 55 124 34 334 488 155 442 444 46 419 138 160 420 418 559 
559 422 417 111 20 1 513 32 253 332 33 0 74 519 335 83 55 124 34 334 488 155 444 442 46 419 424 164 138 160 420 418 559 
559 422 417 1 20 111 513 32 253 332 33 0 74 519 335 83 55 124 34 334 488 155 444 442 46 419 424 164 138 160 420 418 559 
559 422 417 1 20 111 513 32 253 332 33 0 74 519 335 83 55 124 34 334 488 155 442 444 46 419 424 164 138 160 420 418 559 
559 422 417 1 20 111 513 32 253 332 33 0 74 519 335 83 124 55 34 334 488 155 444 442 46 419 424 164 138 160 420 418 559 
559 422 417 1 111 20 513 32 253 332 33 0 74 519 335 83 124 55 34 334 488 155 444 442 46 419 424 164 138 160 420 418 559 
559 424 422 417 1 111 20 513 32 253 332 33 0 74 519 335 83 124 55 34 334 488 155 444 442 46 419 164 138 160 420 418 559 
559 418 420 164 424 422 417 111 20 1 513 32 253 332 33 0 74 519 335 83 124 55 34 334 488 155 444 442 46 419 138 160 559 
559 418 164 424 422 417 111 20 1 513 32 253 332 33 0 74 519 335 83 124 55 34 334 488 155 442 444 46 419 138 160 420 559 
559 418 164 424 422 417 1 20 111 513 32 253 332 33 0 74 519 335 83 124 55 34 334 488 155 442 444 46 419 138 160 420 559 
559 418 164 424 422 417 1 111 20 513 32 253 332 33 0 74 519 335 83 124 55 34 334 488 155 442 444 46 419 138 160 420 559 
559 418 164 424 422 417 1 111 20 513 32 253 332 33 0 74 519 335 83 55 124 34 334 488 155 442 444 46 419 138 160 420 559 
559 418 164 424 422 417 20 111 1 513 32 253 332 33 0 74 519 335 83 55 124 34 334 488 155 442 444 46 419 138 160 420 559 
559 418 164 424 422 417 111 20 1 513 32 253 332 33 0 74 519 335 83 55 124 34 334 488 155 442 444 46 419 138 160 420 559 
559 418 164 424 422 417 1 20 111 513 32 253 332 33 0 74 519 335 83 55 124 34 334 488 155 442 444 46 419 138 160 420 559 
559 418 422 417 1 20 111 513 32 253 332 33 0 74 519 335 83 55 124 34 334 488 155 444 442 46 419 424 164 138 160 420 559 
559 418 422 417 1 20 111 513 32 253 332 33 0 74 519 335 83 124 55 34 334 488 155 444 442 46 419 424 164 138 160 420 559 
559 418 424 422 417 1 20 111 513 32 253 332 33 0 74 519 335 83 124 55 34 334 488 155 444 442 46 419 164 138 160 420 559 
559 418 424 422 417 1 111 20 513 32 253 332 33 0 74 519 335 83 124 55 34 334 488 155 444 442 46 419 164 138 160 420 559 
559 418 424 422 417 1 111 20 513 32 253 332 33 0 74 519 335 83 55 124 34 334 488 155 444 442 46 419 164 138 160 420 559 
559 418 424 422 417 111 20 1 513 32 253 332 33 0 74 519 335 83 55 124 34 334 488 155 444 442 46 419 164 138 160 420 559 
559 418 424 422 417 1 20 111 513 32 253 332 33 0 74 519 335 83 55 124 34 334 488 155 444 442 46 419 164 138 160 420 559 
559 418 164 424 422 417 1 20 111 513 32 253 332 33 0 74 519 335 83 55 124 34 334 488 155 444 442 46 419 138 160 420 559 
559 418 164 424 422 417 111 20 1 513 32 253 332 33 0 74 519 335 83 55 124 34 334 488 155 444 442 46 419 138 160 420 559 
559 418 164 424 422 417 1 111 20 513 32 253 332 33 0 74 519 335 83 55 124 34 334 488 155 444 442 46 419 138 160 420 559 
559 418 164 424 422 417 1 111 20 513 32 253 332 33 0 74 519 335 83 124 55 34 334 488 155 444 442 46 419 138 160 420 559 
559 418 164 424 422 417 1 20 111 513 32 253 332 33 0 74 519 335 83 124 55 34 334 488 155 444 442 46 419 138 160 420 559 
559 418 164 424 422 417 111 20 1 513 32 253 332 33 0 74 519 335 83 124 55 34 334 488 155 444 442 46 419 138 160 420 559 
559 418 164 424 422 417 20 111 1 513 32 253 332 33 0 74 519 335 83 124 55 34 334 488 155 444 442 46 419 138 160 420 559 
559 418 422 417 20 111 1 513 32 253 332 33 0 74 519 335 83 124 55 34 334 488 155 444 442 46 419 424 164 138 160 420 559 
559 418 422 417 20 111 1 513 32 253 332 33 0 74 519 335 83 124 55 34 334 488 155 442 444 46 419 424 164 138 160 420 559 
559 418 422 417 1 111 20 513 32 253 332 33 0 74 519 335 83 124 55 34 334 488 155 442 444 46 419 424 164 138 160 420 559 
559 418 422 417 111 20 1 513 32 253 332 33 0 74 519 335 83 124 55 34 334 488 155 442 444 46 419 424 164 138 160 420 559 
559 418 422 417 1 20 111 513 32 253 332 33 0 74 519 335 83 124 55 34 334 488 155 442 444 46 419 424 164 138 160 420 559 
559 418 422 417 1 20 111 513 32 253 332 33 0 74 519 335 83 124 55 34 334 488 155 442 444 46 419 164 424 138 160 420 559 
559 418 422 417 1 111 20 513 32 253 332 33 0 74 519 335 83 124 55 34 334 488 155 442 444 46 419 164 424 138 160 420 559 
559 418 422 417 111 20 1 513 32 253 332 33 0 74 519 335 83 124 55 34 334 488 155 442 444 46 419 164 424 138 160 420 559 
559 418 424 422 417 111 20 1 513 32 253 332 33 0 74 519 335 83 124 55 34 334 488 155 442 444 46 419 164 138 160 420 559 
559 418 422 417 111 20 1 513 32 253 332 33 0 74 519 335 83 124 55 34 334 488 155 444 442 46 419 424 164 138 160 420 559 
559 418 422 417 1 111 20 513 32 253 332 33 0 74 519 335 83 124 55 34 334 488 155 444 442 46 419 424 164 138 160 420 559 
559 418 422 417 1 111 20 513 32 253 332 33 0 74 519 335 83 55 124 34 334 488 155 444 442 46 419 424 164 138 160 420 559 
559 418 422 417 1 111 20 513 32 253 332 33 0 74 519 335 83 55 124 34 334 488 155 444 442 46 419 164 424 138 160 420 559 
559 418 422 417 111 20 1 513 32 253 332 33 0 74 519 335 83 55 124 34 334 488 155 444 442 46 419 164 424 138 160 420 559 
559 418 422 417 1 20 111 513 32 253 332 33 0 74 519 335 83 55 124 34 334 488 155 444 442 46 419 164 424 138 160 420 559 
559 418 422 417 1 20 111 513 32 253 332 33 0 74 519 335 83 124 55 34 334 488 155 444 442 46 419 164 424 138 160 420 559 
559 418 422 417 1 111 20 513 32 253 332 33 0 74 519 335 83 124 55 34 334 488 155 444 442 46 419 164 424 138 160 420 559 
559 418 422 417 111 20 1 513 32 253 332 33 0 74 519 335 83 124 55 34 334 488 155 444 442 46 419 164 424 138 160 420 559 
559 418 424 422 417 111 20 1 513 32 253 332 33 0 74 519 335 83 124 55 34 334 488 155 444 442 46 419 164 138 160 420 559 
559 418 424 422 417 20 111 1 513 32 253 332 33 0 74 519 335 83 124 55 34 334 488 155 444 442 46 419 164 138 160 420 559 
559 418 424 422 417 20 111 1 513 32 253 332 33 0 74 519 335 83 124 55 34 334 488 155 442 444 46 419 164 138 160 420 559 
559 418 164 424 422 417 20 111 1 513 32 253 332 33 0 74 519 335 83 124 55 34 334 488 155 442 444 46 419 138 160 420 559 
559 418 420 164 424 422 417 20 111 1 513 32 253 332 33 0 74 519 335 83 124 55 34 334 488 155 442 444 46 419 138 160 559 
559 418 420 164 424 422 417 1 111 20 513 32 253 332 33 0 74 519 335 83 124 55 34 334 488 155 442 444 46 419 138 160 559 
559 418 420 164 424 422 417 111 20 1 513 32 253 332 33 0 74 519 335 83 124 55 34 334 488 155 442 444 46 419 138 160 559 
559 418 420 164 424 422 417 111 20 1 513 32 253 332 33 0 74 519 335 83 55 124 34 334 488 155 444 442 46 419 138 160 559 
559 418 420 164 424 422 417 1 20 111 513 32 253 332 33 0 74 519 335 83 55 124 34 334 488 155 444 442 46 419 138 160 559 
559 418 420 164 424 422 417 1 20 111 513 32 253 332 33 0 74 519 335 83 55 124 34 334 488 155 442 444 46 419 138 160 559 
559 418 420 164 424 422 417 111 20 1 513 32 253 332 33 0 74 519 335 83 55 124 34 334 488 155 442 444 46 419 138 160 559 
559 418 420 164 424 422 417 20 111 1 513 32 253 332 33 0 74 519 335 83 55 124 34 334 488 155 442 444 46 419 138 160 559 
559 418 420 164 424 422 417 1 111 20 513 32 253 332 33 0 74 519 335 83 55 124 34 334 488 155 442 444 46 419 138 160 559 
559 418 420 164 424 422 417 1 111 20 513 32 253 332 33 0 74 519 335 83 55 124 34 334 488 155 444 442 46 419 138 160 559 
559 418 420 164 424 422 417 20 111 1 513 32 253 332 33 0 74 519 335 83 55 124 34 334 488 155 444 442 46 419 138 160 559 
559 418 420 164 424 422 417 20 111 1 513 32 253 332 33 0 74 519 335 83 124 55 34 334 488 155 444 442 46 419 138 160 559 
559 418 420 164 424 422 417 1 20 111 513 32 253 332 33 0 74 519 335 83 124 55 34 334 488 155 444 442 46 419 138 160 559 
559 418 420 164 424 422 417 1 111 20 513 32 253 332 33 0 74 519 335 83 124 55 34 334 488 155 444 442 46 419 138 160 559 
559 421 46 442 444 155 488 334 34 124 55 83 335 519 517 33 0 74 253 332 32 513 111 20 1 417 422 424 164 138 160 420 418 559 
559 421 46 442 444 155 488 334 34 55 124 83 335 519 517 33 0 74 253 332 32 513 111 20 1 417 422 424 164 138 160 420 418 559 
559 421 46 442 444 155 488 334 34 55 124 83 335 519 33 0 74 517 332 253 32 513 111 20 1 417 422 424 164 138 160 420 418 559 
559 421 46 442 444 155 488 334 34 55 124 83 335 519 33 0 74 517 332 253 32 513 1 111 20 417 422 424 164 138 160 420 418 559 
559 421 46 442 444 155 488 334 34 55 124 83 335 519 517 33 0 74 253 332 32 513 1 111 20 417 422 424 164 138 160 420 418 559 
559 421 46 442 444 155 488 334 34 55 124 83 335 517 33 0 74 519 332 253 32 513 1 111 20 417 422 424 164 138 160 420 418 559 
559 421 46 442 444 155 488 334 34 55 124 83 335 517 33 0 74 519 332 253 32 513 20 111 1 417 422 424 164 138 160 420 418 559 
559 421 46 442 444 155 488 334 34 55 124 83 335 519 517 33 0 74 253 332 32 513 20 111 1 417 422 424 164 138 160 420 418 559 
559 418 422 513 32 328 79 330 331 33 0 74 517 519 335 83 124 55 34 334 488 155 444 442 46 160 420 138 164 424 559 
559 418 422 513 32 328 79 330 331 33 0 74 517 519 335 83 55 124 34 334 488 155 444 442 46 160 420 138 164 424 559 
559 418 422 513 32 328 79 330 331 33 0 74 517 519 335 83 55 124 34 334 488 155 444 442 46 420 424 164 138 160 559 
559 418 164 424 422 513 32 328 79 330 331 33 0 74 517 519 335 83 55 124 34 334 488 155 444 442 46 420 138 160 559 
559 418 164 424 422 513 32 328 79 330 331 33 0 74 517 519 335 83 55 124 34 334 488 155 442 444 46 420 138 160 559 
559 418 160 420 138 164 424 422 513 32 328 79 330 331 33 0 74 517 519 335 83 124 55 34 334 488 155 444 442 46 559 
559 418 160 420 138 164 424 422 513 32 328 79 330 331 33 0 74 517 519 335 83 55 124 34 334 488 155 444 442 46 559 
559 160 420 138 164 424 422 513 32 328 79 330 331 33 0 74 517 519 335 83 124 55 34 334 488 155 442 444 46 418 559 
559 418 160 420 138 164 424 422 513 32 328 79 330 331 33 0 74 517 519 335 83 124 55 34 334 488 155 442 444 46 559 
559 418 160 420 138 164 424 422 513 32 328 79 330 331 33 0 74 517 519 335 83 55 124 34 334 488 155 442 444 46 559 
559 418 160 420 138 164 424 422 417 1 20 111 513 32 328 79 330 331 33 0 74 517 519 335 83 124 55 34 334 488 155 413 559 
559 418 164 424 422 513 32 328 253 332 33 0 74 517 519 335 83 124 55 34 334 488 155 444 442 46 419 423 138 160 420 559 
559 418 164 424 422 513 32 328 253 332 33 0 74 517 519 335 83 55 124 34 334 488 155 444 442 46 419 423 138 160 420 559 
559 418 164 424 422 513 32 328 253 332 33 0 74 517 519 335 83 55 124 34 334 488 155 442 444 46 419 423 138 160 420 559 
559 418 164 424 422 513 32 328 253 332 33 0 74 517 519 335 83 124 55 34 334 488 155 442 444 46 419 423 138 160 420 559 
559 418 422 20 513 32 253 332 33 0 74 517 519 335 83 55 124 34 334 488 155 442 444 46 419 424 164 138 160 420 559 
559 418 164 424 422 417 1 111 20 513 32 253 332 33 0 74 335 83 55 124 34 334 488 155 444 442 46 421 419 138 160 420 559 
559 418 164 424 422 417 1 20 111 513 32 253 332 33 0 74 335 83 55 124 34 334 488 155 444 442 46 421 419 138 160 420 559 
559 418 164 424 422 417 111 20 1 513 32 253 332 33 0 74 335 83 55 124 34 334 488 155 444 442 46 421 419 138 160 420 559 
559 418 164 424 422 417 111 20 1 513 32 253 332 33 0 74 335 83 55 124 34 334 488 155 442 444 46 421 419 138 160 420 559 
559 418 164 424 422 417 1 111 20 513 32 253 332 33 0 74 335 83 55 124 34 334 488 155 442 444 46 421 419 138 160 420 559 
559 418 164 424 422 417 20 111 1 513 32 253 332 33 0 74 335 83 55 124 34 334 488 155 442 444 46 421 419 138 160 420 559 
559 418 164 424 422 417 1 20 111 513 32 253 332 33 0 74 335 83 55 124 34 334 488 155 442 444 46 421 419 138 160 420 559 
559 418 164 424 422 417 1 20 111 513 32 253 332 33 0 74 335 83 124 55 34 334 488 155 442 444 46 421 419 138 160 420 559 
559 418 164 424 422 417 111 20 1 513 32 253 332 33 0 74 335 83 124 55 34 334 488 155 442 444 46 421 419 138 160 420 559 
559 418 164 424 422 417 1 111 20 513 32 253 332 33 0 74 335 83 124 55 34 334 488 155 442 444 46 421 419 138 160 420 559 
559 418 164 424 422 417 20 111 1 513 32 253 332 33 0 74 335 83 124 55 34 334 488 155 442 444 46 421 419 138 160 420 559 
559 418 164 424 422 417 20 111 1 513 32 253 332 33 0 74 335 83 124 55 34 334 488 155 444 442 46 421 419 138 160 420 559 
559 418 164 424 422 417 1 20 111 513 32 253 332 33 0 74 335 83 124 55 34 334 488 155 444 442 46 421 419 138 160 420 559 
559 418 422 417 111 20 1 513 32 253 332 33 0 74 519 335 83 55 124 34 334 488 155 442 444 46 419 424 164 138 160 420 559 
559 418 422 417 1 20 111 513 32 253 332 33 0 74 519 335 83 55 124 34 334 488 155 442 444 46 419 424 164 138 160 420 559 
559 418 164 424 422 417 1 20 111 513 32 253 332 33 0 74 519 335 83 55 124 34 334 488 155 444 442 46 419 138 160 420 559 
559 418 164 424 422 417 1 20 111 513 32 253 332 33 0 74 519 335 83 124 55 34 334 488 155 444 442 46 419 138 160 420 559 
559 418 420 164 424 422 417 1 20 111 513 32 253 332 33 0 74 519 335 83 124 55 34 334 488 155 444 442 46 419 138 160 559 
559 418 420 164 424 422 417 1 111 20 513 32 253 332 33 0 74 519 335 83 124 55 34 334 488 155 444 442 46 419 138 160 559 
559 418 420 164 424 422 417 1 111 20 513 32 253 332 33 0 74 519 335 83 55 124 34 334 488 155 444 442 46 419 138 160 559 
559 418 420 164 424 422 417 20 111 1 513 32 253 332 33 0 74 519 335 83 55 124 34 334 488 155 444 442 46 419 138 160 559 
559 418 420 164 424 422 417 111 20 1 513 32 253 332 33 0 74 519 335 83 55 124 34 334 488 155 444 442 46 419 138 160 559 
559 418 420 164 424 422 417 111 20 1 513 32 253 332 33 0 74 519 335 83 124 55 34 334 488 155 444 442 46 419 138 160 559 
559 418 420 164 424 422 417 20 111 1 513 32 253 332 33 0 74 519 335 83 124 55 34 334 488 155 444 442 46 419 138 160 559 
559 418 420 164 424 422 417 20 111 1 513 32 253 332 33 0 74 519 335 83 124 55 34 334 488 155 442 444 46 419 138 160 559 
559 418 420 164 424 422 417 1 111 20 513 32 253 332 33 0 74 519 335 83 124 55 34 334 488 155 442 444 46 419 138 160 559 
559 418 420 164 424 422 417 1 20 111 513 32 253 332 33 0 74 519 335 83 124 55 34 334 488 155 442 444 46 419 138 160 559 
559 418 420 164 424 422 417 111 20 1 513 32 253 332 33 0 74 519 335 83 124 55 34 334 488 155 442 444 46 419 138 160 559 
559 418 420 164 424 422 417 111 20 1 513 32 253 332 33 0 74 519 335 83 55 124 34 334 488 155 442 444 46 419 138 160 559 
559 418 420 164 424 422 417 1 111 20 513 32 253 332 33 0 74 519 335 83 55 124 34 334 488 155 442 444 46 419 138 160 559 
559 418 420 164 424 422 417 20 111 1 513 32 253 332 33 0 74 519 335 83 55 124 34 334 488 155 442 444 46 419 138 160 559 
559 418 420 164 424 422 417 1 20 111 513 32 253 332 33 0 74 519 335 83 55 124 34 334 488 155 442 444 46 419 138 160 559 
559 418 420 164 424 422 417 1 20 111 513 32 253 332 33 0 74 519 335 83 55 124 34 334 488 155 444 442 46 419 138 160 559 
559 420 164 424 422 417 1 20 111 513 32 253 332 33 0 74 519 335 83 55 124 34 334 488 155 444 442 46 419 138 160 418 559 
559 420 164 424 422 417 1 20 111 513 32 253 332 33 0 74 519 335 83 124 55 34 334 488 155 444 442 46 419 138 160 418 559 
559 420 164 424 422 417 1 111 20 513 32 253 332 33 0 74 519 335 83 124 55 34 334 488 155 444 442 46 419 138 160 418 559 
559 420 164 424 422 417 1 111 20 513 32 253 332 33 0 74 519 335 83 55 124 34 334 488 155 444 442 46 419 138 160 418 559 
559 420 164 424 422 417 20 111 1 513 32 253 332 33 0 74 519 335 83 55 124 34 334 488 155 444 442 46 419 138 160 418 559 
559 420 164 424 422 417 111 20 1 513 32 253 332 33 0 74 519 335 83 55 124 34 334 488 155 444 442 46 419 138 160 418 559 
559 420 164 424 422 417 111 20 1 513 32 253 332 33 0 74 519 335 83 124 55 34 334 488 155 444 442 46 419 138 160 418 559 
559 420 164 424 422 417 111 20 1 513 32 253 332 33 0 74 519 335 83 124 55 34 334 488 155 442 444 46 419 138 160 418 559 
559 420 164 424 422 417 1 111 20 513 32 253 332 33 0 74 519 335 83 124 55 34 334 488 155 442 444 46 419 138 160 418 559 
559 420 164 424 422 417 1 111 20 513 32 253 332 33 0 74 519 335 83 55 124 34 334 488 155 442 444 46 419 138 160 418 559 
559 420 164 424 422 417 111 20 1 513 32 253 332 33 0 74 519 335 83 55 124 34 334 488 155 442 444 46 419 138 160 418 559 
559 420 164 424 422 417 1 20 111 513 32 253 332 33 0 74 519 335 83 55 124 34 334 488 155 442 444 46 419 138 160 418 559 
559 420 164 424 422 417 1 20 111 513 32 253 332 33 0 74 519 335 83 124 55 34 334 488 155 442 444 46 419 138 160 418 559 
559 420 164 424 422 417 20 111 1 513 32 253 332 33 0 74 519 335 83 124 55 34 334 488 155 442 444 46 419 138 160 418 559 
559 420 164 424 422 417 20 111 1 513 32 253 332 33 0 74 519 335 83 55 124 34 334 488 155 442 444 46 419 138 160 418 559 
559 424 422 417 111 20 1 513 32 253 332 33 0 74 519 335 83 55 124 34 334 488 155 444 442 46 419 164 138 160 420 418 559 
559 424 422 417 1 20 111 513 32 253 332 33 0 74 519 335 83 55 124 34 334 488 155 444 442 46 419 164 138 160 420 418 559 
559 424 422 417 1 20 111 513 32 253 332 33 0 74 519 335 83 124 55 34 334 488 155 444 442 46 419 164 138 160 420 418 559 
559 424 422 417 1 20 111 513 32 253 332 33 0 74 519 335 83 124 55 34 334 488 155 442 444 46 419 164 138 160 420 418 559 
559 164 424 422 417 1 20 111 513 32 253 332 33 0 74 519 335 83 124 55 34 334 488 155 442 444 46 419 138 160 420 418 559 
559 164 424 422 417 1 111 20 513 32 253 332 33 0 74 519 335 83 124 55 34 334 488 155 442 444 46 419 138 160 420 418 559 
559 422 417 1 111 20 513 32 253 332 33 0 74 519 335 83 124 55 34 334 488 155 444 442 46 419 424 164 138 160 420 418 559 
559 422 417 1 111 20 513 32 253 332 33 0 74 519 335 83 124 55 34 334 488 155 444 442 46 419 164 424 138 160 420 418 559 
559 422 417 1 20 111 513 32 253 332 33 0 74 519 335 83 124 55 34 334 488 155 444 442 46 419 164 424 138 160 420 418 559 
559 164 424 422 417 1 20 111 513 32 253 332 33 0 74 519 335 83 124 55 34 334 488 155 444 442 46 419 138 160 420 418 559 
559 164 424 422 417 1 111 20 513 32 253 332 33 0 74 519 335 83 124 55 34 334 488 155 444 442 46 419 138 160 420 418 559 
559 164 424 422 417 20 111 1 513 32 253 332 33 0 74 519 335 83 124 55 34 334 488 155 444 442 46 419 138 160 420 418 559 
559 164 424 422 417 20 111 1 513 32 253 332 33 0 74 519 335 83 124 55 34 334 488 155 442 444 46 419 138 160 420 418 559 
559 164 424 422 417 111 20 1 513 32 253 332 33 0 74 519 335 83 124 55 34 334 488 155 442 444 46 419 138 160 420 418 559 
559 418 164 424 422 417 111 20 1 513 32 253 332 33 0 74 519 335 83 124 55 34 334 488 155 442 444 46 419 138 160 420 559 
559 418 164 424 422 417 1 111 20 513 32 253 332 33 0 74 519 335 83 124 55 34 334 488 155 442 444 46 419 138 160 420 559 
559 418 164 424 422 417 1 20 111 513 32 253 332 33 0 74 519 335 83 124 55 34 334 488 155 442 444 46 419 138 160 420 559 
559 418 422 417 1 20 111 513 32 253 332 33 0 74 519 335 83 124 55 34 334 488 155 444 442 46 419 424 164 138 160 420 559 
559 418 422 417 1 20 111 513 32 253 332 33 0 74 519 335 83 124 55 34 334 488 155 442 444 46 419 424 164 138 160 420 559 
559 418 422 417 1 111 20 513 32 253 332 33 0 74 519 335 83 124 55 34 334 488 155 442 444 46 419 424 164 138 160 420 559 
559 418 422 417 111 20 1 513 32 253 332 33 0 74 519 335 83 124 55 34 334 488 155 442 444 46 419 424 164 138 160 420 559 
559 418 422 417 111 20 1 513 32 253 332 33 0 74 519 335 83 124 55 34 334 488 155 444 442 46 419 424 164 138 160 420 559 
559 418 164 424 422 417 111 20 1 513 32 253 332 33 0 74 519 335 83 124 55 34 334 488 155 444 442 46 419 138 160 420 559 
559 418 164 424 422 417 111 20 1 513 32 253 332 33 0 74 519 335 83 55 124 34 334 488 155 444 442 46 419 138 160 420 559 
559 418 164 424 422 417 1 111 20 513 32 253 332 33 0 74 519 335 83 55 124 34 334 488 155 444 442 46 419 138 160 420 559 
559 418 164 424 422 417 20 111 1 513 32 253 332 33 0 74 519 335 83 55 124 34 334 488 155 444 442 46 419 138 160 420 559 
559 418 164 424 422 417 20 111 1 513 32 253 332 33 0 74 519 335 83 55 124 34 334 488 155 442 444 46 419 138 160 420 559 
559 418 164 424 422 417 111 20 1 513 32 253 332 33 0 74 519 335 83 55 124 34 334 488 155 442 444 46 419 138 160 420 559 
559 418 164 424 422 417 1 111 20 513 32 253 332 33 0 74 519 335 83 55 124 34 334 488 155 442 444 46 419 138 160 420 559 
559 418 164 424 422 417 1 20 111 513 32 253 332 33 0 74 519 335 83 55 124 34 334 488 155 442 444 46 419 138 160 420 559 
559 418 422 417 1 20 111 513 32 253 332 33 0 74 519 335 83 55 124 34 334 488 155 444 442 46 419 424 164 138 160 420 559 
559 418 422 417 1 111 20 513 32 253 332 33 0 74 519 335 83 55 124 34 334 488 155 444 442 46 419 424 164 138 160 420 559 
559 418 422 417 1 111 20 513 32 253 332 33 0 74 519 335 83 55 124 34 334 488 155 442 444 46 419 424 164 138 160 420 559 
559 418 422 417 1 111 20 513 32 253 332 33 0 74 519 335 83 55 124 34 334 488 155 442 444 46 419 164 424 138 160 420 559 
559 418 422 417 1 20 111 513 32 253 332 33 0 74 519 335 83 55 124 34 334 488 155 442 444 46 419 164 424 138 160 420 559 
559 418 422 417 1 20 111 513 32 253 332 33 0 74 519 335 83 55 124 34 334 488 155 444 442 46 419 164 424 138 160 420 559 
559 418 422 417 1 111 20 513 32 253 332 33 0 74 519 335 83 55 124 34 334 488 155 444 442 46 419 164 424 138 160 420 559 
559 418 422 417 20 111 1 513 32 253 332 33 0 74 519 335 83 55 124 34 334 488 155 444 442 46 419 164 424 138 160 420 559 
559 418 422 417 20 111 1 513 32 253 332 33 0 74 519 335 83 55 124 34 334 488 155 442 444 46 419 164 424 138 160 420 559 
559 418 424 422 417 20 111 1 513 32 253 332 33 0 74 519 335 83 55 124 34 334 488 155 442 444 46 419 164 138 160 420 559 
559 418 424 422 417 20 111 1 513 32 253 332 33 0 74 519 335 83 55 124 34 334 488 155 444 442 46 419 164 138 160 420 559 
559 418 424 422 417 1 20 111 513 32 253 332 33 0 74 519 335 83 55 124 34 334 488 155 444 442 46 419 164 138 160 420 559 
559 418 424 422 417 1 20 111 513 32 253 332 33 0 74 519 335 83 124 55 34 334 488 155 444 442 46 419 164 138 160 420 559 
559 418 424 422 417 111 20 1 513 32 253 332 33 0 74 519 335 83 124 55 34 334 488 155 444 442 46 419 164 138 160 420 559 
559 418 424 422 417 111 20 1 513 32 253 332 33 0 74 519 335 83 55 124 34 334 488 155 444 442 46 419 164 138 160 420 559 
559 418 424 422 417 1 111 20 513 32 253 332 33 0 74 519 335 83 55 124 34 334 488 155 444 442 46 419 164 138 160 420 559 
559 418 424 422 417 1 111 20 513 32 253 332 33 0 74 519 335 83 124 55 34 334 488 155 444 442 46 419 164 138 160 420 559 
559 418 424 422 417 20 111 1 513 32 253 332 33 0 74 519 335 83 124 55 34 334 488 155 444 442 46 419 164 138 160 420 559 
559 418 424 422 417 20 111 1 513 32 253 332 33 0 74 519 335 83 124 55 34 334 488 155 442 444 46 419 164 138 160 420 559 
559 418 424 422 417 111 20 1 513 32 253 332 33 0 74 519 335 83 124 55 34 334 488 155 442 444 46 419 164 138 160 420 559 
559 418 424 422 417 111 20 1 513 32 253 332 33 0 74 519 335 83 55 124 34 334 488 155 442 444 46 419 164 138 160 420 559 
559 418 424 422 417 1 111 20 513 32 253 332 33 0 74 519 335 83 55 124 34 334 488 155 442 444 46 419 164 138 160 420 559 
559 418 424 422 417 1 20 111 513 32 253 332 33 0 74 519 335 83 55 124 34 334 488 155 442 444 46 419 164 138 160 420 559 
559 418 424 422 417 1 20 111 513 32 253 332 33 0 74 519 335 83 124 55 34 334 488 155 442 444 46 419 164 138 160 420 559 
559 418 424 422 417 1 111 20 513 32 253 332 33 0 74 519 335 83 124 55 34 334 488 155 442 444 46 419 164 138 160 420 559 
559 418 421 46 442 444 155 488 334 34 124 55 83 335 519 517 33 0 74 253 332 32 513 1 20 111 417 422 424 164 138 160 420 559 
559 418 422 417 111 20 1 513 32 328 79 330 331 33 0 74 517 519 332 253 335 83 55 124 34 334 488 413 420 424 164 138 160 559 
559 418 422 417 1 111 20 513 32 328 79 330 331 33 0 74 517 519 332 253 335 83 55 124 34 334 488 413 420 424 164 138 160 559 
559 418 422 417 1 111 20 513 32 328 79 330 331 33 0 74 517 519 332 253 335 83 124 55 34 334 488 413 420 424 164 138 160 559 
559 418 422 417 1 20 111 513 32 328 79 330 331 33 0 74 517 519 332 253 335 83 124 55 34 334 488 413 420 424 164 138 160 559 
559 418 422 417 1 20 111 513 32 328 79 330 331 33 0 74 517 519 253 332 335 83 124 55 34 334 488 413 420 424 164 138 160 559 
559 418 422 417 1 20 111 513 32 328 79 330 331 33 0 74 517 519 253 332 335 83 55 124 34 334 488 413 420 424 164 138 160 559 
559 418 422 417 1 20 111 513 32 328 79 330 331 33 0 74 517 519 332 253 335 83 55 124 34 334 488 413 420 424 164 138 160 559 
559 418 160 420 138 164 424 422 417 1 20 111 513 32 328 79 330 331 33 0 74 517 519 332 253 335 83 55 124 34 334 488 413 559 
559 418 160 420 138 164 424 422 417 111 20 1 513 32 328 79 330 331 33 0 74 517 519 332 253 335 83 55 124 34 334 488 413 559 
559 418 160 420 138 164 424 422 417 111 20 1 513 32 328 79 330 331 33 0 74 517 519 332 253 335 83 124 55 34 334 488 413 559 
559 418 160 420 138 164 424 422 417 1 20 111 513 32 328 79 330 331 33 0 74 517 519 332 253 335 83 124 55 34 334 488 413 559 
559 418 422 417 1 20 111 513 32 253 332 33 0 74 519 335 83 124 55 34 334 488 155 444 442 46 419 424 164 138 160 420 559 
559 418 422 417 111 20 1 513 32 253 332 33 0 74 519 335 83 124 55 34 334 488 155 444 442 46 419 424 164 138 160 420 559 
559 418 422 417 111 20 1 513 32 253 332 33 0 74 519 335 83 55 124 34 334 488 155 444 442 46 419 424 164 138 160 420 559 
559 418 164 424 422 417 111 20 1 513 32 253 332 33 0 74 519 335 83 55 124 34 334 488 155 444 442 46 419 138 160 420 559 
559 418 164 424 422 417 1 111 20 513 32 253 332 33 0 74 519 335 83 55 124 34 334 488 155 444 442 46 419 138 160 420 559 
559 418 420 164 424 422 417 1 111 20 513 32 253 332 33 0 74 519 335 83 55 124 34 334 488 155 444 442 46 419 138 160 559 
559 418 420 164 424 422 417 1 20 111 513 32 253 332 33 0 74 519 335 83 55 124 34 334 488 155 444 442 46 419 138 160 559 
559 418 420 164 424 422 417 111 20 1 513 32 253 332 33 0 74 519 335 83 55 124 34 334 488 155 444 442 46 419 138 160 559 
559 418 420 164 424 422 417 111 20 1 513 32 253 332 33 0 74 519 335 83 55 124 34 334 488 155 442 444 46 419 138 160 559 
559 418 420 164 424 422 417 1 111 20 513 32 253 332 33 0 74 519 335 83 55 124 34 334 488 155 442 444 46 419 138 160 559 
559 418 420 164 424 422 417 1 111 20 513 32 253 332 33 0 74 519 335 83 124 55 34 334 488 155 444 442 46 419 138 160 559 
559 418 420 164 424 422 417 20 111 1 513 32 253 332 33 0 74 519 335 83 124 55 34 334 488 155 444 442 46 419 138 160 559 
559 418 420 164 424 422 417 20 111 1 513 32 253 332 33 0 74 519 335 83 124 55 34 334 488 155 442 444 46 419 138 160 559 
559 418 420 164 424 422 417 1 111 20 513 32 253 332 33 0 74 519 335 83 124 55 34 334 488 155 442 444 46 419 138 160 559 
559 418 420 164 424 422 417 1 20 111 513 32 253 332 33 0 74 519 335 83 124 55 34 334 488 155 442 444 46 419 138 160 559 
559 418 420 164 424 422 417 111 20 1 513 32 253 332 33 0 74 519 335 83 124 55 34 334 488 155 442 444 46 419 138 160 559 
559 418 420 164 424 422 513 32 328 79 330 331 33 0 74 519 335 83 55 124 34 334 488 155 442 444 46 419 138 160 559 
559 418 420 164 424 422 513 32 328 79 330 331 33 0 74 519 335 83 55 124 34 334 488 155 444 442 46 419 138 160 559 
559 418 420 164 424 422 513 32 328 79 330 331 33 0 74 519 335 83 124 55 34 334 488 155 444 442 46 419 138 160 559 
559 418 420 164 424 422 513 32 328 79 330 331 33 0 74 519 335 83 124 55 34 334 488 155 442 444 46 419 138 160 559 
559 418 160 420 138 164 424 422 417 1 111 20 513 32 328 79 330 331 33 0 74 253 332 335 83 124 55 34 334 488 155 413 559 
559 418 160 420 138 164 424 422 417 20 111 1 513 32 328 79 330 331 33 0 74 253 332 335 83 124 55 34 334 488 155 413 559 
559 418 160 420 138 164 424 422 417 1 20 111 513 32 328 79 330 331 33 0 74 253 332 335 83 124 55 34 334 488 155 413 559 
559 418 160 420 138 164 424 422 417 1 20 111 513 32 328 79 330 331 33 0 74 253 332 335 83 55 124 34 334 488 155 413 559 
559 418 160 420 138 164 424 422 417 1 111 20 513 32 328 79 330 331 33 0 74 253 332 335 83 55 124 34 334 488 155 413 559 
559 418 160 420 138 164 424 422 417 111 20 1 513 32 328 79 330 331 33 0 74 253 332 335 83 55 124 34 334 488 155 413 559 
559 418 160 420 138 164 424 422 417 111 20 1 513 32 328 79 330 331 33 0 74 253 332 335 83 124 55 34 334 488 155 413 559 
559 418 160 420 138 164 424 422 417 20 111 1 513 32 328 79 330 331 33 0 74 253 332 335 83 55 124 34 334 488 155 413 559 
559 160 420 138 164 424 422 417 1 111 20 513 32 328 79 330 331 33 0 74 253 332 335 83 55 124 34 334 488 155 413 418 559 
559 160 420 138 164 424 422 417 1 111 20 513 32 328 79 330 331 33 0 74 253 332 335 83 124 55 34 334 488 155 413 418 559 
559 160 420 138 164 424 422 417 20 111 1 513 32 328 79 330 331 33 0 74 253 332 335 83 124 55 34 334 488 155 413 418 559 
559 160 420 138 164 424 422 417 1 20 111 513 32 328 79 330 331 33 0 74 253 332 335 83 124 55 34 334 488 155 413 418 559 
559 160 420 138 164 424 422 417 111 20 1 513 32 328 79 330 331 33 0 74 253 332 335 83 124 55 34 334 488 155 413 418 559 
559 160 420 138 164 424 422 417 111 20 1 513 32 328 79 330 331 33 0 74 253 332 335 83 55 124 34 334 488 155 413 418 559 
559 160 420 138 164 424 422 417 1 20 111 513 32 328 79 330 331 33 0 74 253 332 335 83 55 124 34 334 488 155 413 418 559 
559 160 420 138 164 424 422 417 20 111 1 513 32 328 79 330 331 33 0 74 253 332 335 83 55 124 34 334 488 155 413 418 559 
559 422 417 111 20 1 513 32 328 79 330 331 33 0 74 517 519 335 83 124 55 34 334 488 155 413 418 424 164 138 160 420 559 
559 422 417 1 111 20 513 32 328 79 330 331 33 0 74 517 519 335 83 124 55 34 334 488 155 413 418 424 164 138 160 420 559 
559 422 417 1 111 20 513 32 328 79 330 331 33 0 74 517 519 335 83 55 124 34 334 488 155 413 418 424 164 138 160 420 559 
559 422 417 111 20 1 513 32 328 79 330 331 33 0 74 517 519 335 83 55 124 34 334 488 155 413 418 424 164 138 160 420 559 
559 422 417 1 20 111 513 32 328 79 330 331 33 0 74 517 519 335 83 55 124 34 334 488 155 413 418 424 164 138 160 420 559 
559 418 160 420 138 164 424 422 417 1 20 111 513 32 328 79 330 331 33 0 74 517 519 335 83 55 124 34 334 488 155 413 559 
559 418 160 420 138 164 424 422 417 1 20 111 513 32 328 79 330 331 33 0 74 517 519 335 83 124 55 34 334 488 155 413 559 
559 418 160 420 138 164 424 422 417 111 20 1 513 32 328 79 330 331 33 0 74 517 519 335 83 124 55 34 334 488 155 413 559 
559 418 160 420 138 164 424 422 417 20 111 1 513 32 328 79 330 331 33 0 74 517 519 335 83 124 55 34 334 488 155 413 559 
559 418 160 420 138 164 424 422 417 1 111 20 513 32 328 79 330 331 33 0 74 517 519 335 83 124 55 34 334 488 155 413 559 
559 422 417 111 20 1 513 32 328 79 330 331 33 0 74 517 519 335 83 124 55 34 334 488 155 413 418 420 424 164 138 160 559 
559 422 417 111 20 1 513 32 328 79 330 331 33 0 74 517 519 335 83 55 124 34 334 488 155 413 418 420 424 164 138 160 559 
559 422 417 1 111 20 513 32 328 79 330 331 33 0 74 517 519 335 83 55 124 34 334 488 155 413 418 420 424 164 138 160 559 
559 422 417 1 20 111 513 32 328 79 330 331 33 0 74 517 519 335 83 55 124 34 334 488 155 413 418 420 424 164 138 160 559 
559 422 417 1 20 111 513 32 328 79 330 331 33 0 74 517 519 335 83 124 55 34 334 488 155 413 418 420 424 164 138 160 559 
559 422 417 1 111 20 513 32 328 79 330 331 33 0 74 517 519 335 83 124 55 34 334 488 155 413 418 420 424 164 138 160 559 
559 160 420 138 164 424 422 417 1 111 20 513 32 328 79 330 331 33 0 74 517 519 335 83 124 55 34 334 488 155 413 418 559 
559 160 420 138 164 424 422 417 1 111 20 513 32 328 79 330 331 33 0 74 517 519 335 83 55 124 34 334 488 155 413 418 559 
559 418 160 420 138 164 424 422 417 1 111 20 513 32 328 79 330 331 33 0 74 517 519 335 83 55 124 34 334 488 155 413 559 
559 418 160 420 138 164 424 422 417 111 20 1 513 32 328 79 330 331 33 0 74 517 519 335 83 55 124 34 334 488 155 413 559 
559 418 160 420 138 164 424 422 417 20 111 1 513 32 328 79 330 331 33 0 74 517 519 335 83 55 124 34 334 488 155 413 559 
559 160 420 138 164 424 422 417 20 111 1 513 32 328 79 330 331 33 0 74 517 519 335 83 124 55 34 334 488 155 413 418 559 
559 160 420 138 164 424 422 417 20 111 1 513 32 328 79 330 331 33 0 74 517 519 335 83 55 124 34 334 488 155 413 418 559 
559 160 420 138 164 424 422 417 1 20 111 513 32 328 79 330 331 33 0 74 517 519 335 83 55 124 34 334 488 155 413 418 559 
559 160 420 138 164 424 422 417 111 20 1 513 32 328 79 330 331 33 0 74 517 519 335 83 55 124 34 334 488 155 413 418 559 
559 160 420 138 164 424 422 417 111 20 1 513 32 328 79 330 331 33 0 74 517 519 335 83 124 55 34 334 488 155 413 418 559 
559 160 420 138 164 424 422 417 1 20 111 513 32 328 79 330 331 33 0 74 517 519 335 83 124 55 34 334 488 155 413 418 559 
559 422 417 1 20 111 513 32 253 332 33 0 74 335 83 55 124 34 334 488 155 444 442 46 419 423 138 160 420 164 424 418 559 
559 420 164 424 422 513 32 253 332 33 0 74 517 335 83 55 124 34 334 488 155 412 444 442 46 421 419 138 160 418 559 
559 418 419 421 46 442 444 155 488 334 34 124 55 83 335 517 33 0 74 253 332 328 32 513 422 424 164 138 160 420 559 
559 418 423 419 421 46 442 444 155 488 334 34 124 55 83 335 519 517 33 0 74 253 332 32 513 422 424 164 138 160 420 559 
559 418 164 424 422 513 32 253 332 33 0 74 517 519 335 83 55 124 34 334 488 155 444 442 46 421 419 423 138 160 420 559 
559 418 420 164 424 422 513 32 253 332 33 0 74 517 519 335 83 55 124 34 334 488 155 444 442 46 421 419 423 138 160 559 
559 418 160 420 138 164 424 422 513 32 253 332 33 0 74 517 519 335 83 55 124 34 334 488 155 444 442 46 421 419 423 559 
559 418 160 420 138 164 424 422 513 32 253 332 33 0 74 517 519 335 83 55 124 34 334 488 155 442 444 46 421 419 423 559 
559 418 160 164 424 422 513 32 253 332 33 0 74 517 519 335 83 55 124 34 334 488 155 444 442 46 421 419 423 138 420 559 
559 418 419 46 442 444 155 488 334 34 124 55 83 335 519 517 33 0 74 253 332 328 32 513 422 424 164 138 160 420 559 
559 418 160 164 424 422 513 32 328 253 332 33 0 74 517 519 335 83 55 124 34 334 488 155 444 442 46 419 138 420 559 
559 418 160 164 424 422 513 32 328 253 332 33 0 74 517 519 335 83 124 55 34 334 488 155 444 442 46 419 138 420 559 
559 418 160 164 424 422 513 32 328 253 332 33 0 74 517 519 335 83 124 55 34 334 488 155 442 444 46 419 138 420 559 
559 418 160 164 424 422 513 32 328 253 332 33 0 74 517 519 335 83 55 124 34 334 488 155 442 444 46 419 138 420 559 
559 418 422 111 20 1 513 32 328 253 332 33 0 74 517 519 335 83 55 124 34 334 488 155 46 419 424 164 138 160 420 559 
559 418 422 1 111 20 513 32 328 253 332 33 0 74 517 519 335 83 55 124 34 334 488 155 46 419 424 164 138 160 420 559 
559 418 422 20 111 1 513 32 328 253 332 33 0 74 517 519 335 83 55 124 34 334 488 155 46 419 424 164 138 160 420 559 
559 418 422 1 20 111 513 32 328 253 332 33 0 74 517 519 335 83 55 124 34 334 488 155 46 419 424 164 138 160 420 559 
559 418 421 46 442 444 155 488 334 34 124 55 83 335 517 33 0 74 519 332 253 32 513 111 20 1 417 422 424 164 138 160 420 559 
559 418 421 46 442 444 155 488 334 34 124 55 83 335 517 33 0 74 519 253 332 32 513 111 20 1 417 422 424 164 138 160 420 559 
559 418 421 46 442 444 155 488 334 34 124 55 83 335 517 33 0 74 519 332 253 32 513 1 20 111 417 422 424 164 138 160 420 559 
559 418 421 46 442 444 155 488 334 34 124 55 83 335 519 517 33 0 74 253 332 32 513 1 20 111 417 422 424 164 138 160 420 559 
559 418 160 420 138 164 424 422 417 1 111 20 513 32 328 79 330 331 33 0 74 253 332 335 83 124 55 34 334 488 155 413 559 
559 418 160 420 138 164 424 422 417 111 20 1 513 32 328 79 330 331 33 0 74 253 332 335 83 124 55 34 334 488 155 413 559 
559 418 160 420 138 164 424 422 417 1 20 111 513 32 328 79 330 331 33 0 74 253 332 335 83 124 55 34 334 488 155 413 559 
559 418 160 420 138 164 424 422 417 20 111 1 513 32 328 79 330 331 33 0 74 253 332 335 83 124 55 34 334 488 155 413 559 
559 418 160 420 138 164 424 422 417 20 111 1 513 32 328 79 330 331 33 0 74 253 332 335 83 55 124 34 334 488 155 413 559 
559 418 160 420 138 164 424 422 417 111 20 1 513 32 328 79 330 331 33 0 74 253 332 335 83 55 124 34 334 488 155 413 559 
559 418 160 420 138 164 424 422 417 1 20 111 513 32 328 79 330 331 33 0 74 253 332 335 83 55 124 34 334 488 155 413 559 
559 418 160 420 138 164 424 422 417 1 111 20 513 32 328 79 330 331 33 0 74 253 332 335 83 55 124 34 334 488 155 413 559 
559 418 160 420 138 164 424 422 417 1 111 20 513 32 328 79 330 331 33 0 74 517 519 335 83 124 55 34 334 488 155 413 559 
559 418 160 420 138 164 424 422 417 1 111 20 513 32 328 79 330 331 33 0 74 517 519 335 83 55 124 34 334 488 155 413 559 
559 418 160 420 138 164 424 422 417 20 111 1 513 32 328 79 330 331 33 0 74 517 519 335 83 55 124 34 334 488 155 413 559 
559 418 160 420 138 164 424 422 417 111 20 1 513 32 328 79 330 331 33 0 74 517 519 335 83 55 124 34 334 488 155 413 559 
559 418 160 420 138 164 424 422 417 111 20 1 513 32 328 79 330 331 33 0 74 517 519 335 83 124 55 34 334 488 155 413 559 
559 418 160 420 138 164 424 422 417 1 20 111 513 32 328 79 330 331 33 0 74 517 519 335 83 124 55 34 334 488 155 413 559 
559 418 160 420 138 164 424 422 417 1 20 111 513 32 328 79 330 331 33 0 74 517 519 335 83 55 124 34 334 488 155 413 559 
559 420 138 164 424 422 513 32 328 253 332 33 0 74 517 519 335 83 124 55 34 334 488 155 444 442 46 419 423 160 559 
559 420 164 424 422 417 1 111 20 513 32 253 332 33 0 74 519 335 83 55 124 34 334 488 155 442 444 46 419 138 160 418 559 
559 420 164 424 422 417 111 20 1 513 32 253 332 33 0 74 519 335 83 55 124 34 334 488 155 442 444 46 419 138 160 418 559 
559 420 164 424 422 417 111 20 1 513 32 253 332 33 0 74 519 335 83 55 124 34 334 488 155 444 442 46 419 138 160 418 559 
559 420 164 424 422 417 111 20 1 513 32 253 332 33 0 74 519 335 83 124 55 34 334 488 155 444 442 46 419 138 160 418 559 
559 420 164 424 422 417 1 20 111 513 32 253 332 33 0 74 519 335 83 124 55 34 334 488 155 444 442 46 419 138 160 418 559 
559 420 164 424 422 417 1 20 111 513 32 253 332 33 0 74 519 335 83 55 124 34 334 488 155 444 442 46 419 138 160 418 559 
559 420 164 424 422 417 1 111 20 513 32 253 332 33 0 74 519 335 83 55 124 34 334 488 155 444 442 46 419 138 160 418 559 
559 420 164 424 422 417 1 111 20 513 32 253 332 33 0 74 519 335 83 124 55 34 334 488 155 444 442 46 419 138 160 418 559 
559 420 164 424 422 417 20 111 1 513 32 253 332 33 0 74 519 335 83 124 55 34 334 488 155 444 442 46 419 138 160 418 559 
559 418 420 164 424 422 417 111 20 1 513 32 253 332 33 0 74 519 335 83 124 55 34 334 488 155 444 442 46 419 138 160 559 
559 418 420 164 424 422 417 1 111 20 513 32 253 332 33 0 74 519 335 83 124 55 34 334 488 155 444 442 46 419 138 160 559 
559 418 420 164 424 422 417 1 111 20 513 32 253 332 33 0 74 519 335 83 55 124 34 334 488 155 444 442 46 419 138 160 559 
559 418 420 164 424 422 417 1 20 111 513 32 253 332 33 0 74 519 335 83 55 124 34 334 488 155 444 442 46 419 138 160 559 
559 418 420 164 424 422 417 1 20 111 513 32 253 332 33 0 74 519 335 83 55 124 34 334 488 155 442 444 46 419 138 160 559 
559 418 420 164 424 422 417 111 20 1 513 32 253 332 33 0 74 519 335 83 55 124 34 334 488 155 442 444 46 419 138 160 559 
559 418 420 164 424 422 417 111 20 1 513 32 253 332 33 0 74 519 335 83 55 124 34 334 488 155 444 442 46 419 138 160 559 
559 418 421 46 442 444 155 488 334 34 124 55 83 335 517 33 0 74 519 332 253 32 513 20 111 1 417 422 424 164 138 160 420 559 
559 418 421 46 442 444 155 488 334 34 124 55 83 335 519 517 33 0 74 253 332 32 513 20 111 1 417 422 424 164 138 160 420 559 
559 418 421 46 442 444 155 488 334 34 124 55 83 335 519 517 33 0 74 253 332 32 513 1 111 20 417 422 424 164 138 160 420 559 
559 418 421 46 442 444 155 488 334 34 124 55 83 335 519 517 33 0 74 253 332 32 513 1 20 111 417 422 424 164 138 160 420 559 
559 418 160 420 138 164 424 422 513 32 328 79 330 331 33 0 74 517 519 335 83 124 55 34 334 488 155 442 444 46 559 
559 418 420 160 419 138 164 424 422 417 1 20 111 513 32 328 79 330 331 33 0 74 335 83 124 55 34 334 488 155 413 559 
559 418 420 160 419 138 164 424 422 417 1 111 20 513 32 328 79 330 331 33 0 74 335 83 124 55 34 334 488 155 413 559 
559 418 420 138 160 419 164 424 422 417 1 111 20 513 32 328 79 330 331 33 0 74 335 83 124 55 34 334 488 155 413 559 
559 418 420 138 160 419 164 424 422 417 1 111 20 513 32 328 79 330 331 33 0 74 335 83 55 124 34 334 488 155 413 559 
559 418 420 138 160 419 164 424 422 417 1 20 111 513 32 328 79 330 331 33 0 74 335 83 55 124 34 334 488 155 413 559 
559 418 420 138 160 419 164 424 422 417 1 20 111 513 32 328 79 330 331 33 0 74 335 83 124 55 34 334 488 155 413 559 
559 418 420 138 160 419 164 424 422 417 111 20 1 513 32 328 79 330 331 33 0 74 335 83 124 55 34 334 488 155 413 559 
559 418 420 138 160 419 164 424 422 417 111 20 1 513 32 328 79 330 331 33 0 74 335 83 55 124 34 334 488 155 413 559 
559 418 420 160 419 138 164 424 422 417 111 20 1 513 32 328 79 330 331 33 0 74 335 83 55 124 34 334 488 155 413 559 
559 418 420 160 419 138 164 424 422 417 1 111 20 513 32 328 79 330 331 33 0 74 335 83 55 124 34 334 488 155 413 559 
559 418 420 160 419 138 164 424 422 417 1 20 111 513 32 328 79 330 331 33 0 74 335 83 55 124 34 334 488 155 413 559 
559 418 160 420 138 164 424 422 417 1 111 20 513 32 328 79 330 331 33 0 74 517 519 335 83 124 55 34 334 488 155 413 559 
559 418 160 420 138 164 424 422 417 1 111 20 513 32 328 79 330 331 33 0 74 517 519 335 83 55 124 34 334 488 155 413 559 
559 418 160 420 138 164 424 422 417 1 20 111 513 32 328 79 330 331 33 0 74 517 519 335 83 55 124 34 334 488 155 413 559 
559 418 160 420 138 164 424 422 417 111 20 1 513 32 328 79 330 331 33 0 74 517 519 335 83 55 124 34 334 488 155 413 559 
559 418 160 420 138 164 424 422 417 111 20 1 513 32 328 79 330 331 33 0 74 517 519 335 83 124 55 34 334 488 155 413 559 
559 418 160 420 138 164 424 422 417 1 20 111 513 32 328 79 330 331 33 0 74 517 519 335 83 124 55 34 334 488 155 413 559 
559 420 424 164 138 160 419 46 442 444 155 488 334 34 124 55 83 517 33 0 74 253 332 32 513 111 20 1 417 422 418 559 
559 413 155 488 334 34 124 55 83 335 519 517 33 0 74 253 332 32 513 1 20 111 416 110 422 424 164 138 160 420 418 559 
559 418 164 424 422 513 32 328 79 330 331 33 0 74 517 335 83 55 124 34 334 488 155 444 442 46 419 138 160 420 559 
559 418 164 424 422 513 32 328 79 330 331 33 0 74 517 335 83 124 55 34 334 488 155 444 442 46 419 138 160 420 559 
559 418 164 424 422 513 32 328 79 330 331 33 0 74 519 335 83 55 124 34 334 488 155 444 442 46 419 138 160 420 559 
559 418 164 424 422 513 32 328 79 330 331 33 0 74 519 335 83 124 55 34 334 488 155 444 442 46 419 138 160 420 559 
559 418 160 420 138 164 424 422 417 1 20 111 513 32 328 79 330 331 33 0 74 253 332 335 83 55 124 34 334 488 155 413 559 
559 418 160 420 138 164 424 422 417 111 20 1 513 32 328 79 330 331 33 0 74 253 332 335 83 55 124 34 334 488 155 413 559 
559 418 160 420 138 164 424 422 417 111 20 1 513 32 328 79 330 331 33 0 74 253 332 335 83 124 55 34 334 488 155 413 559 
559 418 160 420 138 164 424 422 417 1 111 20 513 32 328 79 330 331 33 0 74 253 332 335 83 124 55 34 334 488 155 413 559 
559 418 160 420 138 164 424 422 417 20 111 1 513 32 328 79 330 331 33 0 74 253 332 335 83 124 55 34 334 488 155 413 559 
559 418 160 420 138 164 424 422 417 20 111 1 513 32 328 79 330 331 33 0 74 253 332 335 83 55 124 34 334 488 155 413 559 
559 418 160 420 138 164 424 422 417 1 111 20 513 32 328 79 330 331 33 0 74 253 332 335 83 55 124 34 334 488 155 413 559 
559 160 420 138 164 424 422 417 111 20 1 513 32 328 79 330 331 33 0 74 253 332 335 83 55 124 34 334 488 155 413 418 559 
559 160 420 138 164 424 422 417 111 20 1 513 32 328 79 330 331 33 0 74 253 332 335 83 124 55 34 334 488 155 413 418 559 
559 160 420 138 164 424 422 417 1 20 111 513 32 328 79 330 331 33 0 74 253 332 335 83 124 55 34 334 488 155 413 418 559 
559 160 420 138 164 424 422 417 1 111 20 513 32 328 79 330 331 33 0 74 253 332 335 83 124 55 34 334 488 155 413 418 559 
559 160 420 138 164 424 422 417 1 111 20 513 32 328 79 330 331 33 0 74 253 332 335 83 55 124 34 334 488 155 413 418 559 
559 160 420 138 164 424 422 417 20 111 1 513 32 328 79 330 331 33 0 74 253 332 335 83 55 124 34 334 488 155 413 418 559 
559 418 160 420 138 164 424 422 417 1 20 111 513 32 328 79 330 331 33 0 74 253 332 335 83 124 55 34 334 488 155 413 559 
559 422 417 111 20 1 513 32 328 79 330 331 33 0 74 517 519 335 83 124 55 34 334 488 155 413 418 420 424 164 138 160 559 
559 422 417 111 20 1 513 32 328 79 330 331 33 0 74 517 519 335 83 55 124 34 334 488 155 413 418 420 424 164 138 160 559 
559 422 417 1 20 111 513 32 328 79 330 331 33 0 74 517 519 335 83 55 124 34 334 488 155 413 418 420 424 164 138 160 559 
559 422 417 1 111 20 513 32 328 79 330 331 33 0 74 517 519 335 83 55 124 34 334 488 155 413 418 420 424 164 138 160 559 
559 418 422 417 1 111 20 513 32 328 79 330 331 33 0 74 517 519 335 83 55 124 34 334 488 155 413 420 424 164 138 160 559 
559 418 422 417 20 111 1 513 32 328 79 330 331 33 0 74 517 519 335 83 55 124 34 334 488 155 413 420 424 164 138 160 559 
559 418 422 417 20 111 1 513 32 328 79 330 331 33 0 74 517 519 335 83 124 55 34 334 488 155 413 420 424 164 138 160 559 
559 418 422 417 1 111 20 513 32 328 79 330 331 33 0 74 517 519 335 83 124 55 34 334 488 155 413 420 424 164 138 160 559 
559 160 138 164 424 422 417 1 111 20 513 32 328 79 330 331 33 0 74 517 519 335 83 124 55 34 334 488 155 413 420 418 559 
559 418 160 420 138 164 424 422 417 1 111 20 513 32 328 79 330 331 33 0 74 517 519 335 83 124 55 34 334 488 155 413 559 
559 418 160 420 138 164 424 422 417 1 111 20 513 32 328 79 330 331 33 0 74 517 519 335 83 55 124 34 334 488 155 413 559 
559 418 160 420 138 164 424 422 417 1 20 111 513 32 328 79 330 331 33 0 74 517 519 335 83 55 124 34 334 488 155 413 559 
559 422 417 111 20 1 513 32 328 79 330 331 33 0 74 517 519 335 83 124 55 34 334 488 155 413 418 424 164 138 160 420 559 
559 422 417 1 20 111 513 32 328 79 330 331 33 0 74 517 519 335 83 124 55 34 334 488 155 413 418 424 164 138 160 420 559 
559 422 417 1 111 20 513 32 328 79 330 331 33 0 74 517 519 335 83 124 55 34 334 488 155 413 418 424 164 138 160 420 559 
559 422 417 20 111 1 513 32 328 79 330 331 33 0 74 517 519 335 83 124 55 34 334 488 155 413 418 424 164 138 160 420 559 
559 160 138 164 424 422 417 20 111 1 513 32 328 79 330 331 33 0 74 517 519 335 83 124 55 34 334 488 155 413 420 418 559 
559 160 138 164 424 422 417 111 20 1 513 32 328 79 330 331 33 0 74 517 519 335 83 124 55 34 334 488 155 413 420 418 559 
559 160 138 164 424 422 417 1 20 111 513 32 328 79 330 331 33 0 74 517 519 335 83 124 55 34 334 488 155 413 420 418 559 
559 160 138 164 424 422 417 1 20 111 513 32 328 79 330 331 33 0 74 517 519 335 83 55 124 34 334 488 155 413 420 418 559 
559 160 138 164 424 422 417 1 111 20 513 32 328 79 330 331 33 0 74 517 519 335 83 55 124 34 334 488 155 413 420 418 559 
559 160 420 138 164 424 422 417 1 111 20 513 32 328 79 330 331 33 0 74 517 519 335 83 55 124 34 334 488 155 413 418 559 
559 160 420 138 164 424 422 417 1 111 20 513 32 328 79 330 331 33 0 74 517 519 335 83 124 55 34 334 488 155 413 418 559 
559 160 420 138 164 424 422 417 20 111 1 513 32 328 79 330 331 33 0 74 517 519 335 83 124 55 34 334 488 155 413 418 559 
559 160 420 138 164 424 422 417 111 20 1 513 32 328 79 330 331 33 0 74 517 519 335 83 124 55 34 334 488 155 413 418 559 
559 160 420 138 164 424 422 417 1 20 111 513 32 328 79 330 331 33 0 74 517 519 335 83 124 55 34 334 488 155 413 418 559 
559 160 420 138 164 424 422 417 1 20 111 513 32 328 79 330 331 33 0 74 517 519 335 83 55 124 34 334 488 155 413 418 559 
559 160 420 138 164 424 422 417 111 20 1 513 32 328 79 330 331 33 0 74 517 519 335 83 55 124 34 334 488 155 413 418 559 
559 160 420 138 164 424 422 417 20 111 1 513 32 328 79 330 331 33 0 74 517 519 335 83 55 124 34 334 488 155 413 418 559 
559 418 160 420 138 164 424 422 417 20 111 1 513 32 328 79 330 331 33 0 74 517 519 335 83 55 124 34 334 488 155 413 559 
559 418 160 420 138 164 424 422 417 111 20 1 513 32 328 79 330 331 33 0 74 517 519 335 83 55 124 34 334 488 155 413 559 
559 418 160 420 138 164 424 422 417 111 20 1 513 32 328 79 330 331 33 0 74 517 519 335 83 124 55 34 334 488 155 413 559 
559 418 160 420 138 164 424 422 417 1 20 111 513 32 328 79 330 331 33 0 74 517 519 335 83 124 55 34 334 488 155 413 559 
559 164 424 422 513 32 328 253 332 33 0 74 517 519 335 83 124 55 34 334 488 155 444 442 46 419 423 138 160 420 418 559 
