846
849.0 668.0 
640.0 511.0 
881.0 630.0 
881.0 630.0 
934.0 627.0 
997.0 581.0 
997.0 581.0 
997.0 581.0 
997.0 581.0 
997.0 581.0 
664.0 599.0 
741.0 652.0 
741.0 652.0 
741.0 652.0 
741.0 652.0 
881.0 630.0 
640.0 511.0 
804.0 577.0 
934.0 627.0 
997.0 581.0 
997.0 581.0 
997.0 581.0 
997.0 581.0 
664.0 599.0 
741.0 652.0 
741.0 652.0 
741.0 652.0 
741.0 652.0 
814.0 646.0 
881.0 630.0 
881.0 630.0 
640.0 511.0 
934.0 627.0 
997.0 581.0 
997.0 581.0 
997.0 581.0 
849.0 668.0 
640.0 511.0 
804.0 577.0 
881.0 630.0 
934.0 627.0 
997.0 581.0 
997.0 581.0 
997.0 581.0 
849.0 668.0 
881.0 630.0 
881.0 630.0 
640.0 511.0 
920.0 625.0 
920.0 625.0 
920.0 625.0 
920.0 625.0 
920.0 625.0 
920.0 625.0 
919.0 608.0 
920.0 625.0 
919.0 608.0 
920.0 625.0 
920.0 625.0 
920.0 625.0 
920.0 625.0 
920.0 625.0 
920.0 625.0 
920.0 625.0 
920.0 625.0 
997.0 581.0 
997.0 581.0 
997.0 581.0 
997.0 581.0 
849.0 668.0 
849.0 668.0 
881.0 630.0 
934.0 627.0 
997.0 581.0 
997.0 581.0 
997.0 581.0 
997.0 581.0 
849.0 668.0 
640.0 511.0 
881.0 630.0 
920.0 625.0 
920.0 625.0 
920.0 625.0 
920.0 625.0 
920.0 625.0 
920.0 625.0 
920.0 625.0 
920.0 625.0 
920.0 625.0 
920.0 625.0 
920.0 625.0 
919.0 608.0 
920.0 625.0 
826.0 618.0 
920.0 625.0 
920.0 625.0 
919.0 608.0 
920.0 625.0 
920.0 625.0 
997.0 581.0 
997.0 581.0 
997.0 581.0 
997.0 581.0 
664.0 599.0 
741.0 652.0 
741.0 652.0 
741.0 652.0 
741.0 652.0 
881.0 630.0 
640.0 511.0 
934.0 627.0 
997.0 581.0 
997.0 581.0 
997.0 581.0 
997.0 581.0 
849.0 668.0 
881.0 630.0 
881.0 630.0 
804.0 577.0 
640.0 511.0 
920.0 625.0 
920.0 625.0 
919.0 608.0 
920.0 625.0 
920.0 625.0 
920.0 625.0 
920.0 625.0 
920.0 625.0 
920.0 625.0 
920.0 625.0 
920.0 625.0 
920.0 625.0 
920.0 625.0 
920.0 625.0 
920.0 625.0 
919.0 608.0 
920.0 625.0 
997.0 581.0 
997.0 581.0 
997.0 581.0 
849.0 668.0 
881.0 630.0 
881.0 630.0 
640.0 511.0 
920.0 625.0 
920.0 625.0 
920.0 625.0 
920.0 625.0 
920.0 625.0 
920.0 625.0 
920.0 625.0 
919.0 608.0 
920.0 625.0 
920.0 625.0 
920.0 625.0 
920.0 625.0 
920.0 625.0 
919.0 608.0 
920.0 625.0 
920.0 625.0 
920.0 625.0 
826.0 618.0 
997.0 581.0 
997.0 581.0 
997.0 581.0 
997.0 581.0 
741.0 652.0 
741.0 652.0 
741.0 652.0 
741.0 652.0 
664.0 599.0 
741.0 652.0 
741.0 652.0 
741.0 652.0 
741.0 652.0 
729.0 606.0 
640.0 511.0 
881.0 630.0 
881.0 630.0 
881.0 630.0 
881.0 630.0 
804.0 577.0 
920.0 625.0 
920.0 625.0 
920.0 625.0 
920.0 625.0 
920.0 625.0 
920.0 625.0 
920.0 625.0 
920.0 625.0 
920.0 625.0 
920.0 625.0 
920.0 625.0 
920.0 625.0 
920.0 625.0 
920.0 625.0 
920.0 625.0 
920.0 625.0 
920.0 625.0 
920.0 625.0 
920.0 625.0 
920.0 625.0 
920.0 625.0 
920.0 625.0 
920.0 625.0 
920.0 625.0 
920.0 625.0 
920.0 625.0 
920.0 625.0 
920.0 625.0 
920.0 625.0 
920.0 625.0 
920.0 625.0 
920.0 625.0 
920.0 625.0 
826.0 618.0 
920.0 625.0 
920.0 625.0 
920.0 625.0 
920.0 625.0 
920.0 625.0 
826.0 618.0 
920.0 625.0 
920.0 625.0 
919.0 608.0 
920.0 625.0 
826.0 618.0 
920.0 625.0 
919.0 608.0 
920.0 625.0 
920.0 625.0 
920.0 625.0 
920.0 625.0 
920.0 625.0 
920.0 625.0 
920.0 625.0 
920.0 625.0 
920.0 625.0 
920.0 625.0 
920.0 625.0 
920.0 625.0 
920.0 625.0 
920.0 625.0 
997.0 581.0 
997.0 581.0 
997.0 581.0 
997.0 581.0 
997.0 581.0 
997.0 581.0 
997.0 581.0 
997.0 581.0 
741.0 652.0 
741.0 652.0 
664.0 599.0 
741.0 652.0 
741.0 652.0 
741.0 652.0 
741.0 652.0 
741.0 652.0 
741.0 652.0 
741.0 652.0 
741.0 652.0 
814.0 635.0 
804.0 577.0 
640.0 511.0 
881.0 630.0 
920.0 625.0 
920.0 625.0 
920.0 625.0 
920.0 625.0 
920.0 625.0 
920.0 625.0 
920.0 625.0 
920.0 625.0 
920.0 625.0 
920.0 625.0 
920.0 625.0 
920.0 625.0 
920.0 625.0 
920.0 625.0 
920.0 625.0 
920.0 625.0 
920.0 625.0 
920.0 625.0 
920.0 625.0 
920.0 625.0 
920.0 625.0 
920.0 625.0 
920.0 625.0 
920.0 625.0 
920.0 625.0 
920.0 625.0 
920.0 625.0 
920.0 625.0 
920.0 625.0 
920.0 625.0 
826.0 618.0 
920.0 625.0 
920.0 625.0 
920.0 625.0 
920.0 625.0 
920.0 625.0 
826.0 618.0 
920.0 625.0 
920.0 625.0 
920.0 625.0 
826.0 618.0 
919.0 608.0 
920.0 625.0 
920.0 625.0 
920.0 625.0 
920.0 625.0 
997.0 581.0 
997.0 581.0 
997.0 581.0 
997.0 581.0 
997.0 581.0 
997.0 581.0 
997.0 581.0 
997.0 581.0 
741.0 652.0 
741.0 652.0 
741.0 652.0 
741.0 652.0 
741.0 652.0 
664.0 599.0 
814.0 646.0 
814.0 646.0 
814.0 646.0 
920.0 625.0 
920.0 625.0 
920.0 625.0 
920.0 625.0 
920.0 625.0 
920.0 625.0 
826.0 618.0 
919.0 608.0 
920.0 625.0 
920.0 625.0 
920.0 625.0 
920.0 625.0 
920.0 625.0 
920.0 625.0 
920.0 625.0 
920.0 625.0 
920.0 625.0 
920.0 625.0 
920.0 625.0 
920.0 625.0 
920.0 625.0 
920.0 625.0 
920.0 625.0 
920.0 625.0 
920.0 625.0 
920.0 625.0 
920.0 625.0 
920.0 625.0 
920.0 625.0 
920.0 625.0 
920.0 625.0 
920.0 625.0 
920.0 625.0 
920.0 625.0 
997.0 581.0 
997.0 581.0 
997.0 581.0 
997.0 581.0 
997.0 581.0 
997.0 581.0 
997.0 581.0 
997.0 581.0 
741.0 652.0 
741.0 652.0 
741.0 652.0 
741.0 652.0 
741.0 652.0 
741.0 652.0 
664.0 599.0 
741.0 652.0 
741.0 652.0 
741.0 652.0 
814.0 646.0 
881.0 630.0 
881.0 630.0 
881.0 630.0 
640.0 511.0 
804.0 577.0 
881.0 630.0 
920.0 625.0 
920.0 625.0 
920.0 625.0 
920.0 625.0 
920.0 625.0 
920.0 625.0 
920.0 625.0 
920.0 625.0 
920.0 625.0 
920.0 625.0 
920.0 625.0 
920.0 625.0 
920.0 625.0 
920.0 625.0 
920.0 625.0 
920.0 625.0 
920.0 625.0 
920.0 625.0 
920.0 625.0 
920.0 625.0 
920.0 625.0 
920.0 625.0 
919.0 608.0 
826.0 618.0 
826.0 618.0 
920.0 625.0 
920.0 625.0 
920.0 625.0 
919.0 608.0 
920.0 625.0 
920.0 625.0 
920.0 625.0 
920.0 625.0 
826.0 618.0 
920.0 625.0 
920.0 625.0 
920.0 625.0 
920.0 625.0 
920.0 625.0 
920.0 625.0 
920.0 625.0 
920.0 625.0 
920.0 625.0 
920.0 625.0 
920.0 625.0 
920.0 625.0 
920.0 625.0 
920.0 625.0 
920.0 625.0 
920.0 625.0 
997.0 581.0 
997.0 581.0 
997.0 581.0 
997.0 581.0 
997.0 581.0 
997.0 581.0 
997.0 581.0 
997.0 581.0 
849.0 668.0 
881.0 630.0 
640.0 511.0 
804.0 577.0 
881.0 630.0 
920.0 625.0 
920.0 625.0 
920.0 625.0 
920.0 625.0 
920.0 625.0 
920.0 625.0 
920.0 625.0 
920.0 625.0 
920.0 625.0 
920.0 625.0 
920.0 625.0 
920.0 625.0 
920.0 625.0 
920.0 625.0 
920.0 625.0 
920.0 625.0 
920.0 625.0 
920.0 625.0 
920.0 625.0 
920.0 625.0 
920.0 625.0 
920.0 625.0 
920.0 625.0 
920.0 625.0 
826.0 618.0 
920.0 625.0 
920.0 625.0 
920.0 625.0 
920.0 625.0 
920.0 625.0 
919.0 608.0 
920.0 625.0 
920.0 625.0 
826.0 618.0 
920.0 625.0 
826.0 618.0 
920.0 625.0 
920.0 625.0 
920.0 625.0 
920.0 625.0 
920.0 625.0 
920.0 625.0 
920.0 625.0 
920.0 625.0 
920.0 625.0 
920.0 625.0 
920.0 625.0 
920.0 625.0 
920.0 625.0 
920.0 625.0 
920.0 625.0 
826.0 618.0 
920.0 625.0 
920.0 625.0 
920.0 625.0 
920.0 625.0 
920.0 625.0 
920.0 625.0 
920.0 625.0 
920.0 625.0 
843.0 572.0 
843.0 572.0 
920.0 625.0 
920.0 625.0 
843.0 572.0 
749.0 565.0 
843.0 572.0 
919.0 608.0 
920.0 625.0 
920.0 625.0 
920.0 625.0 
920.0 625.0 
997.0 581.0 
997.0 581.0 
997.0 581.0 
997.0 581.0 
997.0 581.0 
997.0 581.0 
997.0 581.0 
997.0 581.0 
741.0 652.0 
741.0 652.0 
741.0 652.0 
741.0 652.0 
741.0 652.0 
741.0 652.0 
664.0 599.0 
814.0 646.0 
814.0 646.0 
920.0 625.0 
920.0 625.0 
920.0 625.0 
920.0 625.0 
920.0 625.0 
920.0 625.0 
920.0 625.0 
826.0 618.0 
920.0 625.0 
920.0 625.0 
920.0 625.0 
920.0 625.0 
920.0 625.0 
920.0 625.0 
919.0 608.0 
920.0 625.0 
920.0 625.0 
920.0 625.0 
920.0 625.0 
920.0 625.0 
920.0 625.0 
920.0 625.0 
920.0 625.0 
920.0 625.0 
920.0 625.0 
920.0 625.0 
920.0 625.0 
920.0 625.0 
920.0 625.0 
920.0 625.0 
920.0 625.0 
997.0 581.0 
997.0 581.0 
997.0 581.0 
997.0 581.0 
997.0 581.0 
997.0 581.0 
997.0 581.0 
997.0 581.0 
741.0 652.0 
741.0 652.0 
741.0 652.0 
741.0 652.0 
741.0 652.0 
741.0 652.0 
664.0 599.0 
741.0 652.0 
741.0 652.0 
741.0 652.0 
729.0 606.0 
881.0 630.0 
881.0 630.0 
881.0 630.0 
640.0 511.0 
881.0 630.0 
804.0 577.0 
920.0 625.0 
920.0 625.0 
920.0 625.0 
920.0 625.0 
920.0 625.0 
826.0 618.0 
920.0 625.0 
920.0 625.0 
920.0 625.0 
919.0 608.0 
920.0 625.0 
920.0 625.0 
920.0 625.0 
920.0 625.0 
920.0 625.0 
920.0 625.0 
920.0 625.0 
920.0 625.0 
919.0 608.0 
826.0 618.0 
920.0 625.0 
920.0 625.0 
920.0 625.0 
920.0 625.0 
920.0 625.0 
920.0 625.0 
920.0 625.0 
920.0 625.0 
920.0 625.0 
920.0 625.0 
920.0 625.0 
920.0 625.0 
920.0 625.0 
920.0 625.0 
920.0 625.0 
920.0 625.0 
843.0 572.0 
843.0 572.0 
843.0 572.0 
749.0 565.0 
843.0 572.0 
920.0 625.0 
920.0 625.0 
920.0 625.0 
920.0 625.0 
920.0 625.0 
920.0 625.0 
920.0 625.0 
920.0 625.0 
920.0 625.0 
920.0 625.0 
920.0 625.0 
920.0 625.0 
920.0 625.0 
920.0 625.0 
920.0 625.0 
920.0 625.0 
920.0 625.0 
920.0 625.0 
920.0 625.0 
920.0 625.0 
920.0 625.0 
920.0 625.0 
826.0 618.0 
920.0 625.0 
920.0 625.0 
920.0 625.0 
997.0 581.0 
997.0 581.0 
997.0 581.0 
997.0 581.0 
997.0 581.0 
997.0 581.0 
997.0 581.0 
997.0 581.0 
741.0 652.0 
741.0 652.0 
741.0 652.0 
741.0 652.0 
664.0 599.0 
741.0 652.0 
741.0 652.0 
741.0 652.0 
741.0 652.0 
741.0 652.0 
741.0 652.0 
814.0 646.0 
814.0 646.0 
920.0 625.0 
920.0 625.0 
920.0 625.0 
826.0 618.0 
920.0 625.0 
919.0 608.0 
826.0 618.0 
920.0 625.0 
920.0 625.0 
920.0 625.0 
920.0 625.0 
919.0 608.0 
920.0 625.0 
920.0 625.0 
920.0 625.0 
920.0 625.0 
920.0 625.0 
826.0 618.0 
920.0 625.0 
920.0 625.0 
920.0 625.0 
920.0 625.0 
920.0 625.0 
920.0 625.0 
920.0 625.0 
920.0 625.0 
920.0 625.0 
920.0 625.0 
920.0 625.0 
920.0 625.0 
920.0 625.0 
920.0 625.0 
920.0 625.0 
920.0 625.0 
920.0 625.0 
920.0 625.0 
920.0 625.0 
920.0 625.0 
920.0 625.0 
920.0 625.0 
920.0 625.0 
920.0 625.0 
920.0 625.0 
920.0 625.0 
920.0 625.0 
920.0 625.0 
920.0 625.0 
920.0 625.0 
997.0 581.0 
997.0 581.0 
997.0 581.0 
997.0 581.0 
997.0 581.0 
997.0 581.0 
997.0 581.0 
741.0 652.0 
741.0 652.0 
664.0 599.0 
741.0 652.0 
741.0 652.0 
741.0 652.0 
741.0 652.0 
741.0 652.0 
741.0 652.0 
741.0 652.0 
741.0 652.0 
741.0 652.0 
814.0 646.0 
814.0 646.0 
881.0 630.0 
640.0 511.0 
804.0 577.0 
881.0 630.0 
920.0 625.0 
920.0 625.0 
920.0 625.0 
920.0 625.0 
920.0 625.0 
920.0 625.0 
920.0 625.0 
920.0 625.0 
919.0 608.0 
920.0 625.0 
920.0 625.0 
920.0 625.0 
920.0 625.0 
920.0 625.0 
920.0 625.0 
919.0 608.0 
826.0 618.0 
920.0 625.0 
826.0 618.0 
920.0 625.0 
920.0 625.0 
920.0 625.0 
920.0 625.0 
920.0 625.0 
920.0 625.0 
920.0 625.0 
920.0 625.0 
920.0 625.0 
920.0 625.0 
920.0 625.0 
920.0 625.0 
920.0 625.0 
920.0 625.0 
920.0 625.0 
920.0 625.0 
920.0 625.0 
920.0 625.0 
920.0 625.0 
920.0 625.0 
920.0 625.0 
920.0 625.0 
920.0 625.0 
920.0 625.0 
920.0 625.0 
920.0 625.0 
920.0 625.0 
843.0 572.0 
843.0 572.0 
920.0 625.0 
920.0 625.0 
920.0 625.0 
920.0 625.0 
997.0 581.0 
997.0 581.0 
997.0 581.0 
997.0 581.0 
997.0 581.0 
997.0 581.0 
997.0 581.0 
997.0 581.0 
741.0 652.0 
741.0 652.0 
741.0 652.0 
741.0 652.0 
741.0 652.0 
664.0 599.0 
741.0 652.0 
741.0 652.0 
741.0 652.0 
741.0 652.0 
814.0 646.0 
881.0 630.0 
640.0 511.0 
804.0 577.0 
881.0 630.0 
881.0 630.0 
881.0 630.0 
804.0 577.0 
881.0 630.0 
934.0 627.0 
934.0 627.0 
997.0 581.0 
997.0 581.0 
997.0 581.0 
997.0 581.0 
997.0 581.0 
997.0 581.0 
997.0 581.0 
997.0 581.0 

559 418 32 513 1 111 20 416 110 422 424 164 419 138 160 420 559 
559 413 418 422 110 416 20 111 1 417 424 164 419 559 
559 413 418 422 110 416 111 20 1 417 424 164 419 138 160 420 559 
559 418 422 110 416 111 20 1 417 424 164 419 138 160 420 413 559 
559 418 421 419 138 160 420 164 424 422 417 1 20 111 32 513 413 559 
559 418 413 339 329 32 513 1 20 111 417 422 424 164 138 160 420 559 
559 418 413 339 329 32 513 1 111 20 417 422 424 164 138 160 420 559 
559 418 413 339 329 32 513 111 20 1 417 422 424 164 138 160 420 559 
559 418 413 339 329 32 513 20 111 1 417 422 424 164 138 160 420 559 
559 413 339 329 32 513 1 20 111 417 422 424 164 138 160 420 418 559 
559 418 420 424 164 138 160 423 419 46 442 444 155 559 
559 418 413 155 442 444 46 419 423 164 424 138 160 420 559 
559 418 413 155 442 444 46 419 423 424 164 138 160 420 559 
559 413 155 442 444 46 419 423 164 424 138 160 420 418 559 
559 420 424 164 138 160 423 419 46 442 444 155 413 418 559 
559 413 418 422 110 416 111 20 1 417 424 164 419 138 160 420 559 
559 413 418 422 110 416 20 111 1 417 424 164 419 559 
559 418 422 110 416 20 111 1 417 424 164 419 138 160 420 559 
559 418 421 419 138 160 420 164 424 422 417 1 20 111 32 513 413 559 
559 418 413 339 329 32 513 1 20 111 417 422 424 164 138 160 420 559 
559 418 413 339 329 32 513 1 111 20 417 422 424 164 138 160 420 559 
559 418 413 339 329 32 513 20 111 1 417 422 424 164 138 160 420 559 
559 418 413 339 329 32 513 111 20 1 417 422 424 164 138 160 420 559 
559 418 420 424 164 138 160 423 419 46 442 444 155 559 
559 418 413 155 442 444 46 419 423 424 164 138 160 420 559 
559 418 413 155 442 444 46 419 423 164 424 138 160 420 559 
559 413 155 442 444 46 419 423 138 160 420 164 424 418 559 
559 420 424 164 138 160 423 419 46 442 444 155 413 418 559 
559 418 160 420 164 424 422 110 416 111 20 1 32 513 413 559 
559 413 418 422 110 416 111 20 1 417 424 164 419 138 160 420 559 
559 418 422 110 416 111 20 1 417 424 164 419 138 160 420 413 559 
559 413 418 422 110 416 20 111 1 417 424 164 419 559 
559 418 421 419 138 160 420 164 424 422 417 1 20 111 32 513 413 559 
559 418 413 339 329 32 513 1 20 111 417 422 424 164 138 160 420 559 
559 418 413 339 329 32 513 111 20 1 417 422 424 164 138 160 420 559 
559 418 413 339 329 32 513 1 111 20 417 422 424 164 138 160 420 559 
559 418 32 513 1 20 111 416 110 422 424 164 419 138 160 420 559 
559 413 418 422 110 416 20 111 1 417 424 164 419 559 
559 418 422 110 416 20 111 1 417 424 164 419 138 160 420 559 
559 413 418 422 110 416 111 20 1 417 424 164 419 138 160 420 559 
559 418 421 419 138 160 420 164 424 422 417 1 20 111 32 513 413 559 
559 418 413 339 329 32 513 1 20 111 417 422 424 164 138 160 420 559 
559 418 413 339 329 32 513 1 111 20 417 422 424 164 138 160 420 559 
559 418 413 339 329 32 513 111 20 1 417 422 424 164 138 160 420 559 
559 418 32 513 1 20 111 416 110 422 424 164 419 138 160 420 559 
559 413 418 422 110 416 111 20 1 417 424 164 419 138 160 420 559 
559 418 422 110 416 111 20 1 417 424 164 419 138 160 420 413 559 
559 413 418 422 110 416 20 111 1 417 424 164 419 559 
559 418 420 160 423 419 138 164 424 422 417 1 111 20 32 513 413 559 
559 418 160 420 138 419 423 164 424 422 417 1 111 20 32 513 413 559 
559 418 160 420 138 423 419 164 424 422 417 1 20 111 32 513 413 559 
559 413 418 32 513 111 20 1 417 422 424 164 423 419 138 160 420 559 
559 413 418 32 513 1 20 111 417 422 424 164 423 419 138 160 420 559 
559 418 420 160 423 419 138 164 424 422 417 1 20 111 32 513 413 559 
559 413 418 422 32 513 20 111 1 417 424 164 419 138 160 420 559 
559 418 160 420 138 423 419 164 424 422 417 1 111 20 32 513 413 559 
559 413 418 32 513 20 111 1 417 422 424 164 419 138 160 420 559 
559 418 160 420 138 419 423 164 424 422 417 1 20 111 32 513 413 559 
559 418 420 138 160 423 419 164 424 422 417 1 111 20 32 513 413 559 
559 413 418 422 32 513 1 20 111 417 424 164 423 419 138 160 420 559 
559 413 422 32 513 1 111 20 417 424 164 419 423 138 160 420 418 559 
559 413 418 422 32 513 111 20 1 417 424 164 423 419 138 160 420 559 
559 413 418 422 32 513 1 111 20 417 424 164 423 419 138 160 420 559 
559 413 418 32 513 1 111 20 417 422 424 164 423 419 138 160 420 559 
559 413 418 422 32 513 1 111 20 417 424 164 419 423 138 160 420 559 
559 418 413 339 329 32 513 1 20 111 417 422 424 164 138 160 420 559 
559 418 413 339 329 32 513 1 111 20 417 422 424 164 138 160 420 559 
559 418 413 339 329 32 513 111 20 1 417 422 424 164 138 160 420 559 
559 418 413 339 329 32 513 20 111 1 417 422 424 164 138 160 420 559 
559 418 32 513 1 20 111 416 110 422 424 164 419 138 160 420 559 
559 32 513 1 111 20 416 110 422 424 164 419 138 160 420 418 559 
559 413 418 422 110 416 111 20 1 417 424 164 419 138 160 420 559 
559 418 421 419 138 160 420 164 424 422 417 1 20 111 32 513 413 559 
559 418 413 339 329 32 513 111 20 1 417 422 424 164 138 160 420 559 
559 418 413 339 329 32 513 1 20 111 417 422 424 164 138 160 420 559 
559 418 413 339 329 32 513 20 111 1 417 422 424 164 138 160 420 559 
559 418 413 339 329 32 513 1 111 20 417 422 424 164 138 160 420 559 
559 418 32 513 1 20 111 416 110 422 424 164 419 138 160 420 559 
559 413 418 422 110 416 20 111 1 417 424 164 419 559 
559 413 418 422 110 416 111 20 1 417 424 164 419 138 160 420 559 
559 418 420 160 423 419 138 164 424 422 417 1 20 111 32 513 413 559 
559 418 160 420 138 419 423 164 424 422 417 1 111 20 32 513 413 559 
559 413 418 32 513 1 20 111 417 422 424 164 423 419 138 160 420 559 
559 418 160 420 138 423 419 164 424 422 417 1 20 111 32 513 413 559 
559 418 422 417 1 20 111 32 513 413 424 164 423 419 138 160 420 559 
559 413 418 422 32 513 1 20 111 417 424 164 419 423 138 160 420 559 
559 413 418 32 513 1 111 20 417 422 424 164 423 419 138 160 420 559 
559 413 418 422 32 513 1 111 20 417 424 164 419 423 138 160 420 559 
559 413 418 422 32 513 111 20 1 417 424 164 423 419 138 160 420 559 
559 418 420 138 160 423 419 164 424 422 417 1 111 20 32 513 413 559 
559 413 418 32 513 111 20 1 417 422 424 164 423 419 138 160 420 559 
559 413 418 32 513 20 111 1 417 422 424 164 419 138 160 420 559 
559 418 420 160 423 419 138 164 424 422 417 1 111 20 32 513 413 559 
559 413 418 32 513 20 111 1 417 422 424 164 423 419 160 420 559 
559 418 160 420 138 423 419 164 424 422 417 1 111 20 32 513 413 559 
559 413 418 422 32 513 1 111 20 417 424 164 423 419 138 160 420 559 
559 413 418 422 32 513 20 111 1 417 424 164 419 138 160 420 559 
559 418 160 420 138 419 423 164 424 422 417 1 20 111 32 513 413 559 
559 418 422 32 513 1 20 111 417 424 164 423 419 138 160 420 413 559 
559 418 413 339 329 32 513 1 20 111 417 422 424 164 138 160 420 559 
559 418 413 339 329 32 513 1 111 20 417 422 424 164 138 160 420 559 
559 418 413 339 329 32 513 111 20 1 417 422 424 164 138 160 420 559 
559 418 413 339 329 32 513 20 111 1 417 422 424 164 138 160 420 559 
559 418 420 424 164 138 160 423 419 46 442 444 155 559 
559 418 413 155 442 444 46 419 423 424 164 138 160 420 559 
559 413 155 442 444 46 419 423 138 160 420 164 424 418 559 
559 418 413 155 442 444 46 419 423 164 424 138 160 420 559 
559 420 424 164 138 160 423 419 46 442 444 155 413 418 559 
559 413 418 422 110 416 111 20 1 417 424 164 419 138 160 420 559 
559 413 418 422 110 416 20 111 1 417 424 164 419 559 
559 418 421 419 138 160 420 164 424 422 417 1 20 111 32 513 413 559 
559 418 413 339 329 32 513 111 20 1 417 422 424 164 138 160 420 559 
559 418 413 339 329 32 513 1 20 111 417 422 424 164 138 160 420 559 
559 418 413 339 329 32 513 20 111 1 417 422 424 164 138 160 420 559 
559 418 413 339 329 32 513 1 111 20 417 422 424 164 138 160 420 559 
559 418 32 513 1 20 111 416 110 422 424 164 419 138 160 420 559 
559 413 418 422 110 416 111 20 1 417 424 164 419 138 160 420 559 
559 418 422 110 416 111 20 1 417 424 164 419 138 160 420 413 559 
559 418 422 110 416 20 111 1 417 424 164 419 138 160 420 559 
559 413 418 422 110 416 20 111 1 417 424 164 419 559 
559 418 160 420 138 423 419 164 424 422 417 1 20 111 32 513 413 559 
559 418 420 160 423 419 138 164 424 422 417 1 20 111 32 513 413 559 
559 413 418 32 513 20 111 1 417 422 424 164 419 138 160 420 559 
559 413 418 422 32 513 111 20 1 417 424 164 423 419 138 160 420 559 
559 413 418 422 32 513 1 20 111 417 424 164 423 419 138 160 420 559 
559 413 418 32 513 1 20 111 417 422 424 164 423 419 138 160 420 559 
559 418 420 138 160 423 419 164 424 422 417 1 111 20 32 513 413 559 
559 413 418 422 32 513 1 20 111 417 424 164 419 423 138 160 420 559 
559 418 160 420 138 419 423 164 424 422 417 1 111 20 32 513 413 559 
559 413 418 32 513 111 20 1 417 422 424 164 423 419 138 160 420 559 
559 413 418 422 32 513 1 111 20 417 424 164 423 419 138 160 420 559 
559 418 420 160 423 419 138 164 424 422 417 1 111 20 32 513 413 559 
559 413 418 422 32 513 20 111 1 417 424 164 423 419 138 160 420 559 
559 418 160 420 138 423 419 164 424 422 417 1 111 20 32 513 413 559 
559 418 422 32 513 1 20 111 417 424 164 423 419 138 160 420 413 559 
559 413 418 422 32 513 20 111 1 417 424 164 419 138 160 420 559 
559 413 418 422 32 513 111 20 1 417 424 164 419 423 138 160 420 559 
559 418 413 339 329 32 513 1 20 111 417 422 424 164 138 160 420 559 
559 418 413 339 329 32 513 1 111 20 417 422 424 164 138 160 420 559 
559 418 413 339 329 32 513 20 111 1 417 422 424 164 138 160 420 559 
559 418 32 513 1 20 111 416 110 422 424 164 419 138 160 420 559 
559 413 418 422 110 416 111 20 1 417 424 164 419 138 160 420 559 
559 418 422 110 416 111 20 1 417 424 164 419 138 160 420 413 559 
559 413 418 422 110 416 20 111 1 417 424 164 419 559 
559 418 160 420 138 423 419 164 424 422 417 1 20 111 32 513 413 559 
559 418 420 160 423 419 138 164 424 422 417 1 20 111 32 513 413 559 
559 413 418 422 32 513 111 20 1 417 424 164 423 419 138 160 420 559 
559 418 420 160 423 419 138 164 424 422 417 1 111 20 32 513 413 559 
559 418 160 420 138 419 423 164 424 422 417 1 111 20 32 513 413 559 
559 413 418 32 513 1 20 111 417 422 424 164 423 419 138 160 420 559 
559 418 160 420 138 423 419 164 424 422 417 1 111 20 32 513 413 559 
559 413 418 422 32 513 20 111 1 417 424 164 419 138 160 420 559 
559 418 160 420 138 419 423 164 424 422 417 1 20 111 32 513 413 559 
559 418 422 32 513 1 20 111 417 424 164 423 419 138 160 420 413 559 
559 413 418 32 513 111 20 1 417 422 424 164 423 419 138 160 420 559 
559 413 418 422 32 513 1 111 20 417 424 164 419 423 138 160 420 559 
559 413 418 32 513 1 111 20 417 422 424 164 423 419 138 160 420 559 
559 413 418 32 513 20 111 1 417 422 424 164 419 138 160 420 559 
559 418 420 138 160 423 419 164 424 422 417 1 111 20 32 513 413 559 
559 413 418 422 32 513 1 20 111 417 424 164 419 423 138 160 420 559 
559 418 420 160 419 423 138 164 424 422 417 1 20 111 32 513 413 559 
559 413 418 32 513 20 111 1 417 422 424 164 423 419 160 420 559 
559 418 413 339 329 32 513 1 20 111 417 422 424 164 138 160 420 559 
559 418 413 339 329 32 513 111 20 1 417 422 424 164 138 160 420 559 
559 418 413 339 329 32 513 20 111 1 417 422 424 164 138 160 420 559 
559 418 413 339 329 32 513 1 111 20 417 422 424 164 138 160 420 559 
559 413 155 442 444 46 419 423 164 424 138 160 420 418 559 
559 413 155 444 442 46 419 423 424 164 138 160 420 418 559 
559 420 424 164 138 160 423 419 46 442 444 155 413 418 559 
559 418 413 155 442 444 46 419 423 164 424 138 160 420 559 
559 418 420 424 164 138 160 423 419 46 442 444 155 559 
559 418 413 155 444 442 46 419 423 424 164 138 160 420 559 
559 418 413 155 442 444 46 419 423 424 164 138 160 420 559 
559 418 413 155 444 442 46 419 423 164 424 138 160 420 559 
559 413 155 442 444 46 419 423 424 164 138 160 420 418 559 
559 420 160 419 164 424 422 110 416 111 1 513 413 418 559 
559 413 418 422 110 416 20 111 1 417 424 164 419 559 
559 413 418 422 110 416 111 20 1 417 424 164 419 138 160 420 559 
559 413 422 110 416 20 111 1 417 424 164 419 138 160 420 418 559 
559 413 422 110 416 111 20 1 417 424 164 419 138 160 420 418 559 
559 418 422 110 416 111 20 1 417 424 164 419 138 160 420 413 559 
559 418 422 110 416 20 111 1 417 424 164 419 138 160 420 559 
559 418 420 160 423 419 138 164 424 422 417 1 20 111 32 513 413 559 
559 418 420 160 419 423 138 164 424 422 417 1 20 111 32 513 413 559 
559 418 420 160 419 423 138 164 424 422 417 1 111 20 32 513 413 559 
559 418 420 160 423 419 138 164 424 422 417 1 111 20 32 513 413 559 
559 418 160 420 138 419 423 164 424 422 417 1 111 20 32 513 413 559 
559 418 420 138 160 419 423 164 424 422 417 1 111 20 32 513 413 559 
559 418 160 420 138 423 419 164 424 422 417 1 111 20 32 513 413 559 
559 418 420 138 160 423 419 164 424 422 417 1 111 20 32 513 413 559 
559 418 420 138 160 423 419 164 424 422 417 1 20 111 32 513 413 559 
559 418 160 420 138 419 423 164 424 422 417 1 20 111 32 513 413 559 
559 418 160 420 138 423 419 164 424 422 417 1 20 111 32 513 413 559 
559 420 160 423 419 138 164 424 422 417 1 111 20 32 513 413 418 559 
559 420 138 160 419 423 164 424 422 417 1 111 20 32 513 413 418 559 
559 420 138 160 419 423 164 424 422 417 1 20 111 32 513 413 418 559 
559 160 420 138 419 423 164 424 422 417 1 20 111 32 513 413 418 559 
559 420 160 423 419 138 164 424 422 417 1 20 111 32 513 413 418 559 
559 420 138 160 423 419 164 424 422 417 1 20 111 32 513 413 418 559 
559 160 420 138 419 423 164 424 422 417 1 111 20 32 513 413 418 559 
559 420 160 419 423 138 164 424 422 417 1 111 20 32 513 413 418 559 
559 420 138 160 423 419 164 424 422 417 1 111 20 32 513 413 418 559 
559 160 420 138 423 419 164 424 422 417 1 111 20 32 513 413 418 559 
559 160 420 138 423 419 164 424 422 417 1 20 111 32 513 413 418 559 
559 413 422 32 513 111 20 1 417 424 164 419 423 138 160 420 418 559 
559 422 417 1 20 111 32 513 413 424 164 419 423 138 160 420 418 559 
559 422 417 1 111 20 32 513 413 424 164 419 423 138 160 420 418 559 
559 418 422 417 1 111 20 32 513 413 420 424 164 419 423 138 160 559 
559 418 422 417 1 20 111 32 513 413 420 424 164 419 423 138 160 559 
559 413 418 422 32 513 111 20 1 417 424 164 419 423 138 160 420 559 
559 413 418 422 32 513 1 20 111 417 424 164 419 423 138 160 420 559 
559 413 418 422 32 513 1 20 111 417 424 164 423 419 138 160 420 559 
559 413 418 32 513 1 111 20 417 422 424 164 423 419 138 160 420 559 
559 413 418 32 513 1 20 111 417 422 424 164 423 419 138 160 420 559 
559 413 418 32 513 111 20 1 417 422 424 164 423 419 138 160 420 559 
559 413 418 32 513 20 111 1 417 422 424 164 423 419 160 420 559 
559 413 418 422 32 513 20 111 1 417 424 164 423 419 138 160 420 559 
559 413 418 422 32 513 1 111 20 417 424 164 423 419 138 160 420 559 
559 418 422 417 1 111 20 32 513 413 424 164 423 419 138 160 420 559 
559 418 422 417 1 111 20 32 513 413 424 164 419 423 138 160 420 559 
559 418 422 417 1 20 111 32 513 413 424 164 419 423 138 160 420 559 
559 413 418 32 513 111 20 1 417 422 424 164 419 423 160 420 559 
559 422 417 1 20 111 32 513 413 418 424 164 419 423 138 160 420 559 
559 422 417 1 111 20 32 513 413 418 424 164 419 423 138 160 420 559 
559 413 418 422 32 513 20 111 1 417 424 164 419 138 160 420 559 
559 413 418 422 32 513 1 111 20 417 424 164 419 423 138 160 420 559 
559 413 418 32 513 1 20 111 417 422 424 164 419 423 160 420 559 
559 413 418 32 513 1 111 20 417 422 424 164 419 423 138 160 420 559 
559 413 418 32 513 20 111 1 417 422 424 164 419 138 160 420 559 
559 413 418 422 32 513 111 20 1 417 424 164 423 419 138 160 420 559 
559 418 422 417 1 20 111 32 513 413 424 164 423 419 138 160 420 559 
559 422 417 1 111 20 32 513 413 424 164 423 419 138 160 420 418 559 
559 413 422 32 513 20 111 1 417 424 164 423 419 138 160 420 418 559 
559 413 422 32 513 1 111 20 417 424 164 423 419 138 160 420 418 559 
559 413 422 32 513 1 111 20 417 424 164 419 423 138 160 420 418 559 
559 413 422 32 513 1 20 111 417 424 164 419 423 138 160 420 418 559 
559 413 422 32 513 1 20 111 417 424 164 423 419 138 160 420 418 559 
559 413 422 32 513 111 20 1 417 424 164 423 419 138 160 420 418 559 
559 422 417 1 20 111 32 513 413 424 164 423 419 138 160 420 418 559 
559 418 422 417 1 20 111 32 513 413 420 424 164 423 419 138 160 559 
559 418 422 417 1 111 20 32 513 413 420 424 164 423 419 138 160 559 
559 422 417 1 111 20 32 513 413 418 424 164 423 419 138 160 420 559 
559 422 417 1 20 111 32 513 413 418 424 164 423 419 138 160 420 559 
559 418 413 339 329 32 513 111 20 1 417 422 424 164 138 160 420 559 
559 418 413 339 329 32 513 1 20 111 417 422 424 164 138 160 420 559 
559 413 339 329 32 513 111 20 1 417 422 424 164 138 160 420 418 559 
559 413 339 329 32 513 1 111 20 417 422 424 164 138 160 420 418 559 
559 418 413 339 329 32 513 1 111 20 417 422 424 164 138 160 420 559 
559 418 413 339 329 32 513 20 111 1 417 422 424 164 138 160 420 559 
559 413 339 329 32 513 20 111 1 417 422 424 164 138 160 420 418 559 
559 413 339 329 32 513 1 20 111 417 422 424 164 138 160 420 418 559 
559 413 155 444 442 46 419 423 424 164 138 160 420 418 559 
559 418 413 155 444 442 46 419 423 424 164 138 160 420 559 
559 418 420 424 164 138 160 423 419 46 442 444 155 559 
559 418 413 155 442 444 46 419 423 164 424 138 160 420 559 
559 413 155 442 444 46 419 423 138 160 420 164 424 418 559 
559 420 424 164 138 160 423 419 46 442 444 155 413 418 559 
559 413 155 442 444 46 419 423 164 424 138 160 420 418 559 
559 413 155 444 442 46 419 423 164 424 138 160 420 418 559 
559 418 413 155 444 442 46 419 423 164 424 138 160 420 559 
559 413 155 442 444 46 419 423 424 164 138 160 420 418 559 
559 418 413 155 442 444 46 419 423 424 164 138 160 420 559 
559 422 110 416 111 20 32 513 413 424 164 138 160 420 559 
559 418 422 110 416 20 111 1 417 424 164 419 138 160 420 559 
559 413 418 422 110 416 20 111 1 417 424 164 419 559 
559 413 418 422 110 416 111 20 1 417 424 164 419 138 160 420 559 
559 418 420 160 423 419 138 164 424 422 417 1 20 111 32 513 413 559 
559 418 160 420 138 419 423 164 424 422 417 1 20 111 32 513 413 559 
559 418 160 420 138 423 419 164 424 422 417 1 20 111 32 513 413 559 
559 418 420 160 419 423 138 164 424 422 417 1 20 111 32 513 413 559 
559 418 420 138 160 423 419 164 424 422 417 1 20 111 32 513 413 559 
559 418 420 138 160 423 419 164 424 422 417 1 111 20 32 513 413 559 
559 418 420 160 423 419 138 164 424 422 417 1 111 20 32 513 413 559 
559 418 160 420 138 419 423 164 424 422 417 1 111 20 32 513 413 559 
559 418 420 138 160 419 423 164 424 422 417 1 111 20 32 513 413 559 
559 418 420 160 419 423 138 164 424 422 417 1 111 20 32 513 413 559 
559 418 160 420 138 423 419 164 424 422 417 1 111 20 32 513 413 559 
559 160 420 138 423 419 164 424 422 417 1 111 20 32 513 413 418 559 
559 420 160 423 419 138 164 424 422 417 1 111 20 32 513 413 418 559 
559 160 420 138 419 423 164 424 422 417 1 111 20 32 513 413 418 559 
559 160 420 138 419 423 164 424 422 417 1 20 111 32 513 413 418 559 
559 420 160 423 419 138 164 424 422 417 1 20 111 32 513 413 418 559 
559 420 160 419 423 138 164 424 422 417 1 20 111 32 513 413 418 559 
559 420 138 160 419 423 164 424 422 417 1 20 111 32 513 413 418 559 
559 420 138 160 423 419 164 424 422 417 1 20 111 32 513 413 418 559 
559 160 420 138 423 419 164 424 422 417 1 20 111 32 513 413 418 559 
559 413 422 32 513 111 20 1 417 424 164 423 419 138 160 420 418 559 
559 413 422 32 513 1 111 20 417 424 164 423 419 138 160 420 418 559 
559 422 417 1 111 20 32 513 413 424 164 423 419 138 160 420 418 559 
559 413 418 422 32 513 20 111 1 417 424 164 423 419 138 160 420 559 
559 413 418 422 32 513 1 111 20 417 424 164 423 419 138 160 420 559 
559 413 418 422 32 513 1 111 20 417 424 164 419 423 138 160 420 559 
559 413 418 422 32 513 111 20 1 417 424 164 419 423 138 160 420 559 
559 413 418 422 32 513 111 20 1 417 424 164 423 419 138 160 420 559 
559 413 418 32 513 111 20 1 417 422 424 164 423 419 138 160 420 559 
559 413 418 32 513 1 20 111 417 422 424 164 423 419 138 160 420 559 
559 413 418 32 513 1 20 111 417 422 424 164 419 423 160 420 559 
559 413 418 32 513 1 111 20 417 422 424 164 419 423 138 160 420 559 
559 413 418 32 513 1 111 20 417 422 424 164 423 419 138 160 420 559 
559 418 422 417 1 111 20 32 513 413 424 164 423 419 138 160 420 559 
559 418 422 417 1 20 111 32 513 413 424 164 423 419 138 160 420 559 
559 418 422 417 1 20 111 32 513 413 424 164 419 423 138 160 420 559 
559 413 418 32 513 111 20 1 417 422 424 164 419 423 160 420 559 
559 413 418 422 32 513 1 20 111 417 424 164 419 423 138 160 420 559 
559 413 418 422 32 513 1 20 111 417 424 164 423 419 138 160 420 559 
559 422 417 1 111 20 32 513 413 418 424 164 423 419 138 160 420 559 
559 413 418 32 513 20 111 1 417 422 424 164 423 419 160 420 559 
559 413 418 32 513 20 111 1 417 422 424 164 419 138 160 420 559 
559 418 422 417 1 111 20 32 513 413 424 164 419 423 138 160 420 559 
559 422 417 1 111 20 32 513 413 418 424 164 419 423 138 160 420 559 
559 422 417 1 20 111 32 513 413 418 424 164 419 423 138 160 420 559 
559 422 417 1 20 111 32 513 413 418 424 164 423 419 138 160 420 559 
559 418 413 339 329 32 513 1 20 111 417 422 424 164 138 160 420 559 
559 418 413 339 329 32 513 20 111 1 417 422 424 164 138 160 420 559 
559 418 413 339 329 32 513 111 20 1 417 422 424 164 138 160 420 559 
559 413 339 329 32 513 111 20 1 417 422 424 164 138 160 420 418 559 
559 413 339 329 32 513 1 111 20 417 422 424 164 138 160 420 418 559 
559 413 339 329 32 513 1 20 111 417 422 424 164 138 160 420 418 559 
559 413 339 329 32 513 20 111 1 417 422 424 164 138 160 420 418 559 
559 418 413 339 329 32 513 1 111 20 417 422 424 164 138 160 420 559 
559 413 155 442 444 46 419 423 424 164 138 160 420 418 559 
559 413 155 444 442 46 419 423 424 164 138 160 420 418 559 
559 420 424 164 138 160 423 419 46 442 444 155 413 418 559 
559 418 413 155 442 444 46 419 423 164 424 138 160 420 559 
559 418 413 155 442 444 46 419 423 424 164 138 160 420 559 
559 418 420 424 164 138 160 423 419 46 442 444 155 559 
559 160 420 164 424 422 110 416 1 20 111 32 513 413 418 559 
559 418 160 420 164 424 422 110 416 1 20 111 32 513 413 559 
559 418 160 420 164 424 422 110 416 1 111 20 32 513 413 559 
559 413 422 32 513 111 20 1 417 424 164 419 423 138 160 420 418 559 
559 413 422 32 513 1 111 20 417 424 164 419 423 138 160 420 418 559 
559 413 418 422 32 513 1 111 20 417 424 164 419 423 138 160 420 559 
559 413 418 422 32 513 1 111 20 417 424 164 423 419 138 160 420 559 
559 418 422 417 1 111 20 32 513 413 424 164 423 419 138 160 420 559 
559 418 422 417 1 111 20 32 513 413 420 424 164 419 423 138 160 559 
559 413 418 32 513 20 111 1 417 422 424 164 423 419 160 420 559 
559 413 418 32 513 20 111 1 417 422 424 164 419 138 160 420 559 
559 418 422 417 1 111 20 32 513 413 424 164 419 423 138 160 420 559 
559 418 422 417 1 20 111 32 513 413 424 164 419 423 138 160 420 559 
559 418 422 417 1 20 111 32 513 413 420 424 164 419 423 138 160 559 
559 413 418 422 32 513 111 20 1 417 424 164 419 423 138 160 420 559 
559 413 418 422 32 513 111 20 1 417 424 164 423 419 138 160 420 559 
559 413 418 422 32 513 1 20 111 417 424 164 423 419 138 160 420 559 
559 413 418 422 32 513 1 20 111 417 424 164 419 423 138 160 420 559 
559 420 160 423 419 138 164 424 422 417 1 111 20 32 513 413 418 559 
559 420 138 160 423 419 164 424 422 417 1 111 20 32 513 413 418 559 
559 160 420 138 423 419 164 424 422 417 1 111 20 32 513 413 418 559 
559 160 420 138 419 423 164 424 422 417 1 111 20 32 513 413 418 559 
559 160 420 138 419 423 164 424 422 417 1 20 111 32 513 413 418 559 
559 160 420 138 423 419 164 424 422 417 1 20 111 32 513 413 418 559 
559 420 160 423 419 138 164 424 422 417 1 20 111 32 513 413 418 559 
559 418 420 160 423 419 138 164 424 422 417 1 20 111 32 513 413 559 
559 418 160 420 138 423 419 164 424 422 417 1 20 111 32 513 413 559 
559 418 420 160 419 423 138 164 424 422 417 1 20 111 32 513 413 559 
559 418 420 160 419 423 138 164 424 422 417 1 111 20 32 513 413 559 
559 418 420 160 423 419 138 164 424 422 417 1 111 20 32 513 413 559 
559 418 420 138 160 419 423 164 424 422 417 1 111 20 32 513 413 559 
559 418 160 420 138 423 419 164 424 422 417 1 111 20 32 513 413 559 
559 418 420 138 160 423 419 164 424 422 417 1 111 20 32 513 413 559 
559 418 160 420 138 419 423 164 424 422 417 1 111 20 32 513 413 559 
559 418 160 420 138 419 423 164 424 422 417 1 20 111 32 513 413 559 
559 418 420 138 160 419 423 164 424 422 417 1 20 111 32 513 413 559 
559 418 420 138 160 423 419 164 424 422 417 1 20 111 32 513 413 559 
559 418 413 339 329 32 513 111 20 1 417 422 424 164 138 160 420 559 
559 418 413 339 329 32 513 1 20 111 417 422 424 164 138 160 420 559 
559 418 413 339 329 32 513 1 111 20 417 422 424 164 138 160 420 559 
559 418 413 339 329 32 513 20 111 1 417 422 424 164 138 160 420 559 
559 413 339 329 32 513 1 111 20 417 422 424 164 138 160 420 418 559 
559 413 339 329 32 513 20 111 1 417 422 424 164 138 160 420 418 559 
559 413 339 329 32 513 111 20 1 417 422 424 164 138 160 420 418 559 
559 413 339 329 32 513 1 20 111 417 422 424 164 138 160 420 418 559 
559 413 155 444 442 46 419 423 424 164 138 160 420 418 559 
559 420 424 164 138 160 423 419 46 442 444 155 413 418 559 
559 413 155 442 444 46 419 423 164 424 138 160 420 418 559 
559 413 155 444 442 46 419 423 164 424 138 160 420 418 559 
559 418 413 155 442 444 46 419 423 424 164 138 160 420 559 
559 418 413 155 442 444 46 419 423 164 424 138 160 420 559 
559 418 420 424 164 138 160 423 419 46 442 444 155 559 
559 418 413 155 444 442 46 419 423 424 164 138 160 420 559 
559 418 413 155 444 442 46 419 423 164 424 138 160 420 559 
559 413 155 442 444 46 419 423 424 164 138 160 420 418 559 
559 160 420 164 424 422 110 416 1 111 20 32 513 413 418 559 
559 413 422 110 416 20 111 1 417 424 164 419 138 160 420 418 559 
559 413 422 110 416 111 20 1 417 424 164 419 138 160 420 418 559 
559 413 418 422 110 416 111 20 1 417 424 164 419 138 160 420 559 
559 413 418 422 110 416 20 111 1 417 424 164 419 559 
559 418 422 110 416 20 111 1 417 424 164 419 138 160 420 559 
559 418 422 110 416 111 20 1 417 424 164 419 138 160 420 413 559 
559 418 420 160 423 419 138 164 424 422 417 1 20 111 32 513 413 559 
559 418 160 420 138 423 419 164 424 422 417 1 20 111 32 513 413 559 
559 418 420 160 419 423 138 164 424 422 417 1 20 111 32 513 413 559 
559 418 420 160 419 423 138 164 424 422 417 1 111 20 32 513 413 559 
559 418 160 420 138 419 423 164 424 422 417 1 111 20 32 513 413 559 
559 418 160 420 138 419 423 164 424 422 417 1 20 111 32 513 413 559 
559 418 420 138 160 419 423 164 424 422 417 1 20 111 32 513 413 559 
559 418 420 138 160 423 419 164 424 422 417 1 20 111 32 513 413 559 
559 418 420 138 160 423 419 164 424 422 417 1 111 20 32 513 413 559 
559 418 420 160 423 419 138 164 424 422 417 1 111 20 32 513 413 559 
559 160 420 138 419 423 164 424 422 417 1 20 111 32 513 413 418 559 
559 160 420 138 419 423 164 424 422 417 1 111 20 32 513 413 418 559 
559 420 160 423 419 138 164 424 422 417 1 111 20 32 513 413 418 559 
559 420 138 160 423 419 164 424 422 417 1 111 20 32 513 413 418 559 
559 420 138 160 423 419 164 424 422 417 1 20 111 32 513 413 418 559 
559 160 420 138 423 419 164 424 422 417 1 20 111 32 513 413 418 559 
559 420 160 423 419 138 164 424 422 417 1 20 111 32 513 413 418 559 
559 422 417 1 20 111 32 513 413 424 164 423 419 138 160 420 418 559 
559 413 422 32 513 111 20 1 417 424 164 423 419 138 160 420 418 559 
559 413 418 422 32 513 111 20 1 417 424 164 423 419 138 160 420 559 
559 413 418 422 32 513 111 20 1 417 424 164 419 423 138 160 420 559 
559 413 418 32 513 1 111 20 417 422 424 164 419 423 138 160 420 559 
559 413 418 32 513 20 111 1 417 422 424 164 419 138 160 420 559 
559 413 418 32 513 1 20 111 417 422 424 164 419 423 160 420 559 
559 413 418 32 513 111 20 1 417 422 424 164 419 423 160 420 559 
559 413 418 422 32 513 1 20 111 417 424 164 419 423 138 160 420 559 
559 418 422 417 1 20 111 32 513 413 424 164 419 423 138 160 420 559 
559 418 422 417 1 111 20 32 513 413 424 164 419 423 138 160 420 559 
559 413 418 422 32 513 20 111 1 417 424 164 419 138 160 420 559 
559 413 418 422 32 513 20 111 1 417 424 164 423 419 138 160 420 559 
559 413 418 422 32 513 1 111 20 417 424 164 423 419 138 160 420 559 
559 418 422 417 1 111 20 32 513 413 424 164 423 419 138 160 420 559 
559 418 422 417 1 20 111 32 513 413 424 164 423 419 138 160 420 559 
559 413 418 32 513 20 111 1 417 422 424 164 423 419 160 420 559 
559 413 418 32 513 1 20 111 417 422 424 164 423 419 138 160 420 559 
559 413 418 422 32 513 1 20 111 417 424 164 423 419 138 160 420 559 
559 413 418 32 513 111 20 1 417 422 424 164 423 419 138 160 420 559 
559 413 418 32 513 1 111 20 417 422 424 164 423 419 138 160 420 559 
559 422 417 1 111 20 32 513 413 418 424 164 423 419 138 160 420 559 
559 422 417 1 111 20 32 513 413 418 424 164 419 423 138 160 420 559 
559 422 417 1 20 111 32 513 413 418 424 164 419 423 138 160 420 559 
559 422 417 1 20 111 32 513 413 418 424 164 423 419 138 160 420 559 
559 160 420 138 423 419 164 424 422 417 1 111 20 32 513 413 418 559 
559 418 160 420 138 423 419 164 424 422 417 1 111 20 32 513 413 559 
559 413 422 32 513 1 20 111 417 424 164 423 419 138 160 420 418 559 
559 413 422 32 513 1 111 20 417 424 164 423 419 138 160 420 418 559 
559 413 422 32 513 1 111 20 417 424 164 419 423 138 160 420 418 559 
559 422 417 1 111 20 32 513 413 424 164 423 419 138 160 420 418 559 
559 422 417 1 111 20 32 513 413 424 164 419 423 138 160 420 418 559 
559 422 417 1 20 111 32 513 413 424 164 419 423 138 160 420 418 559 
559 418 413 339 329 32 513 1 20 111 417 422 424 164 138 160 420 559 
559 418 413 339 329 32 513 1 111 20 417 422 424 164 138 160 420 559 
559 418 413 339 329 32 513 20 111 1 417 422 424 164 138 160 420 559 
559 418 413 339 329 32 513 111 20 1 417 422 424 164 138 160 420 559 
559 413 339 329 32 513 111 20 1 417 422 424 164 138 160 420 418 559 
559 413 339 329 32 513 1 20 111 417 422 424 164 138 160 420 418 559 
559 413 339 329 32 513 1 111 20 417 422 424 164 138 160 420 418 559 
559 413 339 329 32 513 20 111 1 417 422 424 164 138 160 420 418 559 
559 418 32 513 1 20 111 416 110 422 424 164 419 138 160 420 559 
559 413 418 422 110 416 111 20 1 417 424 164 419 138 160 420 559 
559 413 418 422 110 416 20 111 1 417 424 164 419 559 
559 418 422 110 416 20 111 1 417 424 164 419 138 160 420 559 
559 418 422 110 416 111 20 1 417 424 164 419 138 160 420 413 559 
559 418 420 160 423 419 138 164 424 422 417 1 111 20 32 513 413 559 
559 418 160 420 138 419 423 164 424 422 417 1 111 20 32 513 413 559 
559 418 160 420 138 423 419 164 424 422 417 1 111 20 32 513 413 559 
559 418 420 160 419 423 138 164 424 422 417 1 111 20 32 513 413 559 
559 418 160 420 138 423 419 164 424 422 417 1 20 111 32 513 413 559 
559 418 160 420 138 419 423 164 424 422 417 1 20 111 32 513 413 559 
559 418 420 138 160 419 423 164 424 422 417 1 20 111 32 513 413 559 
559 418 420 160 423 419 138 164 424 422 417 1 20 111 32 513 413 559 
559 418 420 160 419 423 138 164 424 422 417 1 20 111 32 513 413 559 
559 418 420 138 160 423 419 164 424 422 417 1 20 111 32 513 413 559 
559 418 420 138 160 423 419 164 424 422 417 1 111 20 32 513 413 559 
559 418 420 138 160 419 423 164 424 422 417 1 111 20 32 513 413 559 
559 420 138 160 423 419 164 424 422 417 1 20 111 32 513 413 418 559 
559 160 420 138 423 419 164 424 422 417 1 20 111 32 513 413 418 559 
559 420 160 419 423 138 164 424 422 417 1 20 111 32 513 413 418 559 
559 420 160 423 419 138 164 424 422 417 1 20 111 32 513 413 418 559 
559 160 420 138 419 423 164 424 422 417 1 20 111 32 513 413 418 559 
559 160 420 138 419 423 164 424 422 417 1 111 20 32 513 413 418 559 
559 420 160 423 419 138 164 424 422 417 1 111 20 32 513 413 418 559 
559 413 418 32 513 1 111 20 417 422 424 164 419 423 138 160 420 559 
559 413 418 422 32 513 1 111 20 417 424 164 419 423 138 160 420 559 
559 413 418 422 32 513 1 111 20 417 424 164 423 419 138 160 420 559 
559 413 418 422 32 513 20 111 1 417 424 164 423 419 138 160 420 559 
559 413 418 32 513 1 20 111 417 422 424 164 423 419 138 160 420 559 
559 413 418 32 513 1 20 111 417 422 424 164 419 423 160 420 559 
559 418 422 417 1 20 111 32 513 413 424 164 419 423 138 160 420 559 
559 418 422 417 1 20 111 32 513 413 424 164 423 419 138 160 420 559 
559 418 422 417 1 111 20 32 513 413 424 164 423 419 138 160 420 559 
559 418 422 417 1 111 20 32 513 413 424 164 419 423 138 160 420 559 
559 418 422 417 1 111 20 32 513 413 420 424 164 419 423 138 160 559 
559 413 418 422 32 513 20 111 1 417 424 164 419 138 160 420 559 
559 413 418 422 32 513 1 20 111 417 424 164 423 419 138 160 420 559 
559 413 418 32 513 1 111 20 417 422 424 164 423 419 138 160 420 559 
559 413 418 32 513 20 111 1 417 422 424 164 423 419 160 420 559 
559 413 418 32 513 111 20 1 417 422 424 164 423 419 138 160 420 559 
559 413 418 32 513 111 20 1 417 422 424 164 419 423 160 420 559 
559 413 418 422 32 513 1 20 111 417 424 164 419 423 138 160 420 559 
559 413 418 422 32 513 111 20 1 417 424 164 419 423 138 160 420 559 
559 413 418 422 32 513 111 20 1 417 424 164 423 419 138 160 420 559 
559 160 420 138 423 419 164 424 422 417 1 111 20 32 513 413 418 559 
559 420 138 160 423 419 164 424 422 417 1 111 20 32 513 413 418 559 
559 420 160 419 423 138 164 424 422 417 1 111 20 32 513 413 418 559 
559 420 138 160 419 423 164 424 422 417 1 111 20 32 513 413 418 559 
559 420 138 160 419 423 164 424 422 417 1 20 111 32 513 413 418 559 
559 413 422 32 513 111 20 1 417 424 164 423 419 138 160 420 418 559 
559 413 422 32 513 1 111 20 417 424 164 423 419 138 160 420 418 559 
559 413 422 32 513 20 111 1 417 424 164 423 419 138 160 420 418 559 
559 413 422 32 513 1 20 111 417 424 164 423 419 138 160 420 418 559 
559 413 422 32 513 1 20 111 417 424 164 419 423 138 160 420 418 559 
559 413 422 32 513 1 111 20 417 424 164 419 423 138 160 420 418 559 
559 422 417 1 111 20 32 513 413 424 164 419 423 138 160 420 418 559 
559 413 422 32 513 20 111 1 417 424 164 419 423 160 420 418 559 
559 413 422 32 513 111 20 1 417 424 164 419 423 138 160 420 418 559 
559 422 417 1 20 111 32 513 413 424 164 419 423 138 160 420 418 559 
559 422 417 1 20 111 32 513 413 424 164 423 419 138 160 420 418 559 
559 422 417 1 111 20 32 513 413 424 164 423 419 138 160 420 418 559 
559 418 422 417 1 111 20 32 513 413 420 424 164 423 419 138 160 559 
559 418 422 417 1 20 111 32 513 413 420 424 164 423 419 138 160 559 
559 418 422 417 1 20 111 32 513 413 420 424 164 419 423 138 160 559 
559 418 422 32 513 111 20 1 417 424 164 423 419 138 160 420 413 559 
559 418 422 32 513 111 20 1 417 424 164 419 423 138 160 420 559 
559 418 422 32 513 1 20 111 417 424 164 419 423 138 160 420 559 
559 418 422 32 513 1 20 111 417 424 164 423 419 138 160 420 413 559 
559 418 422 32 513 1 111 20 417 424 164 423 419 138 160 420 413 559 
559 418 422 32 513 1 111 20 417 424 164 419 423 138 160 420 559 
559 418 422 32 513 20 111 1 417 424 164 419 423 160 420 559 
559 418 422 32 513 20 111 1 417 424 164 423 419 138 160 420 559 
559 413 418 32 513 20 111 1 417 422 424 164 419 138 160 420 559 
559 422 417 1 111 20 32 513 413 418 424 164 419 423 138 160 420 559 
559 422 417 1 111 20 32 513 413 418 424 164 423 419 138 160 420 559 
559 422 417 1 20 111 32 513 413 418 424 164 423 419 138 160 420 559 
559 422 417 1 20 111 32 513 413 418 424 164 419 423 138 160 420 559 
559 413 339 329 32 513 1 111 20 417 422 424 164 138 160 420 418 559 
559 413 339 329 32 513 20 111 1 417 422 424 164 138 160 420 418 559 
559 418 413 339 329 32 513 20 111 1 417 422 424 164 138 160 420 559 
559 418 413 339 329 32 513 111 20 1 417 422 424 164 138 160 420 559 
559 418 413 339 329 32 513 1 111 20 417 422 424 164 138 160 420 559 
559 418 413 339 329 32 513 1 20 111 417 422 424 164 138 160 420 559 
559 413 339 329 32 513 1 20 111 417 422 424 164 138 160 420 418 559 
559 413 339 329 32 513 111 20 1 417 422 424 164 138 160 420 418 559 
559 413 155 442 444 46 419 423 164 424 138 160 420 418 559 
559 418 413 155 442 444 46 419 423 164 424 138 160 420 559 
559 413 155 444 442 46 419 423 424 164 138 160 420 418 559 
559 418 413 155 444 442 46 419 423 424 164 138 160 420 559 
559 418 413 155 442 444 46 419 423 424 164 138 160 420 559 
559 420 424 164 138 160 423 419 46 442 444 155 413 418 559 
559 418 420 424 164 138 160 423 419 46 442 444 155 559 
559 418 160 420 164 424 422 110 416 1 20 111 32 513 413 559 
559 418 160 420 164 424 422 110 416 1 111 20 32 513 413 559 
559 413 418 422 32 513 1 111 20 417 424 164 423 419 138 160 420 559 
559 413 418 422 32 513 20 111 1 417 424 164 423 419 138 160 420 559 
559 418 422 417 1 111 20 32 513 413 424 164 423 419 138 160 420 559 
559 418 422 417 1 20 111 32 513 413 424 164 423 419 138 160 420 559 
559 413 418 422 32 513 111 20 1 417 424 164 423 419 138 160 420 559 
559 413 418 422 32 513 1 20 111 417 424 164 423 419 138 160 420 559 
559 413 418 32 513 1 20 111 417 422 424 164 423 419 138 160 420 559 
559 413 418 32 513 1 20 111 417 422 424 164 419 423 160 420 559 
559 413 418 422 32 513 111 20 1 417 424 164 419 423 138 160 420 559 
559 422 417 1 111 20 32 513 413 418 424 164 423 419 138 160 420 559 
559 422 417 1 111 20 32 513 413 418 424 164 419 423 138 160 420 559 
559 422 417 1 20 111 32 513 413 418 424 164 419 423 138 160 420 559 
559 418 422 417 1 20 111 32 513 413 424 164 419 423 138 160 420 559 
559 418 422 417 1 111 20 32 513 413 424 164 419 423 138 160 420 559 
559 413 418 422 32 513 20 111 1 417 424 164 419 138 160 420 559 
559 413 418 422 32 513 1 111 20 417 424 164 419 423 138 160 420 559 
559 413 418 422 32 513 1 20 111 417 424 164 419 423 138 160 420 559 
559 418 160 420 138 423 419 164 424 422 417 1 20 111 32 513 413 559 
559 418 160 420 138 419 423 164 424 422 417 1 20 111 32 513 413 559 
559 418 420 160 423 419 138 164 424 422 417 1 20 111 32 513 413 559 
559 418 420 160 419 423 138 164 424 422 417 1 20 111 32 513 413 559 
559 160 420 138 423 419 164 424 422 417 1 111 20 32 513 413 418 559 
559 160 420 138 419 423 164 424 422 417 1 111 20 32 513 413 418 559 
559 420 160 423 419 138 164 424 422 417 1 111 20 32 513 413 418 559 
559 418 160 420 138 419 423 164 424 422 417 1 111 20 32 513 413 559 
559 418 420 160 423 419 138 164 424 422 417 1 111 20 32 513 413 559 
559 418 160 420 138 423 419 164 424 422 417 1 111 20 32 513 413 559 
559 418 420 138 160 423 419 164 424 422 417 1 111 20 32 513 413 559 
559 418 420 138 160 419 423 164 424 422 417 1 111 20 32 513 413 559 
559 418 420 138 160 419 423 164 424 422 417 1 20 111 32 513 413 559 
559 418 420 138 160 423 419 164 424 422 417 1 20 111 32 513 413 559 
559 418 413 339 329 32 513 111 20 1 417 422 424 164 138 160 420 559 
559 418 413 339 329 32 513 20 111 1 417 422 424 164 138 160 420 559 
559 418 413 339 329 32 513 1 111 20 417 422 424 164 138 160 420 559 
559 418 413 339 329 32 513 1 20 111 417 422 424 164 138 160 420 559 
559 413 339 329 32 513 1 20 111 417 422 424 164 138 160 420 418 559 
559 413 339 329 32 513 111 20 1 417 422 424 164 138 160 420 418 559 
559 413 339 329 32 513 1 111 20 417 422 424 164 138 160 420 418 559 
559 413 339 329 32 513 20 111 1 417 422 424 164 138 160 420 418 559 
559 413 155 442 444 46 419 423 424 164 138 160 420 418 559 
559 420 424 164 138 160 423 419 46 442 444 155 413 418 559 
559 418 413 155 442 444 46 419 423 164 424 138 160 420 559 
559 413 155 444 442 46 419 423 424 164 138 160 420 418 559 
559 418 413 155 444 442 46 419 423 424 164 138 160 420 559 
559 418 413 155 442 444 46 419 423 424 164 138 160 420 559 
559 418 420 424 164 138 160 423 419 46 442 444 155 559 
559 413 155 442 444 46 419 423 164 424 138 160 420 418 559 
559 413 155 444 442 46 419 423 164 424 138 160 420 418 559 
559 418 413 155 444 442 46 419 423 164 424 138 160 420 559 
559 420 160 419 164 424 422 110 416 111 1 513 413 418 559 
559 413 422 110 416 20 111 1 417 424 164 419 138 160 420 418 559 
559 413 422 110 416 111 20 1 417 424 164 419 138 160 420 418 559 
559 413 418 422 110 416 111 20 1 417 424 164 419 138 160 420 559 
559 413 418 422 110 416 20 111 1 417 424 164 419 559 
559 418 422 110 416 111 20 1 417 424 164 419 138 160 420 413 559 
559 418 422 110 416 20 111 1 417 424 164 419 138 160 420 559 
559 422 417 1 20 111 32 513 413 424 164 423 419 138 160 420 418 559 
559 413 418 32 513 1 111 20 417 422 424 164 423 419 138 160 420 559 
559 413 418 422 32 513 1 111 20 417 424 164 423 419 138 160 420 559 
559 413 418 422 32 513 20 111 1 417 424 164 423 419 138 160 420 559 
559 413 418 32 513 1 20 111 417 422 424 164 423 419 138 160 420 559 
559 413 418 32 513 1 20 111 417 422 424 164 419 423 160 420 559 
559 413 418 32 513 1 111 20 417 422 424 164 419 423 138 160 420 559 
559 413 418 422 32 513 1 111 20 417 424 164 419 423 138 160 420 559 
559 413 418 422 32 513 1 20 111 417 424 164 419 423 138 160 420 559 
559 413 418 422 32 513 20 111 1 417 424 164 419 138 160 420 559 
559 413 418 422 32 513 111 20 1 417 424 164 419 423 138 160 420 559 
559 418 422 417 1 20 111 32 513 413 424 164 419 423 138 160 420 559 
559 413 418 32 513 111 20 1 417 422 424 164 423 419 138 160 420 559 
559 413 418 422 32 513 111 20 1 417 424 164 423 419 138 160 420 559 
559 413 418 422 32 513 1 20 111 417 424 164 423 419 138 160 420 559 
559 418 422 417 1 20 111 32 513 413 424 164 423 419 138 160 420 559 
559 418 422 417 1 20 111 32 513 413 420 424 164 419 423 138 160 559 
559 418 422 417 1 111 20 32 513 413 420 424 164 419 423 138 160 559 
559 413 418 32 513 20 111 1 417 422 424 164 419 138 160 420 559 
559 413 418 32 513 111 20 1 417 422 424 164 419 423 160 420 559 
559 422 417 1 111 20 32 513 413 418 424 164 419 423 138 160 420 559 
559 422 417 1 111 20 32 513 413 418 424 164 423 419 138 160 420 559 
559 422 417 1 20 111 32 513 413 418 424 164 423 419 138 160 420 559 
559 422 417 1 20 111 32 513 413 418 424 164 419 423 138 160 420 559 
559 418 420 160 423 419 138 164 424 422 417 1 111 20 32 513 413 559 
559 418 160 420 138 423 419 164 424 422 417 1 111 20 32 513 413 559 
559 418 420 138 160 423 419 164 424 422 417 1 111 20 32 513 413 559 
559 418 420 160 419 423 138 164 424 422 417 1 111 20 32 513 413 559 
559 418 160 420 138 419 423 164 424 422 417 1 111 20 32 513 413 559 
559 418 160 420 138 423 419 164 424 422 417 1 20 111 32 513 413 559 
559 418 160 420 138 419 423 164 424 422 417 1 20 111 32 513 413 559 
559 418 420 160 423 419 138 164 424 422 417 1 20 111 32 513 413 559 
559 418 420 160 419 423 138 164 424 422 417 1 20 111 32 513 413 559 
559 418 420 138 160 423 419 164 424 422 417 1 20 111 32 513 413 559 
559 418 420 138 160 419 423 164 424 422 417 1 20 111 32 513 413 559 
559 418 420 138 160 419 423 164 424 422 417 1 111 20 32 513 413 559 
559 418 422 32 513 111 20 1 417 424 164 419 423 138 160 420 559 
559 418 422 32 513 1 20 111 417 424 164 419 423 138 160 420 559 
559 418 422 32 513 1 111 20 417 424 164 419 423 138 160 420 559 
559 418 422 32 513 20 111 1 417 424 164 419 423 160 420 559 
559 418 422 32 513 20 111 1 417 424 164 423 419 138 160 420 559 
559 418 422 32 513 1 111 20 417 424 164 423 419 138 160 420 413 559 
559 418 422 32 513 1 20 111 417 424 164 423 419 138 160 420 413 559 
559 418 422 32 513 111 20 1 417 424 164 423 419 138 160 420 413 559 
559 420 138 160 423 419 164 424 422 417 1 111 20 32 513 413 418 559 
559 420 160 419 423 138 164 424 422 417 1 111 20 32 513 413 418 559 
559 160 420 138 419 423 164 424 422 417 1 111 20 32 513 413 418 559 
559 420 138 160 419 423 164 424 422 417 1 111 20 32 513 413 418 559 
559 420 160 423 419 138 164 424 422 417 1 20 111 32 513 413 418 559 
559 420 138 160 423 419 164 424 422 417 1 20 111 32 513 413 418 559 
559 160 420 138 423 419 164 424 422 417 1 20 111 32 513 413 418 559 
559 160 420 138 419 423 164 424 422 417 1 20 111 32 513 413 418 559 
559 420 160 419 423 138 164 424 422 417 1 20 111 32 513 413 418 559 
559 420 138 160 419 423 164 424 422 417 1 20 111 32 513 413 418 559 
559 160 420 138 423 419 164 424 422 417 1 111 20 32 513 413 418 559 
559 420 160 423 419 138 164 424 422 417 1 111 20 32 513 413 418 559 
559 422 417 1 111 20 32 513 413 424 164 423 419 138 160 420 418 559 
559 413 422 32 513 20 111 1 417 424 164 423 419 138 160 420 418 559 
559 413 422 32 513 111 20 1 417 424 164 423 419 138 160 420 418 559 
559 413 422 32 513 111 20 1 417 424 164 419 423 138 160 420 418 559 
559 413 422 32 513 1 20 111 417 424 164 419 423 138 160 420 418 559 
559 422 417 1 20 111 32 513 413 424 164 419 423 138 160 420 418 559 
559 422 417 1 111 20 32 513 413 424 164 419 423 138 160 420 418 559 
559 413 422 32 513 20 111 1 417 424 164 419 423 160 420 418 559 
559 413 422 32 513 1 111 20 417 424 164 419 423 138 160 420 418 559 
559 413 422 32 513 1 111 20 417 424 164 423 419 138 160 420 418 559 
559 413 422 32 513 1 20 111 417 424 164 423 419 138 160 420 418 559 
559 413 339 329 32 513 111 20 1 417 422 424 164 138 160 420 418 559 
559 413 339 329 32 513 1 111 20 417 422 424 164 138 160 420 418 559 
559 413 339 329 32 513 1 20 111 417 422 424 164 138 160 420 418 559 
559 413 339 329 32 513 20 111 1 417 422 424 164 138 160 420 418 559 
559 418 413 339 329 32 513 20 111 1 417 422 424 164 138 160 420 559 
559 418 413 339 329 32 513 111 20 1 417 422 424 164 138 160 420 559 
559 418 413 339 329 32 513 1 111 20 417 422 424 164 138 160 420 559 
559 418 413 339 329 32 513 1 20 111 417 422 424 164 138 160 420 559 
559 413 155 444 442 46 419 423 424 164 138 160 420 418 559 
559 413 155 444 442 46 419 423 164 424 138 160 420 418 559 
559 418 413 155 444 442 46 419 423 164 424 138 160 420 559 
559 418 413 155 442 444 46 419 423 164 424 138 160 420 559 
559 418 420 424 164 138 160 423 419 46 442 444 155 559 
559 420 424 164 138 160 423 419 46 442 444 155 413 418 559 
559 413 155 442 444 46 419 423 164 424 138 160 420 418 559 
559 413 155 442 444 46 419 423 424 164 138 160 420 418 559 
559 418 413 155 442 444 46 419 423 424 164 138 160 420 559 
559 418 413 155 444 442 46 419 423 424 164 138 160 420 559 
559 413 155 442 444 46 419 423 138 160 420 164 424 418 559 
559 418 160 420 164 424 422 110 416 1 111 20 32 513 413 559 
559 160 420 164 424 422 110 416 1 20 111 32 513 413 418 559 
559 422 417 1 111 20 32 513 413 418 424 164 423 419 138 160 420 559 
559 422 417 1 20 111 32 513 413 418 424 164 423 419 138 160 420 559 
559 413 418 32 513 111 20 1 417 422 424 164 423 419 138 160 420 559 
559 413 418 32 513 111 20 1 417 422 424 164 419 423 160 420 559 
559 422 417 1 111 20 32 513 413 418 424 164 419 423 138 160 420 559 
559 413 418 32 513 20 111 1 417 422 424 164 419 138 160 420 559 
559 413 418 32 513 20 111 1 417 422 424 164 423 419 160 420 559 
559 413 418 422 32 513 1 111 20 417 424 164 423 419 138 160 420 559 
559 413 418 422 32 513 111 20 1 417 424 164 423 419 138 160 420 559 
559 413 418 422 32 513 1 20 111 417 424 164 423 419 138 160 420 559 
559 413 418 422 32 513 20 111 1 417 424 164 423 419 138 160 420 559 
559 413 418 422 32 513 20 111 1 417 424 164 419 138 160 420 559 
559 413 418 422 32 513 1 111 20 417 424 164 419 423 138 160 420 559 
559 413 422 32 513 111 20 1 417 424 164 423 419 138 160 420 418 559 
559 413 422 32 513 111 20 1 417 424 164 419 423 138 160 420 418 559 
559 422 417 1 20 111 32 513 413 424 164 419 423 138 160 420 418 559 
559 422 417 1 111 20 32 513 413 424 164 419 423 138 160 420 418 559 
559 413 422 32 513 20 111 1 417 424 164 419 423 160 420 418 559 
559 413 422 32 513 1 111 20 417 424 164 419 423 138 160 420 418 559 
559 413 422 32 513 1 20 111 417 424 164 419 423 138 160 420 418 559 
559 413 422 32 513 1 20 111 417 424 164 423 419 138 160 420 418 559 
559 422 417 1 111 20 32 513 413 424 164 423 419 138 160 420 418 559 
559 413 422 32 513 20 111 1 417 424 164 423 419 138 160 420 418 559 
559 413 422 32 513 1 111 20 417 424 164 423 419 138 160 420 418 559 
559 420 160 423 419 138 164 424 422 417 1 111 20 32 513 413 418 559 
559 420 138 160 419 423 164 424 422 417 1 111 20 32 513 413 418 559 
559 160 420 138 419 423 164 424 422 417 1 111 20 32 513 413 418 559 
559 420 138 160 423 419 164 424 422 417 1 111 20 32 513 413 418 559 
559 420 138 160 423 419 164 424 422 417 1 20 111 32 513 413 418 559 
559 420 138 160 419 423 164 424 422 417 1 20 111 32 513 413 418 559 
559 160 420 138 419 423 164 424 422 417 1 20 111 32 513 413 418 559 
559 420 160 423 419 138 164 424 422 417 1 20 111 32 513 413 418 559 
559 418 420 160 423 419 138 164 424 422 417 1 20 111 32 513 413 559 
559 418 160 420 138 419 423 164 424 422 417 1 20 111 32 513 413 559 
559 418 420 138 160 419 423 164 424 422 417 1 20 111 32 513 413 559 
559 418 420 138 160 419 423 164 424 422 417 1 111 20 32 513 413 559 
559 418 420 160 423 419 138 164 424 422 417 1 111 20 32 513 413 559 
559 418 420 160 419 423 138 164 424 422 417 1 111 20 32 513 413 559 
559 418 160 420 138 423 419 164 424 422 417 1 111 20 32 513 413 559 
559 418 160 420 138 419 423 164 424 422 417 1 111 20 32 513 413 559 
559 418 160 420 138 423 419 164 424 422 417 1 20 111 32 513 413 559 
559 418 420 160 419 423 138 164 424 422 417 1 20 111 32 513 413 559 
559 418 420 138 160 423 419 164 424 422 417 1 20 111 32 513 413 559 
559 418 420 138 160 423 419 164 424 422 417 1 111 20 32 513 413 559 
559 160 420 138 423 419 164 424 422 417 1 111 20 32 513 413 418 559 
559 420 160 419 423 138 164 424 422 417 1 111 20 32 513 413 418 559 
559 420 160 419 423 138 164 424 422 417 1 20 111 32 513 413 418 559 
559 160 420 138 423 419 164 424 422 417 1 20 111 32 513 413 418 559 
559 413 339 329 32 513 111 20 1 417 422 424 164 138 160 420 418 559 
559 413 339 329 32 513 1 111 20 417 422 424 164 138 160 420 418 559 
559 418 413 339 329 32 513 1 111 20 417 422 424 164 138 160 420 559 
559 418 413 339 329 32 513 1 20 111 417 422 424 164 138 160 420 559 
559 418 413 339 329 32 513 111 20 1 417 422 424 164 138 160 420 559 
559 418 413 339 329 32 513 20 111 1 417 422 424 164 138 160 420 559 
559 413 339 329 32 513 1 20 111 417 422 424 164 138 160 420 418 559 
559 418 413 155 444 442 46 419 423 424 164 138 160 420 559 
559 418 413 155 442 444 46 419 423 424 164 138 160 420 559 
559 418 420 424 164 138 160 423 419 46 442 444 155 559 
559 413 155 444 442 46 419 423 424 164 138 160 420 418 559 
559 413 155 444 442 46 419 423 164 424 138 160 420 418 559 
559 420 424 164 138 160 423 419 46 442 444 155 413 418 559 
559 413 155 442 444 46 419 423 164 424 138 160 420 418 559 
559 418 413 155 442 444 46 419 423 164 424 138 160 420 559 
559 413 155 442 444 46 419 423 138 160 420 164 424 418 559 
559 413 155 444 442 46 419 423 138 160 420 164 424 418 559 
559 413 155 442 444 46 419 423 424 164 138 160 420 418 559 
559 418 413 155 444 442 46 419 423 164 424 138 160 420 559 
559 418 160 420 164 424 422 110 416 1 20 111 32 513 413 559 
559 160 420 164 424 422 110 416 1 111 20 32 513 413 418 559 
559 413 418 422 110 416 111 20 1 417 424 164 419 138 160 420 559 
559 413 418 422 110 416 20 111 1 417 424 164 419 559 
559 418 422 110 416 20 111 1 417 424 164 419 138 160 420 559 
559 418 422 110 416 111 20 1 417 424 164 419 138 160 420 413 559 
559 418 420 160 423 419 138 164 424 422 417 1 111 20 32 513 413 559 
559 418 420 138 160 423 419 164 424 422 417 1 111 20 32 513 413 559 
559 418 420 138 160 419 423 164 424 422 417 1 111 20 32 513 413 559 
559 418 160 420 138 423 419 164 424 422 417 1 111 20 32 513 413 559 
559 418 160 420 138 419 423 164 424 422 417 1 111 20 32 513 413 559 
559 422 417 1 111 20 32 513 413 424 164 423 419 138 160 420 418 559 
559 422 417 1 111 20 32 513 413 418 424 164 423 419 138 160 420 559 
559 422 417 1 111 20 32 513 413 418 424 164 419 423 138 160 420 559 
559 413 418 422 32 513 20 111 1 417 424 164 419 138 160 420 559 
559 413 418 422 32 513 20 111 1 417 424 164 423 419 138 160 420 559 
559 413 418 422 32 513 1 20 111 417 424 164 423 419 138 160 420 559 
559 413 418 32 513 1 111 20 417 422 424 164 423 419 138 160 420 559 
559 413 418 422 32 513 1 111 20 417 424 164 423 419 138 160 420 559 
559 418 422 417 1 111 20 32 513 413 424 164 423 419 138 160 420 559 
559 418 422 417 1 111 20 32 513 413 420 424 164 419 423 138 160 559 
559 413 418 32 513 20 111 1 417 422 424 164 419 138 160 420 559 
559 413 418 32 513 20 111 1 417 422 424 164 423 419 160 420 559 
559 413 418 32 513 111 20 1 417 422 424 164 423 419 138 160 420 559 
559 413 418 32 513 111 20 1 417 422 424 164 419 423 160 420 559 
559 160 420 138 423 419 164 424 422 417 1 111 20 32 513 413 418 559 
559 420 160 419 423 138 164 424 422 417 1 111 20 32 513 413 418 559 
559 418 420 160 419 423 138 164 424 422 417 1 111 20 32 513 413 559 
559 418 420 160 419 423 138 164 424 422 417 1 20 111 32 513 413 559 
559 418 420 160 423 419 138 164 424 422 417 1 20 111 32 513 413 559 
559 418 160 420 138 423 419 164 424 422 417 1 20 111 32 513 413 559 
559 418 160 420 138 419 423 164 424 422 417 1 20 111 32 513 413 559 
559 418 420 138 160 419 423 164 424 422 417 1 20 111 32 513 413 559 
559 418 420 138 160 423 419 164 424 422 417 1 20 111 32 513 413 559 
559 420 160 423 419 138 164 424 422 417 1 111 20 32 513 413 418 559 
559 420 138 160 419 423 164 424 422 417 1 111 20 32 513 413 418 559 
559 420 138 160 423 419 164 424 422 417 1 111 20 32 513 413 418 559 
559 160 420 138 419 423 164 424 422 417 1 111 20 32 513 413 418 559 
559 422 417 1 20 111 32 513 413 424 164 423 419 138 160 420 418 559 
559 413 422 32 513 111 20 1 417 424 164 423 419 138 160 420 418 559 
559 413 422 32 513 111 20 1 417 424 164 419 423 138 160 420 418 559 
559 413 422 32 513 1 111 20 417 424 164 419 423 138 160 420 418 559 
559 413 418 422 32 513 1 111 20 417 424 164 419 423 138 160 420 559 
559 418 422 417 1 111 20 32 513 413 424 164 419 423 138 160 420 559 
559 418 422 417 1 111 20 32 513 413 420 424 164 423 419 138 160 559 
559 418 422 417 1 20 111 32 513 413 420 424 164 423 419 138 160 559 
559 418 422 417 1 20 111 32 513 413 424 164 419 423 138 160 420 559 
559 413 418 422 32 513 111 20 1 417 424 164 419 423 138 160 420 559 
559 413 418 422 32 513 111 20 1 417 424 164 423 419 138 160 420 559 
559 418 422 417 1 20 111 32 513 413 424 164 423 419 138 160 420 559 
559 418 422 417 1 20 111 32 513 413 420 424 164 419 423 138 160 559 
559 418 422 32 513 111 20 1 417 424 164 423 419 138 160 420 413 559 
559 418 422 32 513 111 20 1 417 424 164 419 423 138 160 420 559 
559 418 422 32 513 1 20 111 417 424 164 419 423 138 160 420 559 
559 413 418 422 32 513 1 20 111 417 424 164 419 423 138 160 420 559 
559 413 418 32 513 1 111 20 417 422 424 164 419 423 138 160 420 559 
559 422 417 1 20 111 32 513 413 418 424 164 419 423 138 160 420 559 
559 422 417 1 20 111 32 513 413 418 424 164 423 419 138 160 420 559 
559 413 339 329 32 513 20 111 1 417 422 424 164 138 160 420 418 559 
559 418 413 339 329 32 513 20 111 1 417 422 424 164 138 160 420 559 
559 418 413 339 329 32 513 111 20 1 417 422 424 164 138 160 420 559 
559 418 413 339 329 32 513 1 20 111 417 422 424 164 138 160 420 559 
559 418 413 339 329 32 513 1 111 20 417 422 424 164 138 160 420 559 
559 413 339 329 32 513 1 111 20 417 422 424 164 138 160 420 418 559 
559 413 339 329 32 513 1 20 111 417 422 424 164 138 160 420 418 559 
559 413 339 329 32 513 111 20 1 417 422 424 164 138 160 420 418 559 
559 413 155 444 442 46 419 423 424 164 138 160 420 418 559 
559 413 155 442 444 46 419 423 424 164 138 160 420 418 559 
559 418 413 155 444 442 46 419 423 424 164 138 160 420 559 
559 418 413 155 442 444 46 419 423 424 164 138 160 420 559 
559 418 413 155 442 444 46 419 423 164 424 138 160 420 559 
559 418 420 424 164 138 160 423 419 46 442 444 155 559 
559 420 424 164 138 160 423 419 46 442 444 155 413 418 559 
559 413 155 442 444 46 419 423 164 424 138 160 420 418 559 
559 413 155 442 444 46 419 423 138 160 420 164 424 418 559 
559 413 155 444 442 46 419 423 138 160 420 164 424 418 559 
559 418 160 420 164 424 422 110 416 111 20 1 32 513 413 559 
559 413 418 422 110 416 111 20 1 417 424 164 419 138 160 420 559 
559 413 418 422 110 416 20 111 1 417 424 164 419 559 
559 418 422 110 416 20 111 1 417 424 164 419 138 160 420 559 
559 418 422 110 416 111 20 1 417 424 164 419 138 160 420 413 559 
559 413 422 110 416 111 20 1 417 424 164 419 138 160 420 418 559 
559 413 422 110 416 20 111 1 417 424 164 419 138 160 420 418 559 
559 422 110 416 20 111 1 417 424 164 419 138 160 420 418 559 
559 422 110 416 111 20 1 417 424 164 419 138 160 420 418 413 559 
559 418 164 424 422 417 1 111 20 32 513 413 421 419 138 160 420 559 
559 418 164 424 422 417 1 20 111 32 513 413 421 419 138 160 420 559 
559 413 339 329 32 513 20 111 1 417 422 424 164 138 160 420 418 559 
559 418 413 339 329 32 513 20 111 1 417 422 424 164 138 160 420 559 
559 418 413 339 329 32 513 1 20 111 417 422 424 164 138 160 420 559 
559 418 413 339 329 32 513 111 20 1 417 422 424 164 138 160 420 559 
559 413 339 329 32 513 111 20 1 417 422 424 164 138 160 420 418 559 
559 413 339 329 32 513 1 20 111 417 422 424 164 138 160 420 418 559 
559 413 339 329 32 513 1 111 20 417 422 424 164 138 160 420 418 559 
559 418 413 339 329 32 513 1 111 20 417 422 424 164 138 160 420 559 
