461
935.0 850.0 
957.0 797.0 
957.0 797.0 
971.0 789.0 
934.0 677.0 
910.0 710.0 
910.0 710.0 
910.0 710.0 
974.0 770.0 
1006.0 742.0 
1006.0 742.0 
1006.0 742.0 
1006.0 742.0 
1006.0 742.0 
1006.0 742.0 
1006.0 742.0 
1006.0 742.0 
1126.0 731.0 
1138.0 723.0 
1138.0 723.0 
1150.0 678.0 
1163.0 677.0 
1163.0 677.0 
1163.0 677.0 
1163.0 677.0 
1163.0 677.0 
1163.0 677.0 
1163.0 677.0 
1167.0 656.0 
886.0 444.0 
1167.0 656.0 
1167.0 656.0 
1167.0 656.0 
1167.0 656.0 
1167.0 656.0 
1080.0 739.0 
935.0 850.0 
989.0 841.0 
1000.0 801.0 
1006.0 742.0 
1006.0 742.0 
1006.0 742.0 
1006.0 742.0 
1006.0 742.0 
1006.0 742.0 
1006.0 742.0 
1026.0 727.0 
1138.0 723.0 
1138.0 723.0 
1217.0 716.0 
1204.0 717.0 
935.0 850.0 
910.0 710.0 
910.0 710.0 
974.0 770.0 
934.0 677.0 
910.0 710.0 
974.0 770.0 
1006.0 742.0 
1006.0 742.0 
1006.0 742.0 
1006.0 742.0 
1006.0 742.0 
1006.0 742.0 
1006.0 742.0 
1006.0 742.0 
1026.0 727.0 
1026.0 727.0 
1138.0 723.0 
1217.0 716.0 
1204.0 717.0 
935.0 850.0 
957.0 797.0 
967.0 777.0 
910.0 710.0 
974.0 770.0 
910.0 710.0 
934.0 677.0 
910.0 710.0 
974.0 770.0 
1138.0 723.0 
1163.0 688.0 
886.0 444.0 
1167.0 656.0 
1167.0 656.0 
1167.0 656.0 
1167.0 656.0 
1167.0 656.0 
1167.0 656.0 
1020.0 744.0 
1080.0 739.0 
935.0 850.0 
1000.0 801.0 
978.0 737.0 
1006.0 742.0 
1006.0 742.0 
1006.0 742.0 
1006.0 742.0 
1006.0 742.0 
1006.0 742.0 
1006.0 742.0 
1026.0 727.0 
1026.0 727.0 
1138.0 723.0 
1138.0 723.0 
818.0 643.0 
1204.0 717.0 
1217.0 716.0 
947.0 850.0 
989.0 841.0 
989.0 841.0 
1006.0 742.0 
1006.0 742.0 
1006.0 742.0 
1006.0 742.0 
1006.0 742.0 
1006.0 742.0 
1006.0 742.0 
1138.0 723.0 
1217.0 716.0 
1217.0 716.0 
1204.0 717.0 
1126.0 731.0 
989.0 841.0 
1006.0 742.0 
1006.0 742.0 
1006.0 742.0 
1006.0 742.0 
1006.0 742.0 
1006.0 742.0 
1026.0 727.0 
1138.0 723.0 
1204.0 717.0 
1217.0 716.0 
935.0 850.0 
818.0 643.0 
1026.0 727.0 
1138.0 723.0 
1217.0 716.0 
818.0 643.0 
1020.0 744.0 
1204.0 717.0 
935.0 850.0 
957.0 797.0 
971.0 789.0 
910.0 710.0 
910.0 710.0 
974.0 770.0 
974.0 770.0 
910.0 710.0 
1006.0 742.0 
1006.0 742.0 
1006.0 742.0 
1006.0 742.0 
1006.0 742.0 
1006.0 742.0 
1126.0 731.0 
1138.0 723.0 
1138.0 723.0 
1217.0 716.0 
1080.0 739.0 
909.0 833.0 
819.0 752.0 
838.0 729.0 
910.0 710.0 
910.0 710.0 
974.0 770.0 
934.0 677.0 
910.0 710.0 
974.0 770.0 
1020.0 744.0 
1026.0 727.0 
1138.0 723.0 
1138.0 723.0 
1204.0 717.0 
1217.0 716.0 
963.0 872.0 
963.0 872.0 
963.0 872.0 
963.0 872.0 
989.0 841.0 
989.0 841.0 
1026.0 803.0 
1026.0 803.0 
1138.0 723.0 
1138.0 723.0 
1138.0 723.0 
1138.0 723.0 
1138.0 723.0 
1138.0 723.0 
1138.0 723.0 
1138.0 723.0 
1138.0 723.0 
1138.0 723.0 
1204.0 717.0 
1204.0 717.0 
1204.0 717.0 
1204.0 717.0 
1204.0 717.0 
1204.0 717.0 
1204.0 717.0 
1217.0 716.0 
1217.0 716.0 
1217.0 716.0 
1217.0 716.0 
1217.0 716.0 
963.0 872.0 
963.0 872.0 
963.0 872.0 
963.0 872.0 
989.0 841.0 
989.0 841.0 
989.0 841.0 
1026.0 803.0 
1026.0 803.0 
1126.0 731.0 
1138.0 723.0 
1138.0 723.0 
1138.0 723.0 
1138.0 723.0 
1138.0 723.0 
1138.0 723.0 
1138.0 723.0 
1138.0 723.0 
1138.0 723.0 
1138.0 723.0 
1138.0 723.0 
1204.0 717.0 
1204.0 717.0 
1204.0 717.0 
1204.0 717.0 
1204.0 717.0 
1204.0 717.0 
1217.0 716.0 
1217.0 716.0 
1217.0 716.0 
1217.0 716.0 
1217.0 716.0 
963.0 872.0 
963.0 872.0 
989.0 841.0 
989.0 841.0 
1026.0 803.0 
1026.0 803.0 
1138.0 723.0 
1138.0 723.0 
1138.0 723.0 
1138.0 723.0 
1138.0 723.0 
1138.0 723.0 
1204.0 717.0 
1204.0 717.0 
1204.0 717.0 
1204.0 717.0 
1217.0 716.0 
1217.0 716.0 
1217.0 716.0 
963.0 872.0 
963.0 872.0 
963.0 872.0 
963.0 872.0 
989.0 841.0 
989.0 841.0 
989.0 841.0 
989.0 841.0 
1026.0 803.0 
1026.0 803.0 
1138.0 723.0 
1138.0 723.0 
1138.0 723.0 
1138.0 723.0 
1138.0 723.0 
1138.0 723.0 
1138.0 723.0 
1138.0 723.0 
1138.0 723.0 
1204.0 717.0 
1204.0 717.0 
1204.0 717.0 
1204.0 717.0 
1204.0 717.0 
1204.0 717.0 
1217.0 716.0 
1217.0 716.0 
1217.0 716.0 
963.0 872.0 
963.0 872.0 
963.0 872.0 
963.0 872.0 
989.0 841.0 
989.0 841.0 
1026.0 803.0 
1026.0 803.0 
1138.0 723.0 
1217.0 716.0 
1204.0 717.0 
963.0 872.0 
989.0 841.0 
989.0 841.0 
989.0 841.0 
989.0 841.0 
1026.0 803.0 
1026.0 803.0 
1126.0 731.0 
1138.0 723.0 
1138.0 723.0 
1138.0 723.0 
1138.0 723.0 
1138.0 723.0 
1138.0 723.0 
1138.0 723.0 
1138.0 723.0 
1138.0 723.0 
1204.0 717.0 
1204.0 717.0 
1204.0 717.0 
1204.0 717.0 
1204.0 717.0 
1204.0 717.0 
1217.0 716.0 
1217.0 716.0 
1217.0 716.0 
1217.0 716.0 
963.0 872.0 
963.0 872.0 
989.0 841.0 
989.0 841.0 
1026.0 803.0 
1026.0 803.0 
1126.0 731.0 
1138.0 723.0 
1138.0 723.0 
1138.0 723.0 
1138.0 723.0 
1138.0 723.0 
1138.0 723.0 
1138.0 723.0 
1138.0 723.0 
1138.0 723.0 
1138.0 723.0 
1138.0 723.0 
1138.0 723.0 
1204.0 717.0 
1204.0 717.0 
1204.0 717.0 
1204.0 717.0 
1204.0 717.0 
1204.0 717.0 
1204.0 717.0 
1204.0 717.0 
1217.0 716.0 
1217.0 716.0 
1217.0 716.0 
1217.0 716.0 
1217.0 716.0 
1217.0 716.0 
1217.0 716.0 
963.0 872.0 
963.0 872.0 
963.0 872.0 
963.0 872.0 
989.0 841.0 
989.0 841.0 
1026.0 803.0 
1026.0 803.0 
1080.0 739.0 
1126.0 731.0 
1138.0 723.0 
1138.0 723.0 
1138.0 723.0 
1138.0 723.0 
1138.0 723.0 
1138.0 723.0 
1138.0 723.0 
1138.0 723.0 
1138.0 723.0 
1138.0 723.0 
1138.0 723.0 
1138.0 723.0 
1204.0 717.0 
1204.0 717.0 
1204.0 717.0 
1204.0 717.0 
1204.0 717.0 
1204.0 717.0 
1204.0 717.0 
1204.0 717.0 
1217.0 716.0 
1217.0 716.0 
1217.0 716.0 
1217.0 716.0 
1217.0 716.0 
963.0 872.0 
989.0 841.0 
989.0 841.0 
1026.0 803.0 
1026.0 803.0 
1080.0 739.0 
1126.0 731.0 
1138.0 723.0 
1138.0 723.0 
1138.0 723.0 
1138.0 723.0 
1138.0 723.0 
1138.0 723.0 
1138.0 723.0 
1138.0 723.0 
1138.0 723.0 
1138.0 723.0 
1138.0 723.0 
1138.0 723.0 
1138.0 723.0 
1204.0 717.0 
1204.0 717.0 
1204.0 717.0 
1204.0 717.0 
1204.0 717.0 
1204.0 717.0 
1204.0 717.0 
1217.0 716.0 
1217.0 716.0 
1217.0 716.0 
1217.0 716.0 
1217.0 716.0 
1217.0 716.0 
963.0 872.0 
963.0 872.0 
963.0 872.0 
963.0 872.0 
989.0 841.0 
989.0 841.0 
989.0 841.0 
1026.0 803.0 
1026.0 803.0 
1138.0 723.0 
1138.0 723.0 
1138.0 723.0 
1138.0 723.0 
1138.0 723.0 
1138.0 723.0 
1138.0 723.0 
1138.0 723.0 
1138.0 723.0 
1138.0 723.0 
1138.0 723.0 
1138.0 723.0 
1204.0 717.0 
1204.0 717.0 
1204.0 717.0 
1204.0 717.0 
1204.0 717.0 
1204.0 717.0 
1204.0 717.0 
1204.0 717.0 
1217.0 716.0 
1217.0 716.0 
1217.0 716.0 
1217.0 716.0 
1217.0 716.0 
1217.0 716.0 
1217.0 716.0 

559 418 413 339 34 55 124 83 253 332 32 513 424 164 138 160 420 559 
559 418 413 339 34 124 55 83 335 332 253 32 513 424 164 138 160 559 
559 418 413 339 34 55 124 83 335 332 253 32 513 424 164 138 160 559 
559 418 413 339 34 55 124 335 253 332 32 513 424 164 138 160 420 559 
559 418 413 488 334 155 412 444 442 46 421 419 424 138 160 420 559 
559 418 160 420 424 164 138 419 421 46 442 444 155 334 488 413 559 
559 418 160 420 424 164 138 419 421 46 442 444 155 488 334 413 559 
559 418 420 424 164 138 160 419 421 46 442 444 155 488 334 413 559 
559 418 413 334 488 155 412 442 444 46 421 419 424 164 138 160 420 559 
559 418 420 160 423 419 138 164 424 422 110 416 111 20 1 417 32 513 413 559 
559 418 420 160 423 419 138 164 424 422 110 416 20 111 1 417 32 513 413 559 
559 418 160 420 138 423 419 164 424 422 110 416 111 20 1 417 32 513 413 559 
559 418 160 420 138 423 419 164 424 422 110 416 20 111 1 417 32 513 413 559 
559 413 418 32 513 417 1 111 20 416 110 422 424 164 423 419 138 160 420 559 
559 413 418 32 513 417 1 20 111 416 110 422 424 164 423 419 138 160 420 559 
559 413 418 422 32 513 1 20 111 416 110 417 424 164 419 423 138 160 420 559 
559 418 420 138 160 423 419 164 424 422 110 416 111 20 1 417 32 513 413 559 
559 418 413 155 412 339 329 32 513 1 20 111 417 422 424 164 138 160 420 559 
559 418 413 155 334 488 339 329 32 513 111 20 1 422 424 164 138 160 420 559 
559 418 413 155 488 334 339 329 32 513 1 20 111 422 424 164 138 160 420 559 
559 418 424 164 138 160 420 413 155 334 488 339 329 32 513 20 111 417 559 
559 420 418 413 155 488 334 339 32 513 1 20 111 417 424 164 138 160 559 
559 418 424 164 138 160 420 413 155 488 334 339 32 513 1 20 111 417 559 
559 418 420 424 164 138 160 413 155 488 334 339 32 513 1 20 111 417 559 
559 418 424 164 138 160 420 413 155 488 334 339 32 513 20 111 1 417 559 
559 418 420 424 164 138 160 413 155 488 334 339 32 513 111 20 1 417 559 
559 418 420 424 164 138 160 413 155 488 334 339 32 513 20 111 1 417 559 
559 418 424 164 138 160 420 413 155 488 334 339 32 513 111 20 1 417 559 
559 418 421 413 488 334 339 329 32 513 111 20 1 417 422 424 164 138 160 420 559 
559 418 421 413 488 334 339 329 32 513 20 111 1 417 422 424 559 
559 418 421 413 488 334 339 329 32 513 1 20 111 417 422 424 164 138 160 420 559 
559 418 421 413 334 488 339 329 32 513 111 20 1 417 422 424 164 138 160 420 559 
559 418 421 413 488 334 339 329 32 513 1 111 20 417 422 424 164 138 160 420 559 
559 418 421 413 334 488 339 329 32 513 1 20 111 417 422 424 164 138 160 420 559 
559 418 421 413 334 488 339 329 32 513 20 111 1 417 422 424 164 138 160 420 559 
559 418 413 155 339 329 32 513 1 20 111 417 422 424 164 419 138 160 420 559 
559 418 413 339 34 55 124 83 253 332 32 513 424 164 138 160 420 559 
559 418 413 339 34 55 124 83 335 332 32 513 424 164 138 160 420 559 
559 413 488 334 34 124 55 83 335 332 32 513 424 164 138 160 418 559 
559 418 420 160 423 419 138 164 424 422 110 416 111 20 1 417 32 513 413 559 
559 418 420 160 423 419 138 164 424 422 110 416 20 111 1 417 32 513 413 559 
559 418 160 420 138 423 419 164 424 422 110 416 20 111 1 417 32 513 413 559 
559 413 418 32 513 417 1 20 111 416 110 422 424 164 423 419 138 160 420 559 
559 418 160 420 138 423 419 164 424 422 110 416 111 20 1 417 32 513 413 559 
559 418 420 138 160 423 419 164 424 422 110 416 111 20 1 417 32 513 413 559 
559 413 418 32 513 417 1 111 20 416 110 422 424 164 419 423 138 160 420 559 
559 418 413 155 412 334 488 339 329 32 513 422 424 164 138 160 420 559 
559 418 413 155 488 334 339 329 32 513 1 20 111 422 424 164 138 160 420 559 
559 418 413 155 488 334 339 329 32 513 111 20 1 422 424 164 138 160 420 559 
559 418 413 155 488 334 339 32 513 111 20 1 417 422 424 164 138 160 420 559 
559 418 413 155 334 488 339 329 32 513 111 20 417 422 424 164 138 160 420 559 
559 418 413 339 34 55 124 83 253 332 32 513 424 164 138 160 420 559 
559 418 160 420 424 164 138 419 421 46 442 444 155 334 488 413 559 
559 418 420 424 164 138 160 419 421 46 442 444 155 488 334 413 559 
559 418 413 334 488 155 412 444 442 46 421 419 424 164 138 160 420 559 
559 418 413 488 334 155 412 444 442 46 421 419 424 138 160 420 559 
559 418 160 420 424 164 138 419 421 46 442 444 155 488 334 413 559 
559 418 413 334 488 155 412 442 444 46 421 419 424 164 138 160 420 559 
559 418 420 160 423 419 138 164 424 422 110 416 111 20 1 417 32 513 413 559 
559 418 420 138 160 423 419 164 424 422 110 416 111 20 1 417 32 513 413 559 
559 418 420 160 423 419 138 164 424 422 110 416 20 111 1 417 32 513 413 559 
559 418 160 420 138 423 419 164 424 422 110 416 111 20 1 417 32 513 413 559 
559 418 160 420 138 423 419 164 424 422 110 416 20 111 1 417 32 513 413 559 
559 413 418 32 513 417 1 111 20 416 110 422 424 164 423 419 138 160 420 559 
559 418 420 138 160 423 419 164 424 422 110 416 20 111 1 417 32 513 413 559 
559 418 160 420 138 419 423 164 424 422 110 416 20 111 1 417 32 513 413 559 
559 418 413 155 412 334 488 339 329 32 513 422 424 164 138 160 420 559 
559 413 155 412 334 488 339 329 32 513 422 424 164 138 160 420 418 559 
559 418 413 155 488 334 339 329 32 513 1 20 111 422 424 164 138 160 420 559 
559 418 413 155 334 488 339 32 513 111 20 1 417 422 424 164 138 160 420 559 
559 413 155 334 488 339 329 32 513 111 20 417 422 424 164 138 160 420 418 559 
559 418 413 339 34 55 124 83 253 332 32 513 424 164 138 160 420 559 
559 418 413 339 34 55 124 83 335 332 253 32 513 424 164 138 160 559 
559 420 418 413 339 34 124 55 83 335 32 513 424 164 138 160 559 
559 418 420 424 164 138 160 419 421 46 442 444 155 488 334 413 559 
559 418 413 488 334 155 412 442 444 46 421 419 424 164 138 160 420 559 
559 418 160 420 424 164 138 419 421 46 442 444 155 334 488 413 559 
559 418 413 488 334 155 412 444 442 46 421 419 424 138 160 420 559 
559 418 160 420 424 164 138 419 421 46 442 444 155 488 334 413 559 
559 418 413 334 488 155 412 444 442 46 421 419 424 164 138 160 420 559 
559 418 413 155 488 334 339 329 32 513 1 20 111 422 424 164 138 160 420 559 
559 418 413 155 488 334 339 329 32 513 1 20 111 417 424 164 138 160 420 559 
559 418 421 413 488 334 339 329 32 513 20 111 1 417 422 424 559 
559 418 421 413 488 334 339 329 32 513 1 20 111 417 422 424 164 138 160 420 559 
559 418 421 413 334 488 339 329 32 513 111 20 1 417 422 424 164 138 160 420 559 
559 418 421 413 488 334 339 329 32 513 111 20 1 417 422 424 164 138 160 420 559 
559 418 421 413 488 334 339 329 32 513 1 111 20 417 422 424 164 138 160 420 559 
559 418 421 413 334 488 339 329 32 513 20 111 1 417 422 424 164 138 160 420 559 
559 418 421 413 334 488 339 329 32 513 1 20 111 417 422 424 164 138 160 420 559 
559 418 164 424 422 110 416 20 111 1 417 32 513 413 421 419 138 160 420 559 
559 418 413 155 339 329 32 513 1 111 20 417 422 424 164 419 138 160 420 559 
559 418 413 339 34 55 124 83 253 332 32 513 424 164 138 160 420 559 
559 413 488 334 34 124 55 83 335 332 32 513 424 164 138 160 418 559 
559 413 488 334 34 55 124 83 335 32 513 424 164 138 160 418 559 
559 418 420 160 423 419 138 164 424 422 110 416 111 20 1 417 32 513 413 559 
559 418 420 160 423 419 138 164 424 422 110 416 20 111 1 417 32 513 413 559 
559 418 420 138 160 423 419 164 424 422 110 416 111 20 1 417 32 513 413 559 
559 418 160 420 138 423 419 164 424 422 110 416 111 20 1 417 32 513 413 559 
559 413 418 32 513 417 1 20 111 416 110 422 424 164 423 419 138 160 420 559 
559 418 160 420 138 423 419 164 424 422 110 416 20 111 1 417 32 513 413 559 
559 413 418 32 513 417 1 111 20 416 110 422 424 164 423 419 138 160 420 559 
559 418 413 155 412 334 488 339 329 32 513 422 424 164 138 160 420 559 
559 413 155 412 334 488 339 329 32 513 422 424 164 138 160 420 418 559 
559 418 413 155 488 334 339 329 32 513 1 20 111 422 424 164 138 160 420 559 
559 418 413 155 334 488 339 329 32 513 1 20 111 422 424 164 138 160 420 559 
559 418 413 488 334 34 55 83 32 513 424 164 138 160 559 
559 418 413 155 334 488 339 329 32 513 20 111 417 422 424 164 138 160 420 559 
559 413 155 334 488 339 32 513 111 20 1 417 422 424 164 138 160 420 418 559 
559 418 413 34 55 124 83 335 332 32 513 422 424 164 138 160 420 559 
559 418 413 339 34 124 55 83 335 332 32 513 424 164 138 160 420 559 
559 418 413 339 34 55 124 83 335 332 32 513 424 164 138 160 420 559 
559 418 420 160 423 419 138 164 424 422 110 416 111 20 1 417 32 513 413 559 
559 418 420 160 423 419 138 164 424 422 110 416 20 111 1 417 32 513 413 559 
559 418 420 138 160 423 419 164 424 422 110 416 111 20 1 417 32 513 413 559 
559 418 160 420 138 423 419 164 424 422 110 416 20 111 1 417 32 513 413 559 
559 413 418 32 513 417 1 111 20 416 110 422 424 164 419 423 138 160 420 559 
559 418 160 420 138 423 419 164 424 422 110 416 111 20 1 417 32 513 413 559 
559 413 418 32 513 417 1 20 111 416 110 422 424 164 423 419 138 160 420 559 
559 418 413 155 488 334 339 329 32 513 1 20 111 422 424 164 138 160 420 559 
559 418 413 155 488 334 339 32 513 111 20 1 417 422 424 164 138 160 420 559 
559 418 413 155 334 488 339 32 513 111 20 1 417 422 424 164 138 160 420 559 
559 418 413 155 334 488 339 329 32 513 111 20 417 422 424 164 138 160 420 559 
559 418 413 155 412 339 329 32 513 111 20 1 417 422 424 164 138 160 420 559 
559 418 413 339 34 55 124 83 335 332 32 513 424 164 138 160 420 559 
559 418 420 160 423 419 138 164 424 422 110 416 111 20 1 417 32 513 413 559 
559 418 160 420 138 423 419 164 424 422 110 416 20 111 1 417 32 513 413 559 
559 418 160 420 138 423 419 164 424 422 110 416 111 20 1 417 32 513 413 559 
559 418 420 160 423 419 138 164 424 422 110 416 20 111 1 417 32 513 413 559 
559 418 420 138 160 423 419 164 424 422 110 416 111 20 1 417 32 513 413 559 
559 413 418 422 32 513 1 111 20 416 110 417 424 164 419 423 138 160 420 559 
559 418 413 155 412 334 488 339 329 32 513 422 424 164 138 160 420 559 
559 418 413 155 488 334 339 329 32 513 1 20 111 422 424 164 138 160 420 559 
559 418 413 155 488 334 339 329 32 513 111 20 417 422 424 164 138 160 420 559 
559 418 413 155 334 488 339 32 513 111 20 1 417 422 424 164 138 160 420 559 
559 418 413 339 34 55 124 83 253 332 32 513 424 164 138 160 420 559 
559 418 413 488 334 34 55 83 32 513 424 164 138 160 559 
559 418 413 155 412 334 488 339 329 32 513 422 424 164 138 160 420 559 
559 418 413 155 488 334 339 329 32 513 1 20 111 422 424 164 138 160 420 559 
559 418 413 155 334 488 339 32 513 111 20 1 417 422 424 164 138 160 420 559 
559 418 413 488 334 34 55 83 32 513 424 164 138 160 559 
559 418 422 110 416 111 20 1 417 32 513 413 421 419 420 424 164 138 160 559 
559 418 413 155 334 488 339 329 32 513 111 20 417 422 424 164 138 160 420 559 
559 418 413 339 34 55 124 83 253 332 32 513 424 164 138 160 420 559 
559 413 339 34 55 124 83 335 332 253 32 513 424 164 138 160 418 559 
559 418 413 339 34 55 124 335 332 253 32 513 424 164 138 160 420 559 
559 418 420 424 164 138 160 419 421 46 442 444 155 488 334 413 559 
559 418 160 420 424 164 138 419 421 46 442 444 155 334 488 413 559 
559 418 413 334 488 155 412 444 442 46 421 419 424 164 138 160 420 559 
559 418 413 334 488 155 412 444 442 46 421 419 164 424 138 160 420 559 
559 418 160 420 424 164 138 419 421 46 442 444 155 488 334 413 559 
559 418 420 160 423 419 138 164 424 422 110 416 111 20 1 417 32 513 413 559 
559 418 420 138 160 423 419 164 424 422 110 416 111 20 1 417 32 513 413 559 
559 418 420 160 423 419 138 164 424 422 110 416 20 111 1 417 32 513 413 559 
559 418 160 420 138 423 419 164 424 422 110 416 111 20 1 417 32 513 413 559 
559 413 418 32 513 417 1 20 111 416 110 422 424 164 419 423 138 160 420 559 
559 413 418 32 513 417 1 111 20 416 110 422 424 164 423 419 138 160 420 559 
559 418 413 155 412 339 329 32 513 111 20 1 417 422 424 164 138 160 420 559 
559 418 413 155 488 334 339 329 32 513 1 20 111 422 424 164 138 160 420 559 
559 418 413 155 488 334 339 329 32 513 1 111 20 422 424 164 138 160 420 559 
559 418 413 155 488 334 339 32 513 111 20 1 417 422 424 164 138 160 420 559 
559 418 413 155 339 329 32 513 20 111 1 417 422 424 164 419 138 160 420 559 
559 418 160 420 138 164 424 513 32 253 332 335 83 55 124 34 413 559 
559 418 160 420 138 164 424 513 32 253 332 335 83 55 34 413 559 
559 418 160 420 138 164 424 513 32 253 332 335 83 55 34 339 559 
559 418 160 420 424 164 138 419 421 46 442 444 155 334 488 413 559 
559 418 160 420 424 164 138 419 421 46 442 444 155 488 334 413 559 
559 418 413 334 488 155 412 442 444 46 421 419 164 424 138 160 420 559 
559 418 413 488 334 155 412 444 442 46 421 419 424 138 160 420 559 
559 418 420 424 164 138 160 419 421 46 442 444 155 488 334 413 559 
559 418 413 334 488 155 412 444 442 46 421 419 424 164 138 160 420 559 
559 418 421 419 160 420 138 164 424 422 110 416 111 20 1 417 32 513 413 559 
559 418 413 155 412 334 488 339 329 32 513 422 424 164 138 160 420 559 
559 418 413 155 488 334 339 329 32 513 111 20 1 422 424 164 138 160 420 559 
559 418 413 155 488 334 339 329 32 513 1 20 111 422 424 164 138 160 420 559 
559 418 413 155 488 334 339 329 32 513 20 111 417 422 424 164 138 160 420 559 
559 418 413 155 334 488 339 32 513 111 20 1 417 422 424 164 138 160 420 559 
559 413 34 55 124 83 335 253 332 32 513 422 424 164 138 160 420 418 559 
559 413 34 124 55 83 335 253 332 32 513 422 424 164 138 160 420 418 559 
559 413 34 55 124 83 335 332 253 32 513 422 424 164 138 160 420 418 559 
559 413 34 124 55 83 335 332 253 32 513 422 424 164 138 160 420 418 559 
559 413 339 34 55 124 83 335 332 32 513 424 164 138 160 420 418 559 
559 413 339 34 124 55 83 335 332 32 513 424 164 138 160 420 418 559 
559 413 488 334 34 55 124 83 335 32 513 424 164 138 160 420 418 559 
559 413 488 334 34 124 55 83 335 32 513 424 164 138 160 420 418 559 
559 418 413 155 334 488 339 329 32 513 1 20 111 422 424 164 138 160 420 559 
559 418 413 155 334 488 339 329 32 513 20 111 1 422 424 164 138 160 420 559 
559 418 413 155 488 334 339 329 32 513 1 20 111 422 424 164 138 160 420 559 
559 418 413 155 488 334 339 329 32 513 111 20 1 422 424 164 138 160 420 559 
559 418 413 155 488 334 339 329 32 513 20 111 1 422 424 164 138 160 420 559 
559 413 155 488 334 339 329 32 513 20 111 1 422 424 164 138 160 420 418 559 
559 413 155 488 334 339 329 32 513 111 20 1 422 424 164 138 160 420 418 559 
559 413 155 334 488 339 329 32 513 111 20 1 422 424 164 138 160 420 418 559 
559 413 155 488 334 339 329 32 513 1 111 20 422 424 164 138 160 420 418 559 
559 413 155 488 334 339 329 32 513 1 20 111 422 424 164 138 160 420 418 559 
559 418 413 155 334 488 339 329 32 513 111 20 417 422 424 164 138 160 420 559 
559 418 413 155 334 488 339 329 32 513 20 111 417 422 424 164 138 160 420 559 
559 418 413 155 488 334 339 329 32 513 20 111 417 422 424 164 138 160 420 559 
559 418 413 155 488 334 339 329 32 513 111 20 417 422 424 164 138 160 420 559 
559 413 155 488 334 339 329 32 513 20 111 417 422 424 164 138 160 420 418 559 
559 413 155 334 488 339 329 32 513 111 20 417 422 424 164 138 160 420 418 559 
559 413 155 488 334 339 329 32 513 111 20 417 422 424 164 138 160 420 418 559 
559 418 413 155 334 488 339 32 513 111 20 1 417 422 424 164 138 160 420 559 
559 418 413 155 334 488 339 32 513 20 111 1 417 422 424 164 138 160 420 559 
559 418 413 155 488 334 339 32 513 111 20 1 417 422 424 164 138 160 420 559 
559 413 155 488 334 339 32 513 111 20 1 417 422 424 164 138 160 420 418 559 
559 413 155 334 488 339 32 513 111 20 1 417 422 424 164 138 160 420 418 559 
559 413 34 55 124 83 335 332 253 32 513 422 424 164 138 160 420 418 559 
559 413 34 55 124 83 335 253 332 32 513 422 424 164 138 160 420 418 559 
559 413 34 124 55 83 335 332 253 32 513 422 424 164 138 160 420 418 559 
559 413 34 124 55 83 335 253 332 32 513 422 424 164 138 160 420 418 559 
559 413 339 34 55 124 83 335 332 32 513 424 164 138 160 420 418 559 
559 413 339 34 124 55 83 335 332 32 513 424 164 138 160 420 418 559 
559 418 413 339 34 124 55 83 335 332 32 513 424 164 138 160 420 559 
559 413 488 334 34 124 55 83 335 32 513 424 164 138 160 420 418 559 
559 413 488 334 34 55 124 83 335 32 513 424 164 138 160 420 418 559 
559 413 155 412 339 329 32 513 20 111 1 417 422 424 164 138 160 420 418 559 
559 418 413 155 334 488 339 329 32 513 111 20 1 422 424 164 138 160 420 559 
559 418 413 155 488 334 339 329 32 513 20 111 1 422 424 164 138 160 420 559 
559 418 413 155 488 334 339 329 32 513 1 20 111 422 424 164 138 160 420 559 
559 418 413 155 488 334 339 329 32 513 111 20 1 422 424 164 138 160 420 559 
559 413 155 334 488 339 329 32 513 111 20 1 422 424 164 138 160 420 418 559 
559 413 155 334 488 339 329 32 513 1 20 111 422 424 164 138 160 420 418 559 
559 413 155 334 488 339 329 32 513 20 111 1 422 424 164 138 160 420 418 559 
559 413 155 334 488 339 329 32 513 1 111 20 422 424 164 138 160 420 418 559 
559 413 155 488 334 339 329 32 513 111 20 1 422 424 164 138 160 420 418 559 
559 413 155 488 334 339 329 32 513 1 111 20 422 424 164 138 160 420 418 559 
559 418 413 155 488 334 339 329 32 513 1 111 20 422 424 164 138 160 420 559 
559 418 413 155 334 488 339 329 32 513 111 20 417 422 424 164 138 160 420 559 
559 418 413 155 488 334 339 329 32 513 111 20 417 422 424 164 138 160 420 559 
559 418 413 155 488 334 339 329 32 513 20 111 417 422 424 164 138 160 420 559 
559 413 155 334 488 339 329 32 513 20 111 417 422 424 164 138 160 420 418 559 
559 413 155 334 488 339 329 32 513 111 20 417 422 424 164 138 160 420 418 559 
559 413 155 488 334 339 329 32 513 111 20 417 422 424 164 138 160 420 418 559 
559 418 413 155 334 488 339 32 513 111 20 1 417 422 424 164 138 160 420 559 
559 418 413 155 488 334 339 32 513 111 20 1 417 422 424 164 138 160 420 559 
559 413 155 334 488 339 32 513 111 20 1 417 422 424 164 138 160 420 418 559 
559 413 155 334 488 339 32 513 20 111 1 417 422 424 164 138 160 420 418 559 
559 413 155 488 334 339 32 513 111 20 1 417 422 424 164 138 160 420 418 559 
559 413 34 55 124 83 335 253 332 32 513 422 424 164 138 160 420 418 559 
559 413 34 55 124 83 335 332 253 32 513 422 424 164 138 160 420 418 559 
559 413 339 34 55 124 83 335 332 32 513 424 164 138 160 420 418 559 
559 413 339 34 124 55 83 335 332 32 513 424 164 138 160 420 418 559 
559 413 488 334 34 124 55 83 335 32 513 424 164 138 160 420 418 559 
559 413 488 334 34 55 124 83 335 32 513 424 164 138 160 420 418 559 
559 418 413 155 488 334 339 329 32 513 20 111 1 422 424 164 138 160 420 559 
559 418 413 155 488 334 339 329 32 513 1 20 111 422 424 164 138 160 420 559 
559 418 413 155 334 488 339 329 32 513 111 20 1 422 424 164 138 160 420 559 
559 418 413 155 488 334 339 329 32 513 111 20 1 422 424 164 138 160 420 559 
559 413 155 488 334 339 329 32 513 111 20 1 422 424 164 138 160 420 418 559 
559 413 155 488 334 339 329 32 513 1 20 111 422 424 164 138 160 420 418 559 
559 418 413 155 488 334 339 329 32 513 20 111 417 422 424 164 138 160 420 559 
559 418 413 155 488 334 339 329 32 513 111 20 417 422 424 164 138 160 420 559 
559 418 413 155 334 488 339 329 32 513 111 20 417 422 424 164 138 160 420 559 
559 413 155 488 334 339 329 32 513 111 20 417 422 424 164 138 160 420 418 559 
559 418 413 155 488 334 339 32 513 111 20 1 417 422 424 164 138 160 420 559 
559 418 413 155 334 488 339 32 513 111 20 1 417 422 424 164 138 160 420 559 
559 413 155 488 334 339 32 513 111 20 1 417 422 424 164 138 160 420 418 559 
559 413 34 55 124 83 335 253 332 32 513 422 424 164 138 160 420 418 559 
559 413 34 55 124 83 335 332 253 32 513 422 424 164 138 160 420 418 559 
559 413 34 124 55 83 335 332 253 32 513 422 424 164 138 160 420 418 559 
559 413 34 124 55 83 335 253 332 32 513 422 424 164 138 160 420 418 559 
559 418 413 339 34 124 55 83 335 332 32 513 424 164 138 160 420 559 
559 418 413 339 34 55 124 83 335 332 32 513 424 164 138 160 420 559 
559 413 339 34 124 55 83 335 332 32 513 424 164 138 160 420 418 559 
559 413 339 34 55 124 83 335 332 32 513 424 164 138 160 420 418 559 
559 413 488 334 34 55 124 83 335 32 513 424 164 138 160 420 418 559 
559 413 488 334 34 124 55 83 335 32 513 424 164 138 160 420 418 559 
559 418 413 155 488 334 339 329 32 513 111 20 1 422 424 164 138 160 420 559 
559 418 413 155 488 334 339 329 32 513 20 111 1 422 424 164 138 160 420 559 
559 418 413 155 488 334 339 329 32 513 1 20 111 422 424 164 138 160 420 559 
559 413 155 488 334 339 329 32 513 1 20 111 422 424 164 138 160 420 418 559 
559 413 155 488 334 339 329 32 513 111 20 1 422 424 164 138 160 420 418 559 
559 413 155 334 488 339 329 32 513 1 111 20 422 424 164 138 160 420 418 559 
559 413 155 334 488 339 329 32 513 1 20 111 422 424 164 138 160 420 418 559 
559 413 155 334 488 339 329 32 513 20 111 1 422 424 164 138 160 420 418 559 
559 413 155 488 334 339 329 32 513 20 111 1 422 424 164 138 160 420 418 559 
559 418 413 155 488 334 339 329 32 513 111 20 417 422 424 164 138 160 420 559 
559 418 413 155 488 334 339 329 32 513 20 111 417 422 424 164 138 160 420 559 
559 413 155 488 334 339 329 32 513 111 20 417 422 424 164 138 160 420 418 559 
559 413 155 334 488 339 329 32 513 111 20 417 422 424 164 138 160 420 418 559 
559 413 155 334 488 339 329 32 513 20 111 417 422 424 164 138 160 420 418 559 
559 413 155 488 334 339 329 32 513 20 111 417 422 424 164 138 160 420 418 559 
559 418 413 155 488 334 339 32 513 111 20 1 417 422 424 164 138 160 420 559 
559 413 155 488 334 339 32 513 111 20 1 417 422 424 164 138 160 420 418 559 
559 413 155 334 488 339 32 513 111 20 1 417 422 424 164 138 160 420 418 559 
559 413 34 55 124 83 335 332 253 32 513 422 424 164 138 160 420 418 559 
559 413 34 55 124 83 335 253 332 32 513 422 424 164 138 160 420 418 559 
559 413 34 124 55 83 335 253 332 32 513 422 424 164 138 160 420 418 559 
559 413 34 124 55 83 335 332 253 32 513 422 424 164 138 160 420 418 559 
559 413 339 34 55 124 83 335 332 32 513 424 164 138 160 420 418 559 
559 413 339 34 124 55 83 335 332 32 513 424 164 138 160 420 418 559 
559 413 488 334 34 124 55 83 335 32 513 424 164 138 160 420 418 559 
559 413 488 334 34 55 124 83 335 32 513 424 164 138 160 420 418 559 
559 413 155 488 334 339 329 32 513 1 20 111 422 424 164 138 160 420 418 559 
559 413 155 334 488 339 32 513 111 20 1 417 422 424 164 138 160 420 418 559 
559 413 155 334 488 339 329 32 513 20 111 417 422 424 164 138 160 420 418 559 
559 413 34 55 124 83 335 253 332 32 513 422 424 164 138 160 420 418 559 
559 418 413 339 34 55 124 83 335 332 32 513 424 164 138 160 420 559 
559 418 413 339 34 124 55 83 335 332 32 513 424 164 138 160 420 559 
559 413 339 34 124 55 83 335 332 32 513 424 164 138 160 420 418 559 
559 413 339 34 55 124 83 335 332 32 513 424 164 138 160 420 418 559 
559 413 488 334 34 55 124 83 335 32 513 424 164 138 160 420 418 559 
559 413 488 334 34 124 55 83 335 32 513 424 164 138 160 420 418 559 
559 413 155 412 339 329 32 513 111 20 1 417 422 424 164 138 160 420 418 559 
559 413 155 334 488 339 329 32 513 111 20 1 422 424 164 138 160 420 418 559 
559 413 155 488 334 339 329 32 513 1 20 111 422 424 164 138 160 420 418 559 
559 413 155 488 334 339 329 32 513 111 20 1 422 424 164 138 160 420 418 559 
559 418 413 155 488 334 339 329 32 513 111 20 1 422 424 164 138 160 420 559 
559 418 413 155 488 334 339 329 32 513 20 111 1 422 424 164 138 160 420 559 
559 418 413 155 488 334 339 329 32 513 1 20 111 422 424 164 138 160 420 559 
559 418 413 155 334 488 339 329 32 513 1 20 111 422 424 164 138 160 420 559 
559 418 413 155 334 488 339 329 32 513 20 111 1 422 424 164 138 160 420 559 
559 418 413 155 334 488 339 329 32 513 111 20 1 422 424 164 138 160 420 559 
559 413 155 334 488 339 329 32 513 111 20 417 422 424 164 138 160 420 418 559 
559 413 155 488 334 339 329 32 513 111 20 417 422 424 164 138 160 420 418 559 
559 418 413 155 488 334 339 329 32 513 111 20 417 422 424 164 138 160 420 559 
559 418 413 155 488 334 339 329 32 513 20 111 417 422 424 164 138 160 420 559 
559 418 413 155 334 488 339 329 32 513 20 111 417 422 424 164 138 160 420 559 
559 418 413 155 334 488 339 329 32 513 111 20 417 422 424 164 138 160 420 559 
559 413 155 334 488 339 32 513 111 20 1 417 422 424 164 138 160 420 418 559 
559 413 155 488 334 339 32 513 111 20 1 417 422 424 164 138 160 420 418 559 
559 418 413 155 488 334 339 32 513 111 20 1 417 422 424 164 138 160 420 559 
559 418 413 155 334 488 339 32 513 111 20 1 417 422 424 164 138 160 420 559 
559 413 34 55 124 83 335 253 332 32 513 422 424 164 138 160 420 418 559 
559 413 34 55 124 83 335 332 253 32 513 422 424 164 138 160 420 418 559 
559 413 339 34 55 124 83 335 332 32 513 424 164 138 160 420 418 559 
559 413 339 34 124 55 83 335 332 32 513 424 164 138 160 420 418 559 
559 413 488 334 34 124 55 83 335 32 513 424 164 138 160 420 418 559 
559 413 488 334 34 55 124 83 335 32 513 424 164 138 160 420 418 559 
559 413 155 412 339 329 32 513 1 20 111 417 422 424 164 138 160 420 418 559 
559 413 155 334 488 339 329 32 513 111 20 1 422 424 164 138 160 420 418 559 
559 418 413 155 334 488 339 329 32 513 111 20 1 422 424 164 138 160 420 559 
559 418 413 155 334 488 339 329 32 513 20 111 1 422 424 164 138 160 420 559 
559 418 413 155 334 488 339 329 32 513 1 20 111 422 424 164 138 160 420 559 
559 418 413 155 488 334 339 329 32 513 111 20 1 422 424 164 138 160 420 559 
559 418 413 155 488 334 339 329 32 513 20 111 1 422 424 164 138 160 420 559 
559 418 413 155 488 334 339 329 32 513 1 20 111 422 424 164 138 160 420 559 
559 413 155 488 334 339 329 32 513 1 20 111 422 424 164 138 160 420 418 559 
559 413 155 488 334 339 329 32 513 111 20 1 422 424 164 138 160 420 418 559 
559 413 155 488 334 339 329 32 513 20 111 1 422 424 164 138 160 420 418 559 
559 413 155 334 488 339 329 32 513 20 111 1 422 424 164 138 160 420 418 559 
559 413 155 334 488 339 329 32 513 1 20 111 422 424 164 138 160 420 418 559 
559 413 155 334 488 339 329 32 513 111 20 417 422 424 164 138 160 420 418 559 
559 418 413 155 334 488 339 329 32 513 111 20 417 422 424 164 138 160 420 559 
559 418 413 155 334 488 339 329 32 513 20 111 417 422 424 164 138 160 420 559 
559 418 413 155 488 334 339 329 32 513 111 20 417 422 424 164 138 160 420 559 
559 418 413 155 488 334 339 329 32 513 20 111 417 422 424 164 138 160 420 559 
559 413 155 488 334 339 329 32 513 111 20 417 422 424 164 138 160 420 418 559 
559 413 155 488 334 339 329 32 513 20 111 417 422 424 164 138 160 420 418 559 
559 413 155 334 488 339 329 32 513 20 111 417 422 424 164 138 160 420 418 559 
559 413 155 334 488 339 32 513 111 20 1 417 422 424 164 138 160 420 418 559 
559 418 413 155 334 488 339 32 513 20 111 1 417 422 424 164 138 160 420 559 
559 418 413 155 334 488 339 32 513 111 20 1 417 422 424 164 138 160 420 559 
559 418 413 155 488 334 339 32 513 111 20 1 417 422 424 164 138 160 420 559 
559 413 155 488 334 339 32 513 111 20 1 417 422 424 164 138 160 420 418 559 
559 413 155 488 334 339 32 513 20 111 1 417 422 424 164 138 160 420 418 559 
559 418 413 155 488 334 339 32 513 20 111 1 417 422 424 164 138 160 420 559 
559 413 34 55 124 83 335 332 253 32 513 422 424 164 138 160 420 418 559 
559 413 34 55 124 83 335 253 332 32 513 422 424 164 138 160 420 418 559 
559 413 34 124 55 83 335 253 332 32 513 422 424 164 138 160 420 418 559 
559 413 34 124 55 83 335 332 253 32 513 422 424 164 138 160 420 418 559 
559 413 339 34 55 124 83 335 332 32 513 424 164 138 160 420 418 559 
559 413 339 34 124 55 83 335 332 32 513 424 164 138 160 420 418 559 
559 413 488 334 34 124 55 83 335 32 513 424 164 138 160 420 418 559 
559 413 488 334 34 55 124 83 335 32 513 424 164 138 160 420 418 559 
559 413 155 339 329 32 513 1 20 111 417 422 424 164 419 138 160 420 418 559 
559 413 155 412 339 329 32 513 1 20 111 417 422 424 164 138 160 420 418 559 
559 418 413 155 488 334 339 329 32 513 1 20 111 422 424 164 138 160 420 559 
559 418 413 155 488 334 339 329 32 513 111 20 1 422 424 164 138 160 420 559 
559 413 155 488 334 339 329 32 513 111 20 1 422 424 164 138 160 420 418 559 
559 413 155 334 488 339 329 32 513 111 20 1 422 424 164 138 160 420 418 559 
559 413 155 334 488 339 329 32 513 20 111 1 422 424 164 138 160 420 418 559 
559 418 413 155 334 488 339 329 32 513 1 20 111 422 424 164 138 160 420 559 
559 418 413 155 334 488 339 329 32 513 111 20 1 422 424 164 138 160 420 559 
559 418 413 155 334 488 339 329 32 513 20 111 1 422 424 164 138 160 420 559 
559 418 413 155 488 334 339 329 32 513 20 111 1 422 424 164 138 160 420 559 
559 413 155 488 334 339 329 32 513 1 20 111 422 424 164 138 160 420 418 559 
559 413 155 488 334 339 329 32 513 20 111 1 422 424 164 138 160 420 418 559 
559 413 155 334 488 339 329 32 513 1 20 111 422 424 164 138 160 420 418 559 
559 418 413 155 488 334 339 329 32 513 111 20 417 422 424 164 138 160 420 559 
559 413 155 488 334 339 329 32 513 111 20 417 422 424 164 138 160 420 418 559 
559 413 155 334 488 339 329 32 513 111 20 417 422 424 164 138 160 420 418 559 
559 413 155 334 488 339 329 32 513 20 111 417 422 424 164 138 160 420 418 559 
559 418 413 155 334 488 339 329 32 513 111 20 417 422 424 164 138 160 420 559 
559 418 413 155 334 488 339 329 32 513 20 111 417 422 424 164 138 160 420 559 
559 418 413 155 488 334 339 329 32 513 20 111 417 422 424 164 138 160 420 559 
559 413 155 488 334 339 329 32 513 20 111 417 422 424 164 138 160 420 418 559 
559 418 413 155 334 488 339 32 513 111 20 1 417 422 424 164 138 160 420 559 
559 418 413 155 488 334 339 32 513 111 20 1 417 422 424 164 138 160 420 559 
559 413 155 488 334 339 32 513 111 20 1 417 422 424 164 138 160 420 418 559 
559 413 155 488 334 339 32 513 20 111 1 417 422 424 164 138 160 420 418 559 
559 413 155 334 488 339 32 513 111 20 1 417 422 424 164 138 160 420 418 559 
559 413 34 55 124 83 335 253 332 32 513 422 424 164 138 160 420 418 559 
559 413 339 34 55 124 83 335 332 32 513 424 164 138 160 420 418 559 
559 413 339 34 124 55 83 335 332 32 513 424 164 138 160 420 418 559 
559 413 488 334 34 124 55 83 335 32 513 424 164 138 160 420 418 559 
559 413 488 334 34 55 124 83 335 32 513 424 164 138 160 420 418 559 
559 413 155 339 329 32 513 1 20 111 417 422 424 164 419 138 160 420 418 559 
559 413 155 412 339 329 32 513 111 20 1 417 422 424 164 138 160 420 418 559 
559 413 155 488 334 339 329 32 513 111 20 1 422 424 164 138 160 420 418 559 
559 418 413 155 488 334 339 329 32 513 1 111 20 422 424 164 138 160 420 559 
559 418 413 155 488 334 339 329 32 513 20 111 1 422 424 164 138 160 420 559 
559 418 413 155 488 334 339 329 32 513 111 20 1 422 424 164 138 160 420 559 
559 413 155 488 334 339 329 32 513 1 20 111 422 424 164 138 160 420 418 559 
559 418 413 155 488 334 339 329 32 513 1 20 111 422 424 164 138 160 420 559 
559 418 413 155 334 488 339 329 32 513 1 20 111 422 424 164 138 160 420 559 
559 418 413 155 334 488 339 329 32 513 1 111 20 422 424 164 138 160 420 559 
559 418 413 155 334 488 339 329 32 513 111 20 1 422 424 164 138 160 420 559 
559 413 155 334 488 339 329 32 513 111 20 1 422 424 164 138 160 420 418 559 
559 413 155 334 488 339 329 32 513 1 20 111 422 424 164 138 160 420 418 559 
559 413 155 334 488 339 329 32 513 20 111 1 422 424 164 138 160 420 418 559 
559 418 413 155 334 488 339 329 32 513 20 111 1 422 424 164 138 160 420 559 
559 413 155 488 334 339 329 32 513 111 20 417 422 424 164 138 160 420 418 559 
559 418 413 155 488 334 339 329 32 513 20 111 417 422 424 164 138 160 420 559 
559 418 413 155 488 334 339 329 32 513 111 20 417 422 424 164 138 160 420 559 
559 418 413 155 334 488 339 329 32 513 111 20 417 422 424 164 138 160 420 559 
559 413 155 334 488 339 329 32 513 111 20 417 422 424 164 138 160 420 418 559 
559 413 155 334 488 339 329 32 513 20 111 417 422 424 164 138 160 420 418 559 
559 418 413 155 334 488 339 329 32 513 20 111 417 422 424 164 138 160 420 559 
559 413 155 488 334 339 32 513 111 20 1 417 422 424 164 138 160 420 418 559 
559 418 413 155 488 334 339 32 513 111 20 1 417 422 424 164 138 160 420 559 
559 418 413 155 334 488 339 32 513 111 20 1 417 422 424 164 138 160 420 559 
559 413 155 334 488 339 32 513 20 111 1 417 422 424 164 138 160 420 418 559 
559 413 155 334 488 339 32 513 111 20 1 417 422 424 164 138 160 420 418 559 
559 418 413 155 334 488 339 32 513 20 111 1 417 422 424 164 138 160 420 559 
559 413 34 55 124 83 335 253 332 32 513 422 424 164 138 160 420 418 559 
559 413 34 55 124 83 335 332 253 32 513 422 424 164 138 160 420 418 559 
559 413 34 124 55 83 335 332 253 32 513 422 424 164 138 160 420 418 559 
559 413 34 124 55 83 335 253 332 32 513 422 424 164 138 160 420 418 559 
559 418 413 339 34 55 124 83 335 332 32 513 424 164 138 160 420 559 
559 413 339 34 124 55 83 335 332 32 513 424 164 138 160 420 418 559 
559 413 339 34 55 124 83 335 332 32 513 424 164 138 160 420 418 559 
559 413 488 334 34 124 55 83 335 32 513 424 164 138 160 420 418 559 
559 413 488 334 34 55 124 83 335 32 513 424 164 138 160 420 418 559 
559 418 413 155 488 334 339 329 32 513 111 20 1 422 424 164 138 160 420 559 
559 418 413 155 488 334 339 329 32 513 20 111 1 422 424 164 138 160 420 559 
559 413 155 488 334 339 329 32 513 111 20 1 422 424 164 138 160 420 418 559 
559 418 413 155 488 334 339 329 32 513 1 111 20 422 424 164 138 160 420 559 
559 418 413 155 488 334 339 329 32 513 1 20 111 422 424 164 138 160 420 559 
559 413 155 488 334 339 329 32 513 1 20 111 422 424 164 138 160 420 418 559 
559 413 155 488 334 339 329 32 513 20 111 1 422 424 164 138 160 420 418 559 
559 413 155 334 488 339 329 32 513 20 111 1 422 424 164 138 160 420 418 559 
559 413 155 334 488 339 329 32 513 1 20 111 422 424 164 138 160 420 418 559 
559 418 413 155 334 488 339 329 32 513 1 20 111 422 424 164 138 160 420 559 
559 418 413 155 334 488 339 329 32 513 111 20 1 422 424 164 138 160 420 559 
559 418 413 155 334 488 339 329 32 513 20 111 1 422 424 164 138 160 420 559 
559 418 413 155 488 334 339 329 32 513 20 111 417 422 424 164 138 160 420 559 
559 418 413 155 488 334 339 329 32 513 111 20 417 422 424 164 138 160 420 559 
559 413 155 488 334 339 329 32 513 111 20 417 422 424 164 138 160 420 418 559 
559 413 155 488 334 339 329 32 513 20 111 417 422 424 164 138 160 420 418 559 
559 413 155 334 488 339 329 32 513 111 20 417 422 424 164 138 160 420 418 559 
559 413 155 334 488 339 329 32 513 20 111 417 422 424 164 138 160 420 418 559 
559 418 413 155 334 488 339 329 32 513 20 111 417 422 424 164 138 160 420 559 
559 418 413 155 334 488 339 329 32 513 111 20 417 422 424 164 138 160 420 559 
559 418 413 155 488 334 339 32 513 111 20 1 417 422 424 164 138 160 420 559 
559 418 413 155 488 334 339 32 513 20 111 1 417 422 424 164 138 160 420 559 
559 413 155 488 334 339 32 513 111 20 1 417 422 424 164 138 160 420 418 559 
559 413 155 334 488 339 32 513 111 20 1 417 422 424 164 138 160 420 418 559 
559 413 155 334 488 339 32 513 20 111 1 417 422 424 164 138 160 420 418 559 
559 418 413 155 334 488 339 32 513 20 111 1 417 422 424 164 138 160 420 559 
559 418 413 155 334 488 339 32 513 111 20 1 417 422 424 164 138 160 420 559 
