1400
412.0 278.0 
412.0 278.0 
588.0 512.0 
255.0 119.0 
255.0 119.0 
255.0 119.0 
750.0 459.0 
587.0 286.0 
750.0 459.0 
696.0 420.0 
721.0 386.0 
750.0 459.0 
616.0 359.0 
750.0 459.0 
514.0 202.0 
587.0 286.0 
696.0 420.0 
696.0 420.0 
533.0 247.0 
750.0 459.0 
533.0 247.0 
615.0 412.0 
587.0 286.0 
750.0 459.0 
696.0 420.0 
587.0 286.0 
696.0 420.0 
616.0 359.0 
750.0 459.0 
696.0 420.0 
616.0 359.0 
669.0 451.0 
514.0 202.0 
696.0 420.0 
562.0 268.0 
616.0 359.0 
721.0 386.0 
587.0 286.0 
517.0 313.0 
872.0 460.0 
872.0 460.0 
872.0 460.0 
872.0 460.0 
412.0 278.0 
412.0 278.0 
463.0 400.0 
588.0 512.0 
255.0 119.0 
255.0 119.0 
255.0 119.0 
750.0 459.0 
696.0 420.0 
750.0 459.0 
587.0 286.0 
750.0 459.0 
587.0 286.0 
721.0 386.0 
696.0 420.0 
696.0 420.0 
533.0 247.0 
750.0 459.0 
587.0 286.0 
514.0 202.0 
669.0 451.0 
750.0 459.0 
616.0 359.0 
587.0 286.0 
517.0 313.0 
750.0 459.0 
615.0 412.0 
533.0 247.0 
669.0 451.0 
616.0 359.0 
696.0 420.0 
533.0 247.0 
514.0 202.0 
696.0 420.0 
587.0 286.0 
616.0 359.0 
872.0 460.0 
872.0 460.0 
872.0 460.0 
872.0 460.0 
872.0 460.0 
412.0 278.0 
463.0 400.0 
412.0 278.0 
588.0 512.0 
255.0 119.0 
255.0 119.0 
255.0 119.0 
587.0 286.0 
750.0 459.0 
750.0 459.0 
696.0 420.0 
669.0 451.0 
696.0 420.0 
696.0 420.0 
750.0 459.0 
750.0 459.0 
721.0 386.0 
721.0 386.0 
669.0 451.0 
587.0 286.0 
517.0 313.0 
616.0 359.0 
616.0 359.0 
587.0 286.0 
750.0 459.0 
587.0 286.0 
514.0 202.0 
616.0 359.0 
517.0 313.0 
750.0 459.0 
533.0 247.0 
533.0 247.0 
872.0 460.0 
872.0 460.0 
872.0 460.0 
872.0 460.0 
872.0 460.0 
412.0 278.0 
463.0 400.0 
588.0 512.0 
255.0 119.0 
255.0 119.0 
255.0 119.0 
587.0 286.0 
669.0 451.0 
750.0 459.0 
750.0 459.0 
750.0 459.0 
750.0 459.0 
696.0 420.0 
587.0 286.0 
696.0 420.0 
616.0 359.0 
721.0 386.0 
616.0 359.0 
750.0 459.0 
587.0 286.0 
587.0 286.0 
587.0 286.0 
514.0 202.0 
533.0 247.0 
750.0 459.0 
669.0 451.0 
721.0 386.0 
721.0 386.0 
696.0 420.0 
533.0 247.0 
517.0 313.0 
517.0 313.0 
533.0 247.0 
696.0 420.0 
872.0 460.0 
872.0 460.0 
872.0 460.0 
872.0 460.0 
872.0 460.0 
463.0 400.0 
412.0 278.0 
255.0 119.0 
255.0 119.0 
255.0 119.0 
587.0 286.0 
750.0 459.0 
750.0 459.0 
750.0 459.0 
750.0 459.0 
721.0 386.0 
616.0 359.0 
587.0 286.0 
514.0 202.0 
696.0 420.0 
587.0 286.0 
721.0 386.0 
696.0 420.0 
616.0 359.0 
587.0 286.0 
696.0 420.0 
750.0 459.0 
750.0 459.0 
669.0 451.0 
533.0 247.0 
533.0 247.0 
616.0 359.0 
533.0 247.0 
587.0 286.0 
696.0 420.0 
517.0 313.0 
872.0 460.0 
872.0 460.0 
872.0 460.0 
872.0 460.0 
412.0 278.0 
412.0 278.0 
588.0 512.0 
255.0 119.0 
255.0 119.0 
255.0 119.0 
750.0 459.0 
750.0 459.0 
750.0 459.0 
696.0 420.0 
616.0 359.0 
587.0 286.0 
750.0 459.0 
721.0 386.0 
750.0 459.0 
587.0 286.0 
696.0 420.0 
750.0 459.0 
587.0 286.0 
587.0 286.0 
616.0 359.0 
669.0 451.0 
696.0 420.0 
696.0 420.0 
514.0 202.0 
533.0 247.0 
587.0 286.0 
721.0 386.0 
669.0 451.0 
587.0 286.0 
750.0 459.0 
616.0 359.0 
721.0 386.0 
517.0 313.0 
872.0 460.0 
872.0 460.0 
872.0 460.0 
872.0 460.0 
872.0 460.0 
412.0 278.0 
463.0 400.0 
255.0 119.0 
255.0 119.0 
255.0 119.0 
587.0 286.0 
750.0 459.0 
750.0 459.0 
587.0 286.0 
750.0 459.0 
696.0 420.0 
750.0 459.0 
517.0 313.0 
696.0 420.0 
721.0 386.0 
696.0 420.0 
721.0 386.0 
696.0 420.0 
750.0 459.0 
514.0 202.0 
533.0 247.0 
587.0 286.0 
616.0 359.0 
669.0 451.0 
616.0 359.0 
587.0 286.0 
533.0 247.0 
616.0 359.0 
587.0 286.0 
517.0 313.0 
514.0 202.0 
872.0 460.0 
872.0 460.0 
872.0 460.0 
872.0 460.0 
872.0 460.0 
412.0 278.0 
255.0 119.0 
255.0 119.0 
255.0 119.0 
587.0 286.0 
750.0 459.0 
750.0 459.0 
750.0 459.0 
721.0 386.0 
750.0 459.0 
669.0 451.0 
696.0 420.0 
721.0 386.0 
587.0 286.0 
750.0 459.0 
587.0 286.0 
517.0 313.0 
696.0 420.0 
696.0 420.0 
616.0 359.0 
616.0 359.0 
669.0 451.0 
533.0 247.0 
587.0 286.0 
587.0 286.0 
514.0 202.0 
533.0 247.0 
616.0 359.0 
533.0 247.0 
669.0 451.0 
750.0 459.0 
721.0 386.0 
872.0 460.0 
872.0 460.0 
872.0 460.0 
412.0 278.0 
463.0 400.0 
255.0 119.0 
255.0 119.0 
255.0 119.0 
750.0 459.0 
750.0 459.0 
721.0 386.0 
750.0 459.0 
750.0 459.0 
696.0 420.0 
616.0 359.0 
587.0 286.0 
750.0 459.0 
696.0 420.0 
669.0 451.0 
587.0 286.0 
533.0 247.0 
587.0 286.0 
517.0 313.0 
696.0 420.0 
616.0 359.0 
587.0 286.0 
514.0 202.0 
696.0 420.0 
750.0 459.0 
514.0 202.0 
721.0 386.0 
616.0 359.0 
669.0 451.0 
587.0 286.0 
533.0 247.0 
440.0 174.0 
587.0 286.0 
872.0 460.0 
872.0 460.0 
872.0 460.0 
872.0 460.0 
872.0 460.0 
412.0 278.0 
255.0 119.0 
255.0 119.0 
255.0 119.0 
616.0 359.0 
533.0 247.0 
750.0 459.0 
750.0 459.0 
696.0 420.0 
440.0 174.0 
750.0 459.0 
669.0 451.0 
750.0 459.0 
587.0 286.0 
750.0 459.0 
587.0 286.0 
696.0 420.0 
514.0 202.0 
721.0 386.0 
669.0 451.0 
696.0 420.0 
696.0 420.0 
517.0 313.0 
669.0 451.0 
587.0 286.0 
517.0 313.0 
616.0 359.0 
696.0 420.0 
750.0 459.0 
514.0 202.0 
533.0 247.0 
750.0 459.0 
587.0 286.0 
533.0 247.0 
872.0 460.0 
872.0 460.0 
872.0 460.0 
872.0 460.0 
412.0 278.0 
412.0 278.0 
463.0 400.0 
463.0 400.0 
588.0 512.0 
588.0 512.0 
255.0 119.0 
255.0 119.0 
255.0 119.0 
255.0 119.0 
587.0 286.0 
440.0 174.0 
514.0 202.0 
721.0 386.0 
587.0 286.0 
616.0 359.0 
533.0 247.0 
533.0 247.0 
587.0 286.0 
721.0 386.0 
562.0 268.0 
587.0 286.0 
587.0 286.0 
616.0 359.0 
616.0 359.0 
696.0 420.0 
696.0 420.0 
696.0 420.0 
696.0 420.0 
696.0 420.0 
514.0 202.0 
587.0 286.0 
615.0 412.0 
667.0 347.0 
562.0 320.0 
562.0 320.0 
562.0 320.0 
533.0 247.0 
533.0 247.0 
517.0 313.0 
562.0 320.0 
562.0 320.0 
750.0 459.0 
696.0 420.0 
696.0 420.0 
750.0 459.0 
669.0 451.0 
669.0 451.0 
669.0 451.0 
750.0 459.0 
587.0 286.0 
750.0 459.0 
667.0 347.0 
669.0 451.0 
750.0 459.0 
587.0 286.0 
615.0 412.0 
440.0 174.0 
721.0 386.0 
587.0 286.0 
587.0 286.0 
587.0 286.0 
750.0 459.0 
517.0 313.0 
562.0 320.0 
533.0 247.0 
587.0 286.0 
750.0 459.0 
616.0 359.0 
750.0 459.0 
721.0 386.0 
615.0 412.0 
562.0 268.0 
514.0 202.0 
514.0 202.0 
615.0 412.0 
562.0 320.0 
533.0 247.0 
696.0 420.0 
517.0 313.0 
517.0 313.0 
514.0 202.0 
661.0 314.0 
440.0 174.0 
514.0 202.0 
669.0 451.0 
669.0 451.0 
750.0 459.0 
750.0 459.0 
750.0 459.0 
750.0 459.0 
872.0 460.0 
872.0 460.0 
872.0 460.0 
872.0 460.0 
872.0 460.0 
872.0 460.0 
872.0 460.0 
872.0 460.0 
872.0 460.0 
872.0 460.0 
872.0 460.0 
872.0 460.0 
872.0 460.0 
412.0 278.0 
412.0 278.0 
463.0 400.0 
463.0 400.0 
588.0 512.0 
588.0 512.0 
255.0 119.0 
255.0 119.0 
255.0 119.0 
255.0 119.0 
517.0 313.0 
587.0 286.0 
533.0 247.0 
616.0 359.0 
533.0 247.0 
669.0 451.0 
669.0 451.0 
440.0 174.0 
514.0 202.0 
721.0 386.0 
721.0 386.0 
615.0 412.0 
669.0 451.0 
616.0 359.0 
616.0 359.0 
587.0 286.0 
587.0 286.0 
696.0 420.0 
696.0 420.0 
696.0 420.0 
696.0 420.0 
587.0 286.0 
615.0 412.0 
615.0 412.0 
669.0 451.0 
750.0 459.0 
750.0 459.0 
721.0 386.0 
587.0 286.0 
587.0 286.0 
562.0 268.0 
514.0 202.0 
533.0 247.0 
721.0 386.0 
587.0 286.0 
514.0 202.0 
514.0 202.0 
562.0 268.0 
616.0 359.0 
587.0 286.0 
667.0 347.0 
750.0 459.0 
750.0 459.0 
562.0 320.0 
517.0 313.0 
517.0 313.0 
562.0 320.0 
562.0 320.0 
533.0 247.0 
517.0 313.0 
517.0 313.0 
514.0 202.0 
514.0 202.0 
661.0 314.0 
440.0 174.0 
440.0 174.0 
587.0 286.0 
696.0 420.0 
696.0 420.0 
696.0 420.0 
696.0 420.0 
667.0 347.0 
750.0 459.0 
750.0 459.0 
587.0 286.0 
587.0 286.0 
562.0 320.0 
517.0 313.0 
587.0 286.0 
533.0 247.0 
669.0 451.0 
669.0 451.0 
669.0 451.0 
750.0 459.0 
750.0 459.0 
750.0 459.0 
750.0 459.0 
562.0 320.0 
562.0 320.0 
533.0 247.0 
750.0 459.0 
750.0 459.0 
562.0 320.0 
562.0 320.0 
669.0 451.0 
615.0 412.0 
872.0 460.0 
872.0 460.0 
872.0 460.0 
872.0 460.0 
872.0 460.0 
872.0 460.0 
872.0 460.0 
872.0 460.0 
872.0 460.0 
872.0 460.0 
872.0 460.0 
412.0 278.0 
412.0 278.0 
463.0 400.0 
463.0 400.0 
588.0 512.0 
588.0 512.0 
255.0 119.0 
255.0 119.0 
255.0 119.0 
255.0 119.0 
533.0 247.0 
533.0 247.0 
669.0 451.0 
721.0 386.0 
587.0 286.0 
616.0 359.0 
616.0 359.0 
750.0 459.0 
616.0 359.0 
533.0 247.0 
587.0 286.0 
587.0 286.0 
587.0 286.0 
615.0 412.0 
667.0 347.0 
562.0 320.0 
562.0 320.0 
514.0 202.0 
562.0 268.0 
440.0 174.0 
667.0 347.0 
669.0 451.0 
750.0 459.0 
750.0 459.0 
533.0 247.0 
696.0 420.0 
696.0 420.0 
696.0 420.0 
587.0 286.0 
517.0 313.0 
615.0 412.0 
615.0 412.0 
587.0 286.0 
587.0 286.0 
587.0 286.0 
750.0 459.0 
750.0 459.0 
750.0 459.0 
669.0 451.0 
669.0 451.0 
721.0 386.0 
587.0 286.0 
514.0 202.0 
514.0 202.0 
562.0 268.0 
587.0 286.0 
440.0 174.0 
514.0 202.0 
721.0 386.0 
696.0 420.0 
696.0 420.0 
696.0 420.0 
696.0 420.0 
750.0 459.0 
721.0 386.0 
587.0 286.0 
562.0 320.0 
562.0 320.0 
562.0 320.0 
517.0 313.0 
517.0 313.0 
514.0 202.0 
661.0 314.0 
517.0 313.0 
517.0 313.0 
440.0 174.0 
514.0 202.0 
616.0 359.0 
669.0 451.0 
669.0 451.0 
750.0 459.0 
750.0 459.0 
750.0 459.0 
750.0 459.0 
533.0 247.0 
533.0 247.0 
615.0 412.0 
514.0 202.0 
517.0 313.0 
517.0 313.0 
562.0 320.0 
587.0 286.0 
562.0 320.0 
750.0 459.0 
517.0 313.0 
440.0 174.0 
661.0 314.0 
514.0 202.0 
872.0 460.0 
872.0 460.0 
872.0 460.0 
872.0 460.0 
872.0 460.0 
872.0 460.0 
872.0 460.0 
872.0 460.0 
872.0 460.0 
872.0 460.0 
872.0 460.0 
872.0 460.0 
872.0 460.0 
412.0 278.0 
412.0 278.0 
588.0 512.0 
588.0 512.0 
255.0 119.0 
255.0 119.0 
255.0 119.0 
255.0 119.0 
587.0 286.0 
587.0 286.0 
616.0 359.0 
616.0 359.0 
533.0 247.0 
587.0 286.0 
696.0 420.0 
696.0 420.0 
696.0 420.0 
514.0 202.0 
440.0 174.0 
616.0 359.0 
750.0 459.0 
514.0 202.0 
669.0 451.0 
669.0 451.0 
750.0 459.0 
750.0 459.0 
750.0 459.0 
533.0 247.0 
533.0 247.0 
533.0 247.0 
696.0 420.0 
587.0 286.0 
517.0 313.0 
517.0 313.0 
587.0 286.0 
721.0 386.0 
587.0 286.0 
721.0 386.0 
562.0 268.0 
514.0 202.0 
669.0 451.0 
669.0 451.0 
667.0 347.0 
667.0 347.0 
750.0 459.0 
517.0 313.0 
514.0 202.0 
750.0 459.0 
587.0 286.0 
440.0 174.0 
514.0 202.0 
562.0 268.0 
587.0 286.0 
587.0 286.0 
587.0 286.0 
587.0 286.0 
750.0 459.0 
750.0 459.0 
615.0 412.0 
615.0 412.0 
615.0 412.0 
562.0 320.0 
562.0 320.0 
562.0 320.0 
533.0 247.0 
533.0 247.0 
517.0 313.0 
661.0 314.0 
514.0 202.0 
517.0 313.0 
616.0 359.0 
721.0 386.0 
615.0 412.0 
562.0 320.0 
562.0 320.0 
562.0 320.0 
562.0 320.0 
562.0 320.0 
587.0 286.0 
721.0 386.0 
872.0 460.0 
872.0 460.0 
872.0 460.0 
872.0 460.0 
872.0 460.0 
872.0 460.0 
872.0 460.0 
872.0 460.0 
412.0 278.0 
412.0 278.0 
463.0 400.0 
463.0 400.0 
588.0 512.0 
255.0 119.0 
255.0 119.0 
255.0 119.0 
255.0 119.0 
533.0 247.0 
533.0 247.0 
533.0 247.0 
616.0 359.0 
533.0 247.0 
750.0 459.0 
750.0 459.0 
721.0 386.0 
587.0 286.0 
667.0 347.0 
533.0 247.0 
562.0 320.0 
562.0 320.0 
533.0 247.0 
587.0 286.0 
696.0 420.0 
669.0 451.0 
750.0 459.0 
750.0 459.0 
750.0 459.0 
517.0 313.0 
615.0 412.0 
615.0 412.0 
669.0 451.0 
669.0 451.0 
721.0 386.0 
562.0 268.0 
514.0 202.0 
616.0 359.0 
587.0 286.0 
587.0 286.0 
587.0 286.0 
615.0 412.0 
615.0 412.0 
721.0 386.0 
514.0 202.0 
514.0 202.0 
440.0 174.0 
721.0 386.0 
587.0 286.0 
587.0 286.0 
562.0 268.0 
669.0 451.0 
750.0 459.0 
696.0 420.0 
696.0 420.0 
696.0 420.0 
750.0 459.0 
616.0 359.0 
517.0 313.0 
517.0 313.0 
517.0 313.0 
517.0 313.0 
587.0 286.0 
587.0 286.0 
616.0 359.0 
514.0 202.0 
440.0 174.0 
587.0 286.0 
587.0 286.0 
750.0 459.0 
667.0 347.0 
587.0 286.0 
517.0 313.0 
517.0 313.0 
562.0 320.0 
562.0 320.0 
562.0 320.0 
562.0 320.0 
562.0 320.0 
669.0 451.0 
669.0 451.0 
750.0 459.0 
750.0 459.0 
750.0 459.0 
750.0 459.0 
562.0 320.0 
517.0 313.0 
514.0 202.0 
514.0 202.0 
514.0 202.0 
514.0 202.0 
661.0 314.0 
696.0 420.0 
696.0 420.0 
696.0 420.0 
872.0 460.0 
872.0 460.0 
872.0 460.0 
872.0 460.0 
872.0 460.0 
872.0 460.0 
872.0 460.0 
872.0 460.0 
872.0 460.0 
872.0 460.0 
872.0 460.0 
872.0 460.0 
463.0 400.0 
412.0 278.0 
412.0 278.0 
588.0 512.0 
588.0 512.0 
255.0 119.0 
255.0 119.0 
255.0 119.0 
255.0 119.0 
721.0 386.0 
587.0 286.0 
514.0 202.0 
721.0 386.0 
514.0 202.0 
669.0 451.0 
669.0 451.0 
750.0 459.0 
616.0 359.0 
616.0 359.0 
533.0 247.0 
587.0 286.0 
615.0 412.0 
615.0 412.0 
750.0 459.0 
533.0 247.0 
616.0 359.0 
587.0 286.0 
517.0 313.0 
587.0 286.0 
696.0 420.0 
587.0 286.0 
615.0 412.0 
669.0 451.0 
562.0 320.0 
562.0 320.0 
750.0 459.0 
721.0 386.0 
514.0 202.0 
514.0 202.0 
440.0 174.0 
667.0 347.0 
533.0 247.0 
667.0 347.0 
533.0 247.0 
587.0 286.0 
696.0 420.0 
587.0 286.0 
533.0 247.0 
533.0 247.0 
616.0 359.0 
750.0 459.0 
562.0 320.0 
562.0 320.0 
562.0 320.0 
562.0 320.0 
440.0 174.0 
562.0 268.0 
696.0 420.0 
696.0 420.0 
696.0 420.0 
696.0 420.0 
696.0 420.0 
696.0 420.0 
517.0 313.0 
517.0 313.0 
587.0 286.0 
669.0 451.0 
750.0 459.0 
750.0 459.0 
750.0 459.0 
750.0 459.0 
517.0 313.0 
587.0 286.0 
587.0 286.0 
721.0 386.0 
587.0 286.0 
587.0 286.0 
562.0 320.0 
517.0 313.0 
517.0 313.0 
669.0 451.0 
669.0 451.0 
669.0 451.0 
750.0 459.0 
750.0 459.0 
750.0 459.0 
750.0 459.0 
615.0 412.0 
562.0 268.0 
517.0 313.0 
517.0 313.0 
514.0 202.0 
514.0 202.0 
440.0 174.0 
661.0 314.0 
872.0 460.0 
872.0 460.0 
872.0 460.0 
872.0 460.0 
872.0 460.0 
872.0 460.0 
872.0 460.0 
872.0 460.0 
872.0 460.0 
872.0 460.0 
412.0 278.0 
412.0 278.0 
463.0 400.0 
463.0 400.0 
588.0 512.0 
588.0 512.0 
255.0 119.0 
255.0 119.0 
255.0 119.0 
255.0 119.0 
533.0 247.0 
587.0 286.0 
587.0 286.0 
533.0 247.0 
669.0 451.0 
669.0 451.0 
669.0 451.0 
440.0 174.0 
721.0 386.0 
587.0 286.0 
615.0 412.0 
615.0 412.0 
696.0 420.0 
696.0 420.0 
616.0 359.0 
616.0 359.0 
616.0 359.0 
616.0 359.0 
750.0 459.0 
533.0 247.0 
587.0 286.0 
514.0 202.0 
514.0 202.0 
721.0 386.0 
587.0 286.0 
562.0 320.0 
562.0 320.0 
562.0 320.0 
562.0 320.0 
562.0 320.0 
533.0 247.0 
750.0 459.0 
514.0 202.0 
587.0 286.0 
562.0 268.0 
562.0 268.0 
440.0 174.0 
514.0 202.0 
721.0 386.0 
669.0 451.0 
587.0 286.0 
587.0 286.0 
587.0 286.0 
750.0 459.0 
696.0 420.0 
696.0 420.0 
696.0 420.0 
587.0 286.0 
667.0 347.0 
533.0 247.0 
562.0 320.0 
517.0 313.0 
661.0 314.0 
440.0 174.0 
514.0 202.0 
533.0 247.0 
750.0 459.0 
667.0 347.0 
750.0 459.0 
750.0 459.0 
615.0 412.0 
615.0 412.0 
696.0 420.0 
696.0 420.0 
517.0 313.0 
587.0 286.0 
721.0 386.0 
587.0 286.0 
562.0 320.0 
517.0 313.0 
517.0 313.0 
514.0 202.0 
661.0 314.0 
514.0 202.0 
440.0 174.0 
517.0 313.0 
669.0 451.0 
669.0 451.0 
750.0 459.0 
750.0 459.0 
750.0 459.0 
750.0 459.0 
872.0 460.0 
872.0 460.0 
872.0 460.0 
872.0 460.0 
872.0 460.0 
872.0 460.0 
872.0 460.0 
872.0 460.0 
872.0 460.0 
872.0 460.0 
872.0 460.0 
872.0 460.0 
412.0 278.0 
412.0 278.0 
588.0 512.0 
588.0 512.0 
255.0 119.0 
255.0 119.0 
255.0 119.0 
255.0 119.0 
669.0 451.0 
669.0 451.0 
616.0 359.0 
533.0 247.0 
587.0 286.0 
587.0 286.0 
587.0 286.0 
615.0 412.0 
750.0 459.0 
440.0 174.0 
562.0 268.0 
721.0 386.0 
587.0 286.0 
587.0 286.0 
750.0 459.0 
750.0 459.0 
667.0 347.0 
667.0 347.0 
533.0 247.0 
669.0 451.0 
669.0 451.0 
587.0 286.0 
514.0 202.0 
721.0 386.0 
615.0 412.0 
615.0 412.0 
696.0 420.0 
696.0 420.0 
750.0 459.0 
750.0 459.0 
533.0 247.0 
587.0 286.0 
517.0 313.0 
517.0 313.0 
517.0 313.0 
587.0 286.0 
514.0 202.0 
514.0 202.0 
721.0 386.0 
533.0 247.0 
587.0 286.0 
587.0 286.0 
562.0 320.0 
562.0 320.0 
669.0 451.0 
750.0 459.0 
750.0 459.0 
750.0 459.0 
562.0 268.0 
721.0 386.0 
587.0 286.0 
696.0 420.0 
696.0 420.0 
696.0 420.0 
696.0 420.0 
616.0 359.0 
616.0 359.0 
616.0 359.0 
533.0 247.0 
696.0 420.0 
696.0 420.0 
872.0 460.0 
872.0 460.0 
872.0 460.0 
872.0 460.0 
872.0 460.0 
872.0 460.0 
872.0 460.0 
872.0 460.0 
412.0 278.0 
412.0 278.0 
463.0 400.0 
463.0 400.0 
588.0 512.0 
588.0 512.0 
255.0 119.0 
255.0 119.0 
255.0 119.0 
255.0 119.0 
587.0 286.0 
514.0 202.0 
721.0 386.0 
721.0 386.0 
587.0 286.0 
514.0 202.0 
562.0 268.0 
440.0 174.0 
669.0 451.0 
750.0 459.0 
533.0 247.0 
696.0 420.0 
696.0 420.0 
750.0 459.0 
616.0 359.0 
616.0 359.0 
533.0 247.0 
587.0 286.0 
440.0 174.0 
514.0 202.0 
587.0 286.0 
562.0 268.0 
669.0 451.0 
587.0 286.0 
750.0 459.0 
750.0 459.0 
667.0 347.0 
667.0 347.0 
669.0 451.0 
669.0 451.0 
587.0 286.0 
721.0 386.0 
533.0 247.0 
587.0 286.0 
587.0 286.0 
587.0 286.0 
750.0 459.0 
721.0 386.0 
615.0 412.0 
615.0 412.0 
615.0 412.0 
615.0 412.0 
696.0 420.0 
696.0 420.0 
696.0 420.0 
750.0 459.0 
616.0 359.0 
616.0 359.0 
696.0 420.0 
562.0 320.0 
533.0 247.0 
514.0 202.0 
533.0 247.0 
750.0 459.0 
517.0 313.0 
517.0 313.0 
587.0 286.0 
587.0 286.0 
669.0 451.0 
750.0 459.0 
750.0 459.0 
750.0 459.0 
750.0 459.0 
696.0 420.0 
696.0 420.0 
517.0 313.0 
514.0 202.0 
514.0 202.0 
517.0 313.0 
661.0 314.0 
440.0 174.0 
517.0 313.0 
517.0 313.0 
562.0 320.0 
562.0 320.0 
562.0 320.0 
669.0 451.0 
669.0 451.0 
669.0 451.0 
562.0 320.0 
750.0 459.0 
517.0 313.0 
562.0 320.0 
562.0 320.0 
533.0 247.0 
587.0 286.0 
517.0 313.0 
514.0 202.0 
514.0 202.0 
661.0 314.0 
440.0 174.0 
872.0 460.0 
872.0 460.0 
872.0 460.0 
872.0 460.0 
872.0 460.0 
872.0 460.0 
872.0 460.0 
872.0 460.0 
872.0 460.0 
872.0 460.0 
872.0 460.0 
872.0 460.0 
412.0 278.0 
412.0 278.0 
463.0 400.0 
463.0 400.0 
588.0 512.0 
588.0 512.0 
255.0 119.0 
255.0 119.0 
255.0 119.0 
255.0 119.0 
514.0 202.0 
721.0 386.0 
514.0 202.0 
533.0 247.0 
616.0 359.0 
616.0 359.0 
616.0 359.0 
533.0 247.0 
533.0 247.0 
587.0 286.0 
587.0 286.0 
587.0 286.0 
533.0 247.0 
587.0 286.0 
615.0 412.0 
669.0 451.0 
669.0 451.0 
514.0 202.0 
587.0 286.0 
721.0 386.0 
721.0 386.0 
587.0 286.0 
750.0 459.0 
750.0 459.0 
517.0 313.0 
587.0 286.0 
587.0 286.0 
696.0 420.0 
750.0 459.0 
750.0 459.0 
440.0 174.0 
514.0 202.0 
615.0 412.0 
669.0 451.0 
562.0 320.0 
750.0 459.0 
667.0 347.0 
533.0 247.0 
587.0 286.0 
587.0 286.0 
562.0 320.0 
533.0 247.0 
517.0 313.0 
562.0 320.0 
517.0 313.0 
517.0 313.0 
587.0 286.0 
440.0 174.0 
562.0 268.0 
669.0 451.0 
750.0 459.0 
750.0 459.0 
562.0 320.0 
667.0 347.0 
615.0 412.0 
750.0 459.0 
696.0 420.0 
696.0 420.0 
696.0 420.0 
696.0 420.0 
696.0 420.0 
696.0 420.0 
696.0 420.0 
616.0 359.0 
517.0 313.0 
517.0 313.0 
721.0 386.0 
587.0 286.0 
562.0 320.0 
562.0 320.0 
562.0 320.0 
517.0 313.0 
514.0 202.0 
514.0 202.0 
514.0 202.0 
514.0 202.0 
440.0 174.0 
661.0 314.0 
669.0 451.0 
750.0 459.0 
750.0 459.0 
750.0 459.0 
750.0 459.0 
615.0 412.0 
872.0 460.0 
872.0 460.0 
872.0 460.0 
872.0 460.0 
872.0 460.0 
872.0 460.0 
872.0 460.0 
872.0 460.0 

559 418 422 110 419 138 160 420 559 
559 422 110 419 138 160 420 418 559 
559 418 32 513 422 424 164 423 419 138 160 420 559 
559 418 422 110 111 1 559 
559 418 422 110 111 1 559 
559 422 110 111 1 418 559 
559 418 160 420 138 164 424 422 32 513 1 111 417 559 
559 420 418 422 32 513 111 1 417 160 559 
559 418 160 420 138 164 424 422 32 513 111 1 417 559 
559 418 160 420 138 164 424 32 513 111 1 417 559 
559 418 422 32 513 111 1 417 164 138 160 420 559 
559 418 160 420 138 164 424 422 32 513 111 1 417 559 
559 418 420 424 422 32 513 111 1 417 160 559 
559 418 160 420 138 164 424 422 32 513 1 111 417 559 
559 418 32 513 111 20 1 417 422 559 
559 420 418 422 32 513 111 1 417 160 559 
559 418 160 420 138 164 424 32 513 1 111 417 559 
559 418 160 420 138 164 424 32 513 111 1 417 559 
559 420 418 32 513 1 111 417 160 559 
559 418 420 138 160 164 424 422 32 513 1 111 417 559 
559 420 418 32 513 111 1 417 160 559 
559 160 420 138 164 424 32 513 1 111 417 559 
559 420 418 422 32 513 1 111 417 160 559 
559 418 420 138 160 164 424 422 32 513 1 111 417 559 
559 418 160 420 138 164 424 32 513 1 111 417 559 
559 420 422 32 513 111 1 417 160 418 559 
559 418 424 164 138 160 420 32 513 1 111 417 559 
559 418 420 424 422 32 513 111 1 417 160 559 
559 420 424 422 32 513 1 111 417 164 138 160 418 559 
559 418 424 164 138 160 420 32 513 111 1 417 559 
559 418 420 424 422 32 513 1 111 417 160 559 
559 160 420 138 164 424 422 32 513 111 1 417 559 
559 32 513 111 20 1 417 422 418 559 
559 418 420 138 160 164 424 32 513 111 1 417 559 
559 418 32 513 1 111 20 417 422 420 559 
559 418 420 424 422 32 513 1 111 417 160 559 
559 418 422 32 513 111 1 417 164 138 160 420 559 
559 420 418 422 32 513 1 111 417 160 559 
559 418 422 32 513 111 1 417 420 424 559 
559 418 160 420 138 164 424 422 417 1 20 111 513 413 559 
559 418 160 420 138 164 424 422 417 1 111 20 513 413 559 
559 418 160 420 138 164 424 422 417 111 20 1 513 413 559 
559 418 160 420 138 164 424 422 417 20 111 1 513 413 559 
559 418 422 110 419 138 160 420 559 
559 422 110 419 138 160 420 418 559 
559 418 419 138 160 420 424 164 422 559 
559 418 32 513 422 424 164 423 419 138 160 420 559 
559 418 422 110 111 1 559 
559 422 110 111 1 418 559 
559 418 422 110 111 1 559 
559 418 160 420 138 164 424 422 32 513 111 1 417 559 
559 418 160 420 138 164 424 32 513 111 1 417 559 
559 418 160 420 138 164 424 422 32 513 1 111 417 559 
559 420 418 422 32 513 111 1 417 160 559 
559 418 160 420 138 164 424 422 32 513 111 1 417 559 
559 420 418 422 32 513 1 111 417 160 559 
559 418 422 32 513 111 1 417 164 138 160 420 559 
559 418 160 420 138 164 424 32 513 111 1 417 559 
559 418 424 164 138 160 420 32 513 111 1 417 559 
559 420 418 32 513 111 1 417 160 559 
559 418 160 420 138 164 424 422 32 513 1 111 417 559 
559 420 418 422 32 513 111 1 417 160 559 
559 418 32 513 111 20 1 417 422 559 
559 160 420 138 164 424 422 32 513 111 1 417 559 
559 418 420 138 160 164 424 422 32 513 111 1 417 559 
559 418 420 424 422 32 513 111 1 417 160 559 
559 420 418 422 32 513 1 111 417 160 559 
559 418 422 32 513 111 1 417 420 424 559 
559 418 420 138 160 164 424 422 32 513 1 111 417 559 
559 160 420 138 164 424 32 513 111 1 417 559 
559 420 418 32 513 1 111 417 160 559 
559 160 420 138 164 424 422 32 513 111 1 417 559 
559 418 420 424 422 32 513 1 111 417 160 559 
559 418 160 420 138 164 424 32 513 1 111 417 559 
559 420 418 32 513 1 111 417 160 559 
559 32 513 111 20 1 417 422 418 559 
559 418 160 420 138 164 424 32 513 1 111 417 559 
559 420 422 32 513 111 1 417 160 418 559 
559 418 420 424 422 32 513 111 1 417 160 559 
559 418 160 420 138 164 424 422 417 1 20 111 513 413 559 
559 418 160 420 138 164 424 422 417 1 111 20 513 413 559 
559 418 160 420 138 164 424 422 417 111 20 1 513 413 559 
559 418 420 138 160 164 424 422 417 1 111 20 513 413 559 
559 418 160 420 138 164 424 422 417 20 111 1 513 413 559 
559 422 110 419 138 160 420 418 559 
559 418 419 138 160 420 424 164 422 559 
559 418 422 110 419 138 160 420 559 
559 418 32 513 422 424 164 423 419 138 160 420 559 
559 418 422 110 111 1 559 
559 418 422 110 111 1 559 
559 422 110 111 1 418 559 
559 420 418 422 32 513 111 1 417 160 559 
559 418 160 420 138 164 424 422 32 513 1 111 417 559 
559 418 160 420 138 164 424 422 32 513 111 1 417 559 
559 418 160 420 138 164 424 32 513 111 1 417 559 
559 160 420 138 164 424 422 32 513 111 1 417 559 
559 418 160 420 138 164 424 32 513 111 1 417 559 
559 418 424 164 138 160 420 32 513 111 1 417 559 
559 418 160 420 138 164 424 422 32 513 111 1 417 559 
559 418 160 420 138 164 424 422 32 513 1 111 417 559 
559 422 32 513 111 1 417 164 138 160 420 418 559 
559 418 422 32 513 111 1 417 164 138 160 420 559 
559 160 420 138 164 424 422 32 513 111 1 417 559 
559 420 418 422 32 513 1 111 417 160 559 
559 418 422 32 513 111 1 417 420 424 559 
559 418 420 424 422 32 513 111 1 417 160 559 
559 418 420 424 422 32 513 111 1 417 160 559 
559 420 422 32 513 111 1 417 160 418 559 
559 418 420 138 160 164 424 422 32 513 1 111 417 559 
559 420 418 422 32 513 111 1 417 160 559 
559 418 32 513 111 20 1 417 422 559 
559 418 420 424 422 32 513 1 111 417 160 559 
559 418 422 32 513 111 1 417 420 424 559 
559 418 420 138 160 164 424 422 32 513 111 1 417 559 
559 420 418 32 513 1 111 417 160 559 
559 420 418 32 513 111 1 417 160 559 
559 418 160 420 138 164 424 422 417 1 20 111 513 413 559 
559 418 160 420 138 164 424 422 417 1 111 20 513 413 559 
559 418 160 420 138 164 424 422 417 20 111 1 513 413 559 
559 418 160 420 138 164 424 422 417 111 20 1 513 413 559 
559 418 420 138 160 164 424 422 417 111 20 1 513 413 559 
559 418 422 110 419 138 160 420 559 
559 418 419 138 160 420 424 164 422 559 
559 418 32 513 422 424 164 423 419 138 160 420 559 
559 418 422 110 111 1 559 
559 418 422 110 111 1 559 
559 422 110 111 1 418 559 
559 420 418 422 32 513 111 1 417 160 559 
559 160 420 138 164 424 422 32 513 111 1 417 559 
559 418 160 420 138 164 424 422 32 513 111 1 417 559 
559 418 160 420 138 164 424 422 32 513 1 111 417 559 
559 418 160 420 138 164 424 422 32 513 1 111 417 559 
559 418 420 138 160 164 424 422 32 513 1 111 417 559 
559 418 160 420 138 164 424 32 513 111 1 417 559 
559 420 422 32 513 111 1 417 160 418 559 
559 418 160 420 138 164 424 32 513 111 1 417 559 
559 418 420 424 422 32 513 111 1 417 160 559 
559 418 422 32 513 111 1 417 164 138 160 420 559 
559 418 420 424 422 32 513 111 1 417 160 559 
559 418 160 420 138 164 424 422 32 513 111 1 417 559 
559 420 418 422 32 513 1 111 417 160 559 
559 420 418 422 32 513 1 111 417 160 559 
559 420 418 422 32 513 111 1 417 160 559 
559 418 32 513 111 20 1 417 422 559 
559 420 418 32 513 111 1 417 160 559 
559 418 420 138 160 164 424 422 32 513 111 1 417 559 
559 160 420 138 164 424 422 32 513 1 111 417 559 
559 422 32 513 111 1 417 164 138 160 420 418 559 
559 418 422 32 513 111 1 417 164 138 160 420 559 
559 418 424 164 138 160 420 32 513 111 1 417 559 
559 420 418 32 513 1 111 417 160 559 
559 418 422 32 513 111 1 417 420 424 559 
559 422 32 513 1 111 417 420 424 418 559 
559 420 418 32 513 1 111 417 160 559 
559 418 160 420 138 164 424 32 513 1 111 417 559 
559 418 160 420 138 164 424 422 417 1 20 111 513 413 559 
559 418 160 420 138 164 424 422 417 111 20 1 513 413 559 
559 418 160 420 138 164 424 422 417 1 111 20 513 413 559 
559 418 160 420 138 164 424 422 417 20 111 1 513 413 559 
559 418 420 138 160 164 424 422 417 111 20 1 513 413 559 
559 418 419 138 160 420 424 164 422 559 
559 418 422 110 419 138 160 420 559 
559 418 422 110 111 1 559 
559 418 422 110 111 1 559 
559 422 110 111 1 418 559 
559 420 418 422 32 513 111 1 417 160 559 
559 418 160 420 138 164 424 422 32 513 111 1 417 559 
559 418 160 420 138 164 424 422 32 513 1 111 417 559 
559 418 160 420 138 164 424 422 32 513 111 1 417 559 
559 418 160 420 138 164 424 422 32 513 1 111 417 559 
559 418 422 32 513 111 1 417 164 138 160 420 559 
559 418 420 424 422 32 513 111 1 417 160 559 
559 420 418 422 32 513 1 111 417 160 559 
559 418 32 513 111 20 1 417 422 559 
559 418 160 420 138 164 424 32 513 111 1 417 559 
559 420 418 422 32 513 1 111 417 160 559 
559 418 422 32 513 111 1 417 164 138 160 420 559 
559 418 160 420 138 164 424 32 513 111 1 417 559 
559 418 420 424 422 32 513 111 1 417 160 559 
559 420 418 422 32 513 111 1 417 160 559 
559 418 424 164 138 160 420 32 513 111 1 417 559 
559 418 420 138 160 164 424 422 32 513 1 111 417 559 
559 418 420 138 160 164 424 422 32 513 111 1 417 559 
559 160 420 138 164 424 422 32 513 111 1 417 559 
559 420 418 32 513 111 1 417 160 559 
559 420 418 32 513 1 111 417 160 559 
559 418 420 424 422 32 513 1 111 417 160 559 
559 420 418 32 513 111 1 417 160 559 
559 420 422 32 513 111 1 417 160 418 559 
559 418 160 420 138 164 424 32 513 1 111 417 559 
559 418 422 32 513 111 1 417 420 424 559 
559 418 160 420 138 164 424 422 417 1 20 111 513 413 559 
559 418 160 420 138 164 424 422 417 1 111 20 513 413 559 
559 418 160 420 138 164 424 422 417 111 20 1 513 413 559 
559 418 160 420 138 164 424 422 417 20 111 1 513 413 559 
559 418 422 110 419 138 160 420 559 
559 422 110 419 138 160 420 418 559 
559 418 32 513 422 424 164 423 419 138 160 420 559 
559 418 422 110 111 1 559 
559 418 422 110 111 1 559 
559 422 110 111 1 418 559 
559 418 160 420 138 164 424 422 32 513 111 1 417 559 
559 418 160 420 138 164 424 422 32 513 111 1 417 559 
559 418 160 420 138 164 424 422 32 513 1 111 417 559 
559 418 160 420 138 164 424 32 513 111 1 417 559 
559 418 420 424 422 32 513 111 1 417 160 559 
559 420 418 422 32 513 111 1 417 160 559 
559 418 160 420 138 164 424 422 32 513 1 111 417 559 
559 418 422 32 513 111 1 417 164 138 160 420 559 
559 418 420 138 160 164 424 422 32 513 1 111 417 559 
559 420 418 422 32 513 1 111 417 160 559 
559 418 160 420 138 164 424 32 513 111 1 417 559 
559 418 420 138 160 164 424 422 32 513 111 1 417 559 
559 420 418 422 32 513 111 1 417 160 559 
559 420 418 422 32 513 1 111 417 160 559 
559 418 420 424 422 32 513 111 1 417 160 559 
559 160 420 138 164 424 422 32 513 111 1 417 559 
559 418 420 138 160 164 424 32 513 111 1 417 559 
559 418 424 164 138 160 420 32 513 111 1 417 559 
559 418 32 513 111 20 1 417 422 559 
559 420 418 32 513 111 1 417 160 559 
559 418 422 32 513 1 111 417 160 420 559 
559 418 422 32 513 111 1 417 164 138 160 420 559 
559 160 420 138 164 424 422 32 513 1 111 417 559 
559 420 422 32 513 111 1 417 160 418 559 
559 418 420 138 160 164 424 422 32 513 111 1 417 559 
559 418 420 424 422 32 513 1 111 417 160 559 
559 422 32 513 111 1 417 164 138 160 420 418 559 
559 418 422 32 513 111 1 417 420 424 559 
559 418 160 420 138 164 424 422 417 1 20 111 513 413 559 
559 418 160 420 138 164 424 422 417 1 111 20 513 413 559 
559 418 160 420 138 164 424 422 417 111 20 1 513 413 559 
559 418 160 420 138 164 424 422 417 20 111 1 513 413 559 
559 418 420 138 160 164 424 422 417 111 20 1 513 413 559 
559 418 422 110 419 138 160 420 559 
559 418 419 138 160 420 424 164 422 559 
559 418 422 110 111 1 559 
559 418 422 110 111 1 559 
559 422 110 111 1 418 559 
559 420 418 422 32 513 111 1 417 160 559 
559 418 160 420 138 164 424 422 32 513 1 111 417 559 
559 418 160 420 138 164 424 422 32 513 111 1 417 559 
559 420 422 32 513 111 1 417 160 418 559 
559 418 160 420 138 164 424 422 32 513 1 111 417 559 
559 418 160 420 138 164 424 32 513 111 1 417 559 
559 418 160 420 138 164 424 422 32 513 111 1 417 559 
559 418 422 32 513 111 1 417 420 424 559 
559 418 160 420 138 164 424 32 513 111 1 417 559 
559 418 422 32 513 111 1 417 164 138 160 420 559 
559 418 160 420 138 164 424 32 513 1 111 417 559 
559 418 422 32 513 111 1 417 164 138 160 420 559 
559 418 424 164 138 160 420 32 513 111 1 417 559 
559 418 420 138 160 164 424 422 32 513 1 111 417 559 
559 418 32 513 111 20 1 417 422 559 
559 420 418 32 513 111 1 417 160 559 
559 420 418 422 32 513 111 1 417 160 559 
559 418 420 424 422 32 513 1 111 417 160 559 
559 160 420 138 164 424 422 32 513 111 1 417 559 
559 418 420 424 422 32 513 111 1 417 160 559 
559 420 418 422 32 513 1 111 417 160 559 
559 420 418 32 513 111 1 417 160 559 
559 418 420 424 422 32 513 111 1 417 160 559 
559 420 418 422 32 513 1 111 417 160 559 
559 418 422 32 513 111 1 417 420 424 559 
559 32 513 111 20 1 417 422 418 559 
559 418 160 420 138 164 424 422 417 1 20 111 513 413 559 
559 418 160 420 138 164 424 422 417 1 111 20 513 413 559 
559 418 160 420 138 164 424 422 417 111 20 1 513 413 559 
559 418 420 138 160 164 424 422 417 1 111 20 513 413 559 
559 418 160 420 138 164 424 422 417 20 111 1 513 413 559 
559 418 422 110 419 138 160 420 559 
559 418 422 110 111 1 559 
559 418 422 110 111 1 559 
559 422 110 111 1 418 559 
559 420 418 422 32 513 111 1 417 160 559 
559 418 160 420 138 164 424 422 32 513 111 1 417 559 
559 418 160 420 138 164 424 422 32 513 1 111 417 559 
559 418 420 138 160 164 424 422 32 513 1 111 417 559 
559 418 422 32 513 111 1 417 164 138 160 420 559 
559 418 160 420 138 164 424 422 32 513 111 1 417 559 
559 160 420 138 164 424 422 32 513 111 1 417 559 
559 418 160 420 138 164 424 32 513 111 1 417 559 
559 418 422 32 513 111 1 417 164 138 160 420 559 
559 420 418 422 32 513 111 1 417 160 559 
559 418 160 420 138 164 424 422 32 513 1 111 417 559 
559 420 422 32 513 111 1 417 160 418 559 
559 418 422 32 513 111 1 417 420 424 559 
559 418 424 164 138 160 420 32 513 111 1 417 559 
559 418 160 420 138 164 424 32 513 111 1 417 559 
559 418 420 424 422 32 513 1 111 417 160 559 
559 418 420 424 422 32 513 111 1 417 160 559 
559 160 420 138 164 424 422 32 513 1 111 417 559 
559 420 418 32 513 1 111 417 160 559 
559 420 418 422 32 513 1 111 417 160 559 
559 420 418 422 32 513 1 111 417 160 559 
559 418 32 513 111 20 1 417 422 559 
559 420 418 32 513 111 1 417 160 559 
559 418 420 424 422 32 513 111 1 417 160 559 
559 420 418 32 513 111 1 417 160 559 
559 160 420 138 164 424 422 32 513 111 1 417 559 
559 418 420 138 160 164 424 422 32 513 111 1 417 559 
559 422 32 513 111 1 417 164 138 160 420 418 559 
559 418 160 420 138 164 424 422 417 1 20 111 513 413 559 
559 418 160 420 138 164 424 422 417 1 111 20 513 413 559 
559 418 160 420 138 164 424 422 417 111 20 1 513 413 559 
559 418 422 110 419 138 160 420 559 
559 419 138 160 420 424 164 422 418 559 
559 418 422 110 111 1 559 
559 418 422 110 111 1 559 
559 422 110 111 1 418 559 
559 418 160 420 138 164 424 422 32 513 111 1 417 559 
559 418 160 420 138 164 424 422 32 513 1 111 417 559 
559 418 422 32 513 111 1 417 164 138 160 420 559 
559 418 160 420 138 164 424 422 32 513 111 1 417 559 
559 418 160 420 138 164 424 422 32 513 1 111 417 559 
559 418 160 420 138 164 424 32 513 111 1 417 559 
559 418 420 424 422 32 513 111 1 417 160 559 
559 420 418 422 32 513 111 1 417 160 559 
559 418 420 138 160 164 424 422 32 513 1 111 417 559 
559 418 160 420 138 164 424 32 513 111 1 417 559 
559 160 420 138 164 424 422 32 513 111 1 417 559 
559 420 418 422 32 513 111 1 417 160 559 
559 420 418 32 513 111 1 417 160 559 
559 420 422 32 513 111 1 417 160 418 559 
559 418 422 32 513 111 1 417 420 424 559 
559 418 424 164 138 160 420 32 513 111 1 417 559 
559 418 420 424 422 32 513 1 111 417 160 559 
559 420 418 422 32 513 1 111 417 160 559 
559 418 32 513 111 20 1 417 422 559 
559 418 160 420 138 164 424 32 513 1 111 417 559 
559 418 420 138 160 164 424 422 32 513 111 1 417 559 
559 32 513 111 20 1 417 422 418 559 
559 418 422 32 513 111 1 417 164 138 160 420 559 
559 418 420 424 422 32 513 111 1 417 160 559 
559 160 420 138 164 424 422 32 513 111 1 417 559 
559 418 422 32 513 1 111 417 160 420 559 
559 420 418 32 513 111 1 417 160 559 
559 32 513 111 1 417 422 418 559 
559 420 418 422 32 513 1 111 417 160 559 
559 418 160 420 138 164 424 422 417 1 20 111 513 413 559 
559 418 160 420 138 164 424 422 417 1 111 20 513 413 559 
559 418 160 420 138 164 424 422 417 20 111 1 513 413 559 
559 418 160 420 138 164 424 422 417 111 20 1 513 413 559 
559 418 420 138 160 164 424 422 417 1 111 20 513 413 559 
559 418 422 110 419 138 160 420 559 
559 418 422 110 111 1 559 
559 418 422 110 111 1 559 
559 422 110 111 1 418 559 
559 418 420 424 422 32 513 111 1 417 160 559 
559 420 418 32 513 1 111 417 160 559 
559 418 160 420 138 164 424 422 32 513 1 111 417 559 
559 418 160 420 138 164 424 422 32 513 111 1 417 559 
559 418 160 420 138 164 424 32 513 111 1 417 559 
559 418 32 513 111 1 417 422 559 
559 418 160 420 138 164 424 422 32 513 1 111 417 559 
559 160 420 138 164 424 422 32 513 111 1 417 559 
559 418 420 138 160 164 424 422 32 513 1 111 417 559 
559 420 418 422 32 513 111 1 417 160 559 
559 418 160 420 138 164 424 422 32 513 111 1 417 559 
559 420 418 422 32 513 111 1 417 160 559 
559 418 160 420 138 164 424 32 513 1 111 417 559 
559 418 32 513 111 20 1 417 422 559 
559 418 422 32 513 111 1 417 164 138 160 420 559 
559 160 420 138 164 424 422 32 513 1 111 417 559 
559 418 424 164 138 160 420 32 513 111 1 417 559 
559 418 160 420 138 164 424 32 513 111 1 417 559 
559 418 422 32 513 111 1 417 420 424 559 
559 160 420 138 164 424 422 32 513 111 1 417 559 
559 420 418 422 32 513 1 111 417 160 559 
559 418 422 32 513 111 1 417 420 424 559 
559 418 420 424 422 32 513 111 1 417 160 559 
559 418 160 420 138 164 424 32 513 1 111 417 559 
559 418 420 138 160 164 424 422 32 513 111 1 417 559 
559 418 32 513 1 20 111 417 422 559 
559 420 418 32 513 111 1 417 160 559 
559 418 420 138 160 164 424 422 32 513 1 111 417 559 
559 420 418 422 32 513 1 111 417 160 559 
559 420 418 32 513 1 111 417 160 559 
559 418 160 420 138 164 424 422 417 1 20 111 513 413 559 
559 418 160 420 138 164 424 422 417 1 111 20 513 413 559 
559 418 160 420 138 164 424 422 417 111 20 1 513 413 559 
559 418 160 420 138 164 424 422 417 20 111 1 513 413 559 
559 418 422 110 419 138 160 420 559 
559 422 110 419 138 160 420 418 559 
559 418 419 138 160 420 424 164 422 559 
559 419 138 160 420 424 164 422 418 559 
559 32 513 422 424 164 423 419 138 160 420 418 559 
559 418 32 513 422 424 164 423 419 138 160 420 559 
559 418 422 110 111 1 559 
559 418 422 110 111 1 559 
559 422 110 111 1 418 559 
559 422 110 111 1 418 559 
559 418 422 32 513 1 111 417 160 420 559 
559 418 32 513 111 1 417 422 559 
559 418 32 513 111 20 1 417 422 559 
559 418 422 32 513 111 1 417 164 138 160 420 559 
559 418 422 32 513 1 111 417 160 420 559 
559 418 420 424 422 32 513 111 1 417 160 559 
559 420 418 32 513 111 1 417 160 559 
559 420 418 32 513 111 1 417 160 559 
559 420 418 422 32 513 111 1 417 160 559 
559 418 422 32 513 111 1 417 164 138 160 420 559 
559 418 32 513 1 111 20 417 422 420 559 
559 420 418 422 32 513 1 111 417 160 559 
559 420 418 422 32 513 1 111 417 160 559 
559 418 420 424 422 32 513 1 111 417 160 559 
559 418 420 424 422 32 513 111 1 417 160 559 
559 418 160 420 138 164 424 32 513 111 1 417 559 
559 418 424 164 138 160 420 32 513 111 1 417 559 
559 418 424 164 138 160 420 32 513 1 111 417 559 
559 418 424 164 138 160 420 32 513 1 111 417 559 
559 418 160 420 138 164 424 32 513 1 111 417 559 
559 32 513 111 20 1 417 422 418 559 
559 422 32 513 1 111 417 160 420 418 559 
559 160 420 138 164 424 32 513 111 1 417 559 
559 420 32 513 111 1 417 164 138 160 418 559 
559 420 424 32 513 111 1 417 160 418 559 
559 420 424 32 513 1 111 417 160 418 559 
559 418 420 424 32 513 1 111 417 160 559 
559 420 418 32 513 1 111 417 160 559 
559 420 418 32 513 1 111 417 160 559 
559 418 422 32 513 111 1 417 420 424 559 
559 418 420 424 32 513 1 111 417 160 559 
559 418 420 424 32 513 111 1 417 160 559 
559 418 160 420 138 164 424 422 32 513 111 1 417 559 
559 418 160 420 138 164 424 32 513 111 1 417 559 
559 418 424 164 138 160 420 32 513 111 1 417 559 
559 418 160 420 138 164 424 422 32 513 1 111 417 559 
559 160 420 138 164 424 422 32 513 111 1 417 559 
559 160 420 138 164 424 422 32 513 1 111 417 559 
559 160 420 138 164 424 422 32 513 1 111 417 559 
559 420 424 422 32 513 111 1 417 164 138 160 418 559 
559 420 422 32 513 111 1 417 160 418 559 
559 420 424 422 32 513 1 111 417 164 138 160 418 559 
559 420 32 513 111 1 417 164 138 160 418 559 
559 160 420 138 164 424 422 32 513 111 1 417 559 
559 418 160 420 138 164 424 422 32 513 111 1 417 559 
559 420 418 422 32 513 111 1 417 160 559 
559 160 420 138 164 424 32 513 111 1 417 559 
559 32 513 111 1 417 422 418 559 
559 422 32 513 111 1 417 164 138 160 420 418 559 
559 422 32 513 1 111 417 160 420 418 559 
559 420 422 32 513 1 111 417 160 418 559 
559 420 422 32 513 111 1 417 160 418 559 
559 420 424 422 32 513 111 1 417 164 138 160 418 559 
559 422 32 513 1 111 417 420 424 418 559 
559 420 424 32 513 111 1 417 160 418 559 
559 420 32 513 1 111 417 160 418 559 
559 420 422 32 513 1 111 417 160 418 559 
559 420 424 422 32 513 1 111 417 164 138 160 418 559 
559 418 420 424 422 32 513 1 111 417 160 559 
559 418 160 420 138 164 424 422 32 513 1 111 417 559 
559 422 32 513 111 1 417 164 138 160 420 418 559 
559 160 420 138 164 424 32 513 1 111 417 559 
559 32 513 1 111 20 417 422 420 418 559 
559 32 513 1 20 111 417 422 418 559 
559 418 32 513 1 20 111 417 422 559 
559 160 420 138 164 424 32 513 1 111 417 559 
559 420 424 32 513 1 111 417 160 418 559 
559 420 32 513 1 111 417 160 418 559 
559 418 160 420 138 164 424 32 513 1 111 417 559 
559 418 422 32 513 1 111 417 420 424 559 
559 418 422 32 513 1 111 417 420 424 559 
559 418 32 513 1 20 111 417 422 559 
559 418 32 513 1 111 20 417 422 420 160 559 
559 418 32 513 111 1 417 422 559 
559 418 32 513 111 20 1 417 422 559 
559 420 138 160 164 424 422 32 513 1 111 417 559 
559 420 138 160 164 424 422 32 513 1 111 417 559 
559 418 420 138 160 164 424 422 32 513 1 111 417 559 
559 418 420 138 160 164 424 422 32 513 1 111 417 559 
559 418 420 138 160 164 424 422 32 513 111 1 417 559 
559 418 420 138 160 164 424 422 32 513 111 1 417 559 
559 418 160 420 138 164 424 422 417 1 111 20 513 413 559 
559 418 160 420 138 164 424 422 417 1 20 111 513 413 559 
559 418 160 420 138 164 424 422 417 111 20 1 513 413 559 
559 418 160 420 138 164 424 422 417 20 111 1 513 413 559 
559 160 420 138 164 424 422 417 1 111 20 513 413 418 559 
559 160 420 138 164 424 422 417 1 20 111 513 413 418 559 
559 160 420 138 164 424 422 417 111 20 1 513 413 418 559 
559 160 420 138 164 424 422 417 20 111 1 513 413 418 559 
559 420 138 160 164 424 422 417 1 111 20 513 413 418 559 
559 418 420 138 160 164 424 422 417 1 111 20 513 413 559 
559 418 420 138 160 164 424 422 417 111 20 1 513 413 559 
559 418 420 138 160 164 424 422 417 20 111 1 513 413 559 
559 418 420 138 160 164 424 422 417 1 20 111 513 413 559 
559 418 422 110 419 138 160 420 559 
559 422 110 419 138 160 420 418 559 
559 418 419 138 160 420 424 164 422 559 
559 419 138 160 420 424 164 422 418 559 
559 418 32 513 422 424 164 423 419 138 160 420 559 
559 32 513 422 424 164 423 419 138 160 420 418 559 
559 418 422 110 111 1 559 
559 418 422 110 111 1 559 
559 422 110 111 1 418 559 
559 422 110 111 1 418 559 
559 418 422 32 513 1 111 417 420 424 559 
559 420 418 422 32 513 1 111 417 160 559 
559 420 418 32 513 111 1 417 160 559 
559 418 420 424 422 32 513 1 111 417 160 559 
559 420 418 32 513 111 1 417 160 559 
559 160 420 138 164 424 422 32 513 111 1 417 559 
559 160 420 138 164 424 422 32 513 111 1 417 559 
559 32 513 111 1 417 422 418 559 
559 32 513 111 20 1 417 422 418 559 
559 422 32 513 111 1 417 164 138 160 420 418 559 
559 418 422 32 513 111 1 417 164 138 160 420 559 
559 160 420 138 164 424 32 513 111 1 417 559 
559 160 420 138 164 424 422 32 513 1 111 417 559 
559 418 420 424 422 32 513 1 111 417 160 559 
559 418 420 424 422 32 513 111 1 417 160 559 
559 420 418 422 32 513 111 1 417 160 559 
559 420 418 422 32 513 1 111 417 160 559 
559 418 160 420 138 164 424 32 513 1 111 417 559 
559 418 160 420 138 164 424 32 513 111 1 417 559 
559 418 160 420 138 164 424 32 513 1 111 417 559 
559 418 424 164 138 160 420 32 513 1 111 417 559 
559 420 418 422 32 513 111 1 417 160 559 
559 160 420 138 164 424 32 513 111 1 417 559 
559 160 420 138 164 424 32 513 1 111 417 559 
559 160 420 138 164 424 422 32 513 1 111 417 559 
559 418 160 420 138 164 424 422 32 513 1 111 417 559 
559 418 160 420 138 164 424 422 32 513 1 111 417 559 
559 422 32 513 111 1 417 164 138 160 420 418 559 
559 422 32 513 1 111 417 160 420 418 559 
559 422 32 513 1 111 417 160 420 418 559 
559 32 513 1 111 20 417 422 420 418 559 
559 32 513 1 20 111 417 422 418 559 
559 420 418 32 513 1 111 417 160 559 
559 418 422 32 513 111 1 417 164 138 160 420 559 
559 418 422 32 513 1 111 417 160 420 559 
559 418 32 513 111 20 1 417 422 559 
559 418 32 513 1 20 111 417 422 559 
559 418 32 513 1 111 20 417 422 420 559 
559 418 420 424 422 32 513 111 1 417 160 559 
559 420 422 32 513 111 1 417 160 418 559 
559 420 32 513 111 1 417 164 138 160 418 559 
559 418 160 420 138 164 424 422 32 513 111 1 417 559 
559 418 160 420 138 164 424 422 32 513 111 1 417 559 
559 420 424 32 513 111 1 417 160 418 559 
559 422 32 513 1 111 417 420 424 418 559 
559 422 32 513 111 1 417 420 424 418 559 
559 418 420 424 32 513 1 111 417 160 559 
559 418 420 424 32 513 1 111 417 160 559 
559 420 418 32 513 1 111 417 160 559 
559 418 422 32 513 111 1 417 420 424 559 
559 418 422 32 513 1 111 417 420 424 559 
559 418 32 513 1 20 111 417 422 559 
559 418 32 513 111 20 1 417 422 559 
559 418 32 513 1 111 20 417 422 420 160 559 
559 418 32 513 111 1 417 422 559 
559 418 32 513 111 1 417 422 559 
559 418 422 32 513 1 111 417 160 420 559 
559 418 160 420 138 164 424 32 513 111 1 417 559 
559 418 424 164 138 160 420 32 513 111 1 417 559 
559 418 424 164 138 160 420 32 513 1 111 417 559 
559 418 424 164 138 160 420 32 513 111 1 417 559 
559 420 32 513 111 1 417 164 138 160 418 559 
559 420 424 422 32 513 1 111 417 164 138 160 418 559 
559 420 424 422 32 513 1 111 417 164 138 160 418 559 
559 420 422 32 513 1 111 417 160 418 559 
559 420 422 32 513 111 1 417 160 418 559 
559 420 424 32 513 1 111 417 160 418 559 
559 422 32 513 1 111 417 420 424 418 559 
559 420 422 32 513 1 111 417 160 418 559 
559 420 32 513 1 111 417 160 418 559 
559 420 138 160 164 424 422 32 513 1 111 417 559 
559 420 138 160 164 424 422 32 513 111 1 417 559 
559 420 138 160 164 424 422 32 513 111 1 417 559 
559 418 420 138 160 164 424 422 32 513 1 111 417 559 
559 418 420 138 160 164 424 422 32 513 111 1 417 559 
559 418 420 138 160 164 424 422 32 513 1 111 417 559 
559 418 420 138 160 164 424 422 32 513 111 1 417 559 
559 420 424 32 513 111 1 417 160 418 559 
559 420 424 32 513 1 111 417 160 418 559 
559 420 32 513 1 111 417 160 418 559 
559 420 424 422 32 513 111 1 417 164 138 160 418 559 
559 420 424 422 32 513 111 1 417 164 138 160 418 559 
559 418 420 424 32 513 111 1 417 160 559 
559 418 420 424 32 513 111 1 417 160 559 
559 420 138 160 164 424 422 32 513 1 111 417 559 
559 160 420 138 164 424 32 513 1 111 417 559 
559 418 160 420 138 164 424 422 417 1 111 20 513 413 559 
559 418 160 420 138 164 424 422 417 111 20 1 513 413 559 
559 160 420 138 164 424 422 417 111 20 1 513 413 418 559 
559 160 420 138 164 424 422 417 1 111 20 513 413 418 559 
559 418 160 420 138 164 424 422 417 20 111 1 513 413 559 
559 418 160 420 138 164 424 422 417 1 20 111 513 413 559 
559 160 420 138 164 424 422 417 1 20 111 513 413 418 559 
559 160 420 138 164 424 422 417 20 111 1 513 413 418 559 
559 418 420 138 160 164 424 422 417 1 111 20 513 413 559 
559 418 420 138 160 164 424 422 417 111 20 1 513 413 559 
559 418 420 138 160 164 424 422 417 1 20 111 513 413 559 
559 418 422 110 419 138 160 420 559 
559 422 110 419 138 160 420 418 559 
559 418 419 138 160 420 424 164 422 559 
559 419 138 160 420 424 164 422 418 559 
559 418 32 513 422 424 164 423 419 138 160 420 559 
559 32 513 422 424 164 423 419 138 160 420 418 559 
559 418 422 110 111 1 559 
559 422 110 111 1 418 559 
559 418 422 110 111 1 559 
559 422 110 111 1 418 559 
559 420 418 32 513 111 1 417 160 559 
559 420 418 32 513 111 1 417 160 559 
559 160 420 138 164 424 422 32 513 111 1 417 559 
559 418 422 32 513 111 1 417 164 138 160 420 559 
559 418 422 32 513 1 111 417 160 420 559 
559 418 420 424 422 32 513 1 111 417 160 559 
559 418 420 424 422 32 513 1 111 417 160 559 
559 418 160 420 138 164 424 422 32 513 1 111 417 559 
559 418 420 424 422 32 513 111 1 417 160 559 
559 420 418 32 513 1 111 417 160 559 
559 420 418 422 32 513 1 111 417 160 559 
559 420 418 422 32 513 111 1 417 160 559 
559 420 418 422 32 513 111 1 417 160 559 
559 160 420 138 164 424 32 513 111 1 417 559 
559 420 32 513 111 1 417 164 138 160 418 559 
559 420 424 32 513 111 1 417 160 418 559 
559 418 420 424 32 513 111 1 417 160 559 
559 32 513 111 20 1 417 422 418 559 
559 32 513 1 111 20 417 422 420 418 559 
559 32 513 111 1 417 422 418 559 
559 420 32 513 111 1 417 164 138 160 418 559 
559 160 420 138 164 424 422 32 513 111 1 417 559 
559 418 160 420 138 164 424 422 32 513 111 1 417 559 
559 418 160 420 138 164 424 422 32 513 1 111 417 559 
559 420 418 32 513 1 111 417 160 559 
559 418 424 164 138 160 420 32 513 1 111 417 559 
559 418 160 420 138 164 424 32 513 1 111 417 559 
559 418 160 420 138 164 424 32 513 1 111 417 559 
559 420 418 422 32 513 1 111 417 160 559 
559 422 32 513 1 111 417 420 424 418 559 
559 160 420 138 164 424 32 513 111 1 417 559 
559 160 420 138 164 424 32 513 1 111 417 559 
559 420 422 32 513 1 111 417 160 418 559 
559 420 422 32 513 111 1 417 160 418 559 
559 420 422 32 513 1 111 417 160 418 559 
559 420 424 422 32 513 1 111 417 164 138 160 418 559 
559 420 424 422 32 513 1 111 417 164 138 160 418 559 
559 420 424 422 32 513 111 1 417 164 138 160 418 559 
559 160 420 138 164 424 422 32 513 1 111 417 559 
559 160 420 138 164 424 422 32 513 1 111 417 559 
559 422 32 513 111 1 417 164 138 160 420 418 559 
559 422 32 513 1 111 417 160 420 418 559 
559 32 513 1 20 111 417 422 418 559 
559 418 32 513 1 20 111 417 422 559 
559 418 32 513 1 111 20 417 422 420 559 
559 418 422 32 513 1 111 417 160 420 559 
559 418 32 513 111 1 417 422 559 
559 418 32 513 111 20 1 417 422 559 
559 418 422 32 513 111 1 417 164 138 160 420 559 
559 418 160 420 138 164 424 32 513 111 1 417 559 
559 418 424 164 138 160 420 32 513 111 1 417 559 
559 418 424 164 138 160 420 32 513 111 1 417 559 
559 418 160 420 138 164 424 32 513 111 1 417 559 
559 418 160 420 138 164 424 422 32 513 111 1 417 559 
559 422 32 513 111 1 417 164 138 160 420 418 559 
559 422 32 513 1 111 417 160 420 418 559 
559 420 424 32 513 1 111 417 160 418 559 
559 418 420 424 32 513 1 111 417 160 559 
559 418 420 424 32 513 1 111 417 160 559 
559 418 422 32 513 111 1 417 420 424 559 
559 418 422 32 513 1 111 417 420 424 559 
559 418 32 513 1 20 111 417 422 559 
559 418 32 513 1 111 20 417 422 420 160 559 
559 418 422 32 513 1 111 417 420 424 559 
559 418 422 32 513 111 1 417 420 424 559 
559 418 32 513 111 1 417 422 559 
559 418 32 513 111 20 1 417 422 559 
559 418 420 424 422 32 513 111 1 417 160 559 
559 420 138 160 164 424 422 32 513 1 111 417 559 
559 420 138 160 164 424 422 32 513 1 111 417 559 
559 418 420 138 160 164 424 422 32 513 1 111 417 559 
559 418 420 138 160 164 424 422 32 513 1 111 417 559 
559 418 420 138 160 164 424 422 32 513 111 1 417 559 
559 418 420 138 160 164 424 422 32 513 111 1 417 559 
559 420 32 513 1 111 417 160 418 559 
559 420 32 513 1 111 417 160 418 559 
559 160 420 138 164 424 32 513 1 111 417 559 
559 32 513 1 20 111 417 422 418 559 
559 422 32 513 1 111 417 420 424 418 559 
559 422 32 513 111 1 417 420 424 418 559 
559 420 424 32 513 1 111 417 160 418 559 
559 420 422 32 513 111 1 417 160 418 559 
559 420 424 32 513 111 1 417 160 418 559 
559 420 424 422 32 513 111 1 417 164 138 160 418 559 
559 422 32 513 111 1 417 420 424 418 559 
559 32 513 111 1 417 422 418 559 
559 32 513 1 111 20 417 422 420 160 418 559 
559 32 513 111 20 1 417 422 418 559 
559 418 160 420 138 164 424 422 417 1 20 111 513 413 559 
559 418 160 420 138 164 424 422 417 111 20 1 513 413 559 
559 418 160 420 138 164 424 422 417 1 111 20 513 413 559 
559 418 160 420 138 164 424 422 417 20 111 1 513 413 559 
559 160 420 138 164 424 422 417 1 111 20 513 413 418 559 
559 160 420 138 164 424 422 417 1 20 111 513 413 418 559 
559 160 420 138 164 424 422 417 111 20 1 513 413 418 559 
559 160 420 138 164 424 422 417 20 111 1 513 413 418 559 
559 420 138 160 164 424 422 417 1 111 20 513 413 418 559 
559 420 138 160 164 424 422 417 111 20 1 513 413 418 559 
559 418 420 138 160 164 424 422 417 111 20 1 513 413 559 
559 418 420 138 160 164 424 422 417 1 20 111 513 413 559 
559 418 420 138 160 164 424 422 417 1 111 20 513 413 559 
559 418 422 110 419 138 160 420 559 
559 422 110 419 138 160 420 418 559 
559 418 32 513 422 424 164 423 419 138 160 420 559 
559 32 513 422 424 164 423 419 138 160 420 418 559 
559 418 422 110 111 1 559 
559 418 422 110 111 1 559 
559 422 110 111 1 418 559 
559 422 110 111 1 418 559 
559 420 418 422 32 513 1 111 417 160 559 
559 420 418 422 32 513 111 1 417 160 559 
559 418 420 424 422 32 513 1 111 417 160 559 
559 418 420 424 422 32 513 1 111 417 160 559 
559 420 418 32 513 111 1 417 160 559 
559 420 418 422 32 513 111 1 417 160 559 
559 418 160 420 138 164 424 32 513 111 1 417 559 
559 418 160 420 138 164 424 32 513 111 1 417 559 
559 418 160 420 138 164 424 32 513 1 111 417 559 
559 418 32 513 111 20 1 417 422 559 
559 418 32 513 111 1 417 422 559 
559 418 420 424 422 32 513 111 1 417 160 559 
559 418 160 420 138 164 424 422 32 513 111 1 417 559 
559 32 513 111 20 1 417 422 418 559 
559 160 420 138 164 424 422 32 513 111 1 417 559 
559 160 420 138 164 424 422 32 513 1 111 417 559 
559 418 160 420 138 164 424 422 32 513 1 111 417 559 
559 418 160 420 138 164 424 422 32 513 111 1 417 559 
559 418 160 420 138 164 424 422 32 513 1 111 417 559 
559 420 418 32 513 111 1 417 160 559 
559 420 418 32 513 1 111 417 160 559 
559 420 418 32 513 1 111 417 160 559 
559 418 424 164 138 160 420 32 513 1 111 417 559 
559 420 418 422 32 513 1 111 417 160 559 
559 418 422 32 513 111 1 417 420 424 559 
559 418 422 32 513 1 111 417 420 424 559 
559 418 422 32 513 1 111 417 160 420 559 
559 418 422 32 513 111 1 417 164 138 160 420 559 
559 418 422 32 513 1 111 417 160 420 559 
559 418 422 32 513 111 1 417 164 138 160 420 559 
559 418 32 513 1 111 20 417 422 420 559 
559 418 32 513 1 20 111 417 422 559 
559 160 420 138 164 424 422 32 513 1 111 417 559 
559 160 420 138 164 424 422 32 513 111 1 417 559 
559 420 32 513 111 1 417 164 138 160 418 559 
559 420 32 513 111 1 417 164 138 160 418 559 
559 420 424 422 32 513 1 111 417 164 138 160 418 559 
559 422 32 513 111 1 417 420 424 418 559 
559 32 513 111 20 1 417 422 418 559 
559 420 424 422 32 513 111 1 417 164 138 160 418 559 
559 422 32 513 1 111 417 160 420 418 559 
559 32 513 111 1 417 422 418 559 
559 32 513 1 20 111 417 422 418 559 
559 32 513 1 111 20 417 422 420 418 559 
559 422 32 513 1 111 417 160 420 418 559 
559 420 422 32 513 1 111 417 160 418 559 
559 420 422 32 513 111 1 417 160 418 559 
559 420 422 32 513 1 111 417 160 418 559 
559 420 424 422 32 513 1 111 417 164 138 160 418 559 
559 420 424 422 32 513 111 1 417 164 138 160 418 559 
559 160 420 138 164 424 32 513 111 1 417 559 
559 160 420 138 164 424 32 513 1 111 417 559 
559 160 420 138 164 424 32 513 1 111 417 559 
559 420 424 32 513 111 1 417 160 418 559 
559 420 424 32 513 1 111 417 160 418 559 
559 420 424 32 513 1 111 417 160 418 559 
559 420 32 513 1 111 417 160 418 559 
559 420 32 513 1 111 417 160 418 559 
559 422 32 513 1 111 417 420 424 418 559 
559 32 513 1 111 20 417 422 420 160 418 559 
559 32 513 1 20 111 417 422 418 559 
559 422 32 513 1 111 417 420 424 418 559 
559 418 420 424 422 32 513 111 1 417 160 559 
559 422 32 513 111 1 417 164 138 160 420 418 559 
559 160 420 138 164 424 32 513 111 1 417 559 
559 420 424 32 513 111 1 417 160 418 559 
559 418 420 424 32 513 111 1 417 160 559 
559 418 420 424 32 513 1 111 417 160 559 
559 418 420 424 32 513 1 111 417 160 559 
559 418 420 424 32 513 111 1 417 160 559 
559 420 422 32 513 111 1 417 160 418 559 
559 422 32 513 111 1 417 164 138 160 420 418 559 
559 418 160 420 138 164 424 422 417 1 111 20 513 413 559 
559 418 160 420 138 164 424 422 417 20 111 1 513 413 559 
559 418 160 420 138 164 424 422 417 1 20 111 513 413 559 
559 418 160 420 138 164 424 422 417 111 20 1 513 413 559 
559 160 420 138 164 424 422 417 1 111 20 513 413 418 559 
559 160 420 138 164 424 422 417 111 20 1 513 413 418 559 
559 160 420 138 164 424 422 417 20 111 1 513 413 418 559 
559 160 420 138 164 424 422 417 1 20 111 513 413 418 559 
559 422 110 419 138 160 420 418 559 
559 418 422 110 419 138 160 420 559 
559 418 419 138 160 420 424 164 422 559 
559 419 138 160 420 424 164 422 418 559 
559 418 32 513 422 424 164 423 419 138 160 420 559 
559 422 110 111 1 418 559 
559 422 110 111 1 418 559 
559 418 422 110 111 1 559 
559 418 422 110 111 1 559 
559 420 418 32 513 1 111 417 160 559 
559 420 418 32 513 1 111 417 160 559 
559 420 418 32 513 111 1 417 160 559 
559 418 420 424 422 32 513 1 111 417 160 559 
559 420 418 32 513 111 1 417 160 559 
559 418 160 420 138 164 424 422 32 513 1 111 417 559 
559 418 160 420 138 164 424 422 32 513 1 111 417 559 
559 418 422 32 513 111 1 417 164 138 160 420 559 
559 418 422 32 513 1 111 417 160 420 559 
559 420 32 513 111 1 417 164 138 160 418 559 
559 420 32 513 1 111 417 160 418 559 
559 420 424 32 513 1 111 417 160 418 559 
559 420 424 32 513 1 111 417 160 418 559 
559 420 32 513 1 111 417 160 418 559 
559 420 422 32 513 1 111 417 160 418 559 
559 418 160 420 138 164 424 32 513 111 1 417 559 
559 160 420 138 164 424 422 32 513 1 111 417 559 
559 420 424 422 32 513 111 1 417 164 138 160 418 559 
559 420 424 422 32 513 1 111 417 164 138 160 418 559 
559 420 424 422 32 513 111 1 417 164 138 160 418 559 
559 422 32 513 111 1 417 420 424 418 559 
559 160 420 138 164 424 32 513 111 1 417 559 
559 160 420 138 164 424 32 513 1 111 417 559 
559 160 420 138 164 424 422 32 513 1 111 417 559 
559 160 420 138 164 424 422 32 513 111 1 417 559 
559 418 422 32 513 111 1 417 164 138 160 420 559 
559 418 32 513 1 111 20 417 422 420 559 
559 418 32 513 111 20 1 417 422 559 
559 418 420 424 422 32 513 1 111 417 160 559 
559 420 418 422 32 513 1 111 417 160 559 
559 420 418 422 32 513 111 1 417 160 559 
559 420 418 422 32 513 111 1 417 160 559 
559 160 420 138 164 424 32 513 111 1 417 559 
559 160 420 138 164 424 32 513 1 111 417 559 
559 422 32 513 111 1 417 164 138 160 420 418 559 
559 32 513 1 20 111 417 422 418 559 
559 32 513 111 20 1 417 422 418 559 
559 32 513 111 1 417 422 418 559 
559 422 32 513 111 1 417 164 138 160 420 418 559 
559 422 32 513 1 111 417 160 420 418 559 
559 422 32 513 1 111 417 160 420 418 559 
559 32 513 1 111 20 417 422 420 418 559 
559 160 420 138 164 424 422 32 513 111 1 417 559 
559 418 160 420 138 164 424 422 32 513 111 1 417 559 
559 418 160 420 138 164 424 32 513 111 1 417 559 
559 418 160 420 138 164 424 32 513 1 111 417 559 
559 418 424 164 138 160 420 32 513 111 1 417 559 
559 418 160 420 138 164 424 422 32 513 111 1 417 559 
559 418 420 424 422 32 513 111 1 417 160 559 
559 418 422 32 513 111 1 417 420 424 559 
559 418 422 32 513 111 1 417 420 424 559 
559 418 422 32 513 1 111 417 420 424 559 
559 418 422 32 513 1 111 417 420 424 559 
559 418 422 32 513 1 111 417 160 420 559 
559 420 418 422 32 513 1 111 417 160 559 
559 418 420 424 422 32 513 111 1 417 160 559 
559 418 32 513 1 20 111 417 422 559 
559 418 32 513 111 1 417 422 559 
559 420 422 32 513 111 1 417 160 418 559 
559 420 422 32 513 111 1 417 160 418 559 
559 420 424 422 32 513 1 111 417 164 138 160 418 559 
559 420 32 513 111 1 417 164 138 160 418 559 
559 420 422 32 513 1 111 417 160 418 559 
559 422 32 513 111 1 417 420 424 418 559 
559 422 32 513 1 111 417 420 424 418 559 
559 420 424 32 513 111 1 417 160 418 559 
559 418 420 424 32 513 111 1 417 160 559 
559 418 420 424 32 513 111 1 417 160 559 
559 418 420 424 32 513 1 111 417 160 559 
559 418 420 424 32 513 1 111 417 160 559 
559 420 138 160 164 424 422 32 513 1 111 417 559 
559 420 138 160 164 424 422 32 513 1 111 417 559 
559 418 420 138 160 164 424 422 32 513 1 111 417 559 
559 418 420 138 160 164 424 422 32 513 1 111 417 559 
559 418 420 138 160 164 424 422 32 513 111 1 417 559 
559 418 420 138 160 164 424 422 32 513 111 1 417 559 
559 420 424 32 513 111 1 417 160 418 559 
559 422 32 513 1 111 417 420 424 418 559 
559 32 513 1 20 111 417 422 418 559 
559 32 513 111 20 1 417 422 418 559 
559 418 32 513 111 20 1 417 422 559 
559 418 32 513 1 20 111 417 422 559 
559 418 32 513 1 111 20 417 422 420 160 559 
559 418 160 420 138 164 424 32 513 1 111 417 559 
559 418 424 164 138 160 420 32 513 1 111 417 559 
559 418 424 164 138 160 420 32 513 1 111 417 559 
559 418 160 420 138 164 424 422 417 1 20 111 513 413 559 
559 418 160 420 138 164 424 422 417 111 20 1 513 413 559 
559 160 420 138 164 424 422 417 1 20 111 513 413 418 559 
559 160 420 138 164 424 422 417 1 111 20 513 413 418 559 
559 160 420 138 164 424 422 417 20 111 1 513 413 418 559 
559 160 420 138 164 424 422 417 111 20 1 513 413 418 559 
559 418 160 420 138 164 424 422 417 1 111 20 513 413 559 
559 418 160 420 138 164 424 422 417 20 111 1 513 413 559 
559 418 420 138 160 164 424 422 417 1 111 20 513 413 559 
559 418 420 138 160 164 424 422 417 1 20 111 513 413 559 
559 418 420 138 160 164 424 422 417 111 20 1 513 413 559 
559 418 420 138 160 164 424 422 417 20 111 1 513 413 559 
559 418 419 138 160 420 424 164 422 559 
559 422 110 419 138 160 420 418 559 
559 418 422 110 419 138 160 420 559 
559 418 32 513 422 424 164 423 419 138 160 420 559 
559 32 513 422 424 164 423 419 138 160 420 418 559 
559 418 422 110 111 1 559 
559 418 422 110 111 1 559 
559 422 110 111 1 418 559 
559 422 110 111 1 418 559 
559 418 422 32 513 111 1 417 164 138 160 420 559 
559 418 422 32 513 1 111 417 160 420 559 
559 418 32 513 111 20 1 417 422 559 
559 418 422 32 513 111 1 417 164 138 160 420 559 
559 418 32 513 1 20 111 417 422 559 
559 160 420 138 164 424 422 32 513 111 1 417 559 
559 160 420 138 164 424 422 32 513 1 111 417 559 
559 418 160 420 138 164 424 422 32 513 1 111 417 559 
559 418 420 424 422 32 513 1 111 417 160 559 
559 418 420 424 422 32 513 111 1 417 160 559 
559 420 418 32 513 111 1 417 160 559 
559 420 418 422 32 513 1 111 417 160 559 
559 160 420 138 164 424 32 513 111 1 417 559 
559 160 420 138 164 424 32 513 1 111 417 559 
559 418 160 420 138 164 424 422 32 513 1 111 417 559 
559 420 418 32 513 111 1 417 160 559 
559 418 420 424 422 32 513 1 111 417 160 559 
559 420 418 422 32 513 1 111 417 160 559 
559 422 32 513 1 111 417 420 424 418 559 
559 420 422 32 513 1 111 417 160 418 559 
559 418 160 420 138 164 424 32 513 111 1 417 559 
559 420 418 422 32 513 111 1 417 160 559 
559 160 420 138 164 424 32 513 111 1 417 559 
559 160 420 138 164 424 422 32 513 111 1 417 559 
559 420 424 32 513 111 1 417 160 418 559 
559 418 420 424 32 513 111 1 417 160 559 
559 418 160 420 138 164 424 422 32 513 111 1 417 559 
559 422 32 513 111 1 417 164 138 160 420 418 559 
559 32 513 111 20 1 417 422 418 559 
559 32 513 1 20 111 417 422 418 559 
559 32 513 111 1 417 422 418 559 
559 420 32 513 111 1 417 164 138 160 418 559 
559 420 32 513 1 111 417 160 418 559 
559 420 32 513 111 1 417 164 138 160 418 559 
559 420 32 513 1 111 417 160 418 559 
559 420 422 32 513 1 111 417 160 418 559 
559 418 160 420 138 164 424 32 513 111 1 417 559 
559 420 418 422 32 513 111 1 417 160 559 
559 420 418 32 513 1 111 417 160 559 
559 420 418 32 513 1 111 417 160 559 
559 418 420 424 422 32 513 111 1 417 160 559 
559 418 160 420 138 164 424 422 32 513 111 1 417 559 
559 420 424 32 513 111 1 417 160 418 559 
559 420 424 32 513 1 111 417 160 418 559 
559 418 420 424 32 513 1 111 417 160 559 
559 418 420 424 32 513 1 111 417 160 559 
559 418 32 513 111 1 417 422 559 
559 418 32 513 1 111 20 417 422 420 559 
559 418 160 420 138 164 424 32 513 1 111 417 559 
559 418 160 420 138 164 424 32 513 1 111 417 559 
559 418 424 164 138 160 420 32 513 1 111 417 559 
559 418 424 164 138 160 420 32 513 1 111 417 559 
559 418 424 164 138 160 420 32 513 111 1 417 559 
559 418 424 164 138 160 420 32 513 111 1 417 559 
559 418 422 32 513 111 1 417 420 424 559 
559 418 422 32 513 1 111 417 420 424 559 
559 418 422 32 513 1 111 417 160 420 559 
559 160 420 138 164 424 422 32 513 1 111 417 559 
559 420 424 422 32 513 1 111 417 164 138 160 418 559 
559 420 424 422 32 513 111 1 417 164 138 160 418 559 
559 420 424 422 32 513 111 1 417 164 138 160 418 559 
559 420 424 422 32 513 1 111 417 164 138 160 418 559 
559 422 32 513 1 111 417 420 424 418 559 
559 422 32 513 1 111 417 160 420 418 559 
559 422 32 513 1 111 417 160 420 418 559 
559 422 32 513 111 1 417 164 138 160 420 418 559 
559 420 422 32 513 111 1 417 160 418 559 
559 420 422 32 513 111 1 417 160 418 559 
559 420 424 32 513 1 111 417 160 418 559 
559 422 32 513 111 1 417 420 424 418 559 
559 422 32 513 111 1 417 420 424 418 559 
559 420 138 160 164 424 422 32 513 1 111 417 559 
559 420 138 160 164 424 422 32 513 1 111 417 559 
559 420 138 160 164 424 422 32 513 111 1 417 559 
559 418 420 138 160 164 424 422 32 513 111 1 417 559 
559 418 420 138 160 164 424 422 32 513 1 111 417 559 
559 418 420 138 160 164 424 422 32 513 1 111 417 559 
559 418 420 138 160 164 424 422 32 513 111 1 417 559 
559 160 420 138 164 424 32 513 1 111 417 559 
559 32 513 1 111 20 417 422 420 418 559 
559 418 422 32 513 111 1 417 420 424 559 
559 418 422 32 513 1 111 417 420 424 559 
559 418 32 513 1 20 111 417 422 559 
559 418 32 513 111 20 1 417 422 559 
559 418 32 513 111 1 417 422 559 
559 418 32 513 1 111 20 417 422 420 160 559 
559 418 160 420 138 164 424 422 417 1 111 20 513 413 559 
559 418 160 420 138 164 424 422 417 111 20 1 513 413 559 
559 418 160 420 138 164 424 422 417 1 20 111 513 413 559 
559 418 160 420 138 164 424 422 417 20 111 1 513 413 559 
559 160 420 138 164 424 422 417 1 111 20 513 413 418 559 
559 160 420 138 164 424 422 417 1 20 111 513 413 418 559 
559 160 420 138 164 424 422 417 111 20 1 513 413 418 559 
559 160 420 138 164 424 422 417 20 111 1 513 413 418 559 
559 418 420 138 160 164 424 422 417 1 111 20 513 413 559 
559 418 420 138 160 164 424 422 417 1 20 111 513 413 559 
559 422 110 419 138 160 420 418 559 
559 418 422 110 419 138 160 420 559 
559 418 419 138 160 420 424 164 422 559 
559 419 138 160 420 424 164 422 418 559 
559 418 32 513 422 424 164 423 419 138 160 420 559 
559 32 513 422 424 164 423 419 138 160 420 418 559 
559 418 422 110 111 1 559 
559 418 422 110 111 1 559 
559 422 110 111 1 418 559 
559 422 110 111 1 418 559 
559 420 418 32 513 111 1 417 160 559 
559 420 418 422 32 513 111 1 417 160 559 
559 420 418 422 32 513 1 111 417 160 559 
559 420 418 32 513 111 1 417 160 559 
559 160 420 138 164 424 422 32 513 111 1 417 559 
559 160 420 138 164 424 422 32 513 1 111 417 559 
559 160 420 138 164 424 422 32 513 111 1 417 559 
559 32 513 111 1 417 422 418 559 
559 422 32 513 111 1 417 164 138 160 420 418 559 
559 420 418 422 32 513 111 1 417 160 559 
559 160 420 138 164 424 32 513 111 1 417 559 
559 160 420 138 164 424 32 513 1 111 417 559 
559 418 160 420 138 164 424 32 513 1 111 417 559 
559 418 160 420 138 164 424 32 513 111 1 417 559 
559 418 420 424 422 32 513 1 111 417 160 559 
559 418 420 424 422 32 513 111 1 417 160 559 
559 418 420 424 422 32 513 1 111 417 160 559 
559 418 420 424 422 32 513 111 1 417 160 559 
559 418 160 420 138 164 424 422 32 513 1 111 417 559 
559 420 418 32 513 1 111 417 160 559 
559 420 418 422 32 513 1 111 417 160 559 
559 32 513 111 20 1 417 422 418 559 
559 32 513 1 20 111 417 422 418 559 
559 422 32 513 111 1 417 164 138 160 420 418 559 
559 422 32 513 1 111 417 160 420 418 559 
559 420 424 32 513 111 1 417 160 418 559 
559 420 424 32 513 1 111 417 160 418 559 
559 420 424 32 513 111 1 417 160 418 559 
559 418 420 424 32 513 111 1 417 160 559 
559 418 420 424 32 513 1 111 417 160 559 
559 420 418 32 513 1 111 417 160 559 
559 418 160 420 138 164 424 422 32 513 1 111 417 559 
559 418 32 513 1 20 111 417 422 559 
559 422 32 513 1 111 417 160 420 418 559 
559 32 513 1 111 20 417 422 420 418 559 
559 418 32 513 1 111 20 417 422 420 559 
559 418 32 513 111 1 417 422 559 
559 418 32 513 111 20 1 417 422 559 
559 418 422 32 513 111 1 417 164 138 160 420 559 
559 160 420 138 164 424 422 32 513 1 111 417 559 
559 420 422 32 513 111 1 417 160 418 559 
559 420 422 32 513 1 111 417 160 418 559 
559 420 422 32 513 1 111 417 160 418 559 
559 420 424 422 32 513 1 111 417 164 138 160 418 559 
559 418 160 420 138 164 424 32 513 111 1 417 559 
559 418 424 164 138 160 420 32 513 111 1 417 559 
559 418 424 164 138 160 420 32 513 1 111 417 559 
559 420 422 32 513 111 1 417 160 418 559 
559 420 32 513 111 1 417 164 138 160 418 559 
559 420 32 513 1 111 417 160 418 559 
559 420 424 32 513 1 111 417 160 418 559 
559 422 32 513 1 111 417 420 424 418 559 
559 32 513 1 111 20 417 422 420 160 418 559 
559 32 513 111 1 417 422 418 559 
559 32 513 111 20 1 417 422 418 559 
559 420 32 513 1 111 417 160 418 559 
559 420 424 422 32 513 1 111 417 164 138 160 418 559 
559 420 32 513 111 1 417 164 138 160 418 559 
559 418 160 420 138 164 424 422 32 513 111 1 417 559 
559 418 160 420 138 164 424 422 32 513 111 1 417 559 
559 160 420 138 164 424 32 513 111 1 417 559 
559 160 420 138 164 424 32 513 1 111 417 559 
559 418 160 420 138 164 424 32 513 1 111 417 559 
559 418 424 164 138 160 420 32 513 1 111 417 559 
559 418 422 32 513 1 111 417 420 424 559 
559 418 422 32 513 1 111 417 160 420 559 
559 418 422 32 513 111 1 417 164 138 160 420 559 
559 418 422 32 513 1 111 417 160 420 559 
559 418 420 424 32 513 1 111 417 160 559 
559 418 422 32 513 111 1 417 420 424 559 
559 418 422 32 513 1 111 417 420 424 559 
559 418 32 513 1 20 111 417 422 559 
559 418 32 513 1 111 20 417 422 420 160 559 
559 418 32 513 111 20 1 417 422 559 
559 418 32 513 111 1 417 422 559 
559 418 422 32 513 111 1 417 420 424 559 
559 420 138 160 164 424 422 32 513 1 111 417 559 
559 420 138 160 164 424 422 32 513 1 111 417 559 
559 418 420 138 160 164 424 422 32 513 111 1 417 559 
559 418 420 138 160 164 424 422 32 513 1 111 417 559 
559 418 420 138 160 164 424 422 32 513 111 1 417 559 
559 418 420 138 160 164 424 422 32 513 1 111 417 559 
559 418 160 420 138 164 424 422 417 1 20 111 513 413 559 
559 418 160 420 138 164 424 422 417 1 111 20 513 413 559 
559 418 160 420 138 164 424 422 417 20 111 1 513 413 559 
559 418 160 420 138 164 424 422 417 111 20 1 513 413 559 
559 160 420 138 164 424 422 417 1 111 20 513 413 418 559 
559 160 420 138 164 424 422 417 20 111 1 513 413 418 559 
559 160 420 138 164 424 422 417 1 20 111 513 413 418 559 
559 160 420 138 164 424 422 417 111 20 1 513 413 418 559 
559 418 420 138 160 164 424 422 417 111 20 1 513 413 559 
559 418 420 138 160 164 424 422 417 20 111 1 513 413 559 
559 418 420 138 160 164 424 422 417 1 20 111 513 413 559 
559 418 420 138 160 164 424 422 417 1 111 20 513 413 559 
559 422 110 419 138 160 420 418 559 
559 418 422 110 419 138 160 420 559 
559 32 513 422 424 164 423 419 138 160 420 418 559 
559 418 32 513 422 424 164 423 419 138 160 420 559 
559 422 110 111 1 418 559 
559 422 110 111 1 418 559 
559 418 422 110 111 1 559 
559 418 422 110 111 1 559 
559 160 420 138 164 424 422 32 513 111 1 417 559 
559 160 420 138 164 424 422 32 513 1 111 417 559 
559 418 420 424 422 32 513 111 1 417 160 559 
559 420 418 32 513 111 1 417 160 559 
559 420 418 422 32 513 111 1 417 160 559 
559 420 418 422 32 513 1 111 417 160 559 
559 420 418 422 32 513 111 1 417 160 559 
559 160 420 138 164 424 32 513 111 1 417 559 
559 418 160 420 138 164 424 422 32 513 1 111 417 559 
559 32 513 111 1 417 422 418 559 
559 32 513 1 111 20 417 422 420 418 559 
559 422 32 513 111 1 417 164 138 160 420 418 559 
559 422 32 513 1 111 417 160 420 418 559 
559 420 422 32 513 1 111 417 160 418 559 
559 420 424 422 32 513 1 111 417 164 138 160 418 559 
559 420 424 422 32 513 111 1 417 164 138 160 418 559 
559 420 32 513 111 1 417 164 138 160 418 559 
559 420 32 513 111 1 417 164 138 160 418 559 
559 420 32 513 1 111 417 160 418 559 
559 160 420 138 164 424 422 32 513 111 1 417 559 
559 160 420 138 164 424 422 32 513 1 111 417 559 
559 422 32 513 1 111 417 160 420 418 559 
559 32 513 111 20 1 417 422 418 559 
559 422 32 513 111 1 417 164 138 160 420 418 559 
559 160 420 138 164 424 32 513 111 1 417 559 
559 160 420 138 164 424 32 513 1 111 417 559 
559 418 160 420 138 164 424 32 513 1 111 417 559 
559 418 160 420 138 164 424 32 513 111 1 417 559 
559 418 160 420 138 164 424 422 32 513 111 1 417 559 
559 418 160 420 138 164 424 422 32 513 111 1 417 559 
559 420 418 32 513 111 1 417 160 559 
559 420 418 422 32 513 1 111 417 160 559 
559 418 422 32 513 111 1 417 420 424 559 
559 418 422 32 513 1 111 417 420 424 559 
559 418 422 32 513 1 111 417 420 424 559 
559 418 422 32 513 1 111 417 160 420 559 
559 418 32 513 1 20 111 417 422 559 
559 418 32 513 111 20 1 417 422 559 
559 418 422 32 513 111 1 417 164 138 160 420 559 
559 420 418 32 513 1 111 417 160 559 
559 420 422 32 513 111 1 417 160 418 559 
559 420 422 32 513 111 1 417 160 418 559 
559 420 424 32 513 111 1 417 160 418 559 
559 420 424 32 513 111 1 417 160 418 559 
559 420 138 160 164 424 422 32 513 1 111 417 559 
559 418 420 138 160 164 424 422 32 513 1 111 417 559 
559 418 420 138 160 164 424 422 32 513 1 111 417 559 
559 418 160 420 138 164 424 422 32 513 1 111 417 559 
559 418 32 513 1 111 20 417 422 420 559 
559 418 422 32 513 111 1 417 164 138 160 420 559 
559 418 422 32 513 1 111 417 160 420 559 
559 418 160 420 138 164 424 32 513 111 1 417 559 
559 418 424 164 138 160 420 32 513 111 1 417 559 
559 418 424 164 138 160 420 32 513 1 111 417 559 
559 418 424 164 138 160 420 32 513 111 1 417 559 
559 418 420 424 422 32 513 1 111 417 160 559 
559 418 420 424 422 32 513 1 111 417 160 559 
559 418 420 424 422 32 513 111 1 417 160 559 
559 420 418 32 513 1 111 417 160 559 
559 418 424 164 138 160 420 32 513 1 111 417 559 
559 418 160 420 138 164 424 32 513 1 111 417 559 
559 418 160 420 138 164 424 422 417 1 111 20 513 413 559 
559 418 160 420 138 164 424 422 417 20 111 1 513 413 559 
559 418 160 420 138 164 424 422 417 1 20 111 513 413 559 
559 418 160 420 138 164 424 422 417 111 20 1 513 413 559 
559 160 420 138 164 424 422 417 1 20 111 513 413 418 559 
559 160 420 138 164 424 422 417 111 20 1 513 413 418 559 
559 160 420 138 164 424 422 417 20 111 1 513 413 418 559 
559 160 420 138 164 424 422 417 1 111 20 513 413 418 559 
559 418 422 110 419 138 160 420 559 
559 422 110 419 138 160 420 418 559 
559 419 138 160 420 424 164 422 418 559 
559 418 419 138 160 420 424 164 422 559 
559 418 32 513 422 424 164 423 419 138 160 420 559 
559 32 513 422 424 164 423 419 138 160 420 418 559 
559 418 422 110 111 1 559 
559 418 422 110 111 1 559 
559 422 110 111 1 418 559 
559 422 110 111 1 418 559 
559 418 422 32 513 1 111 417 160 420 559 
559 418 32 513 111 20 1 417 422 559 
559 418 422 32 513 111 1 417 164 138 160 420 559 
559 418 422 32 513 111 1 417 164 138 160 420 559 
559 418 422 32 513 1 111 417 160 420 559 
559 418 32 513 1 20 111 417 422 559 
559 418 32 513 1 111 20 417 422 420 559 
559 418 32 513 111 1 417 422 559 
559 160 420 138 164 424 422 32 513 111 1 417 559 
559 418 160 420 138 164 424 422 32 513 111 1 417 559 
559 420 418 32 513 111 1 417 160 559 
559 418 424 164 138 160 420 32 513 111 1 417 559 
559 418 424 164 138 160 420 32 513 111 1 417 559 
559 418 160 420 138 164 424 422 32 513 111 1 417 559 
559 418 420 424 422 32 513 111 1 417 160 559 
559 418 420 424 422 32 513 1 111 417 160 559 
559 420 418 32 513 111 1 417 160 559 
559 420 418 422 32 513 111 1 417 160 559 
559 32 513 111 1 417 422 418 559 
559 32 513 111 20 1 417 422 418 559 
559 422 32 513 1 111 417 160 420 418 559 
559 32 513 1 111 20 417 422 420 418 559 
559 160 420 138 164 424 422 32 513 1 111 417 559 
559 420 422 32 513 111 1 417 160 418 559 
559 420 424 422 32 513 1 111 417 164 138 160 418 559 
559 420 424 422 32 513 1 111 417 164 138 160 418 559 
559 420 32 513 111 1 417 164 138 160 418 559 
559 420 32 513 111 1 417 164 138 160 418 559 
559 160 420 138 164 424 422 32 513 111 1 417 559 
559 160 420 138 164 424 422 32 513 1 111 417 559 
559 422 32 513 1 111 417 160 420 418 559 
559 422 32 513 111 1 417 164 138 160 420 418 559 
559 420 418 32 513 1 111 417 160 559 
559 420 418 422 32 513 1 111 417 160 559 
559 420 418 422 32 513 111 1 417 160 559 
559 420 418 422 32 513 1 111 417 160 559 
559 418 160 420 138 164 424 422 32 513 1 111 417 559 
559 422 32 513 111 1 417 164 138 160 420 418 559 
559 160 420 138 164 424 32 513 111 1 417 559 
559 160 420 138 164 424 32 513 111 1 417 559 
559 160 420 138 164 424 32 513 1 111 417 559 
559 160 420 138 164 424 32 513 1 111 417 559 
559 418 160 420 138 164 424 32 513 1 111 417 559 
559 418 160 420 138 164 424 32 513 111 1 417 559 
559 418 160 420 138 164 424 32 513 1 111 417 559 
559 418 160 420 138 164 424 422 32 513 1 111 417 559 
559 418 420 424 422 32 513 111 1 417 160 559 
559 418 420 424 422 32 513 1 111 417 160 559 
559 418 160 420 138 164 424 32 513 111 1 417 559 
559 418 420 424 32 513 1 111 417 160 559 
559 420 418 32 513 1 111 417 160 559 
559 32 513 1 20 111 417 422 418 559 
559 420 32 513 1 111 417 160 418 559 
559 420 424 422 32 513 111 1 417 164 138 160 418 559 
559 422 32 513 1 111 417 420 424 418 559 
559 422 32 513 111 1 417 420 424 418 559 
559 420 422 32 513 1 111 417 160 418 559 
559 420 422 32 513 111 1 417 160 418 559 
559 420 138 160 164 424 422 32 513 1 111 417 559 
559 418 420 138 160 164 424 422 32 513 1 111 417 559 
559 418 420 138 160 164 424 422 32 513 1 111 417 559 
559 418 420 138 160 164 424 422 32 513 111 1 417 559 
559 418 420 138 160 164 424 422 32 513 111 1 417 559 
559 418 424 164 138 160 420 32 513 1 111 417 559 
559 418 424 164 138 160 420 32 513 1 111 417 559 
559 418 422 32 513 1 111 417 420 424 559 
559 418 32 513 1 20 111 417 422 559 
559 418 32 513 111 20 1 417 422 559 
559 418 422 32 513 1 111 417 420 424 559 
559 418 32 513 1 111 20 417 422 420 160 559 
559 418 32 513 111 1 417 422 559 
559 418 422 32 513 111 1 417 420 424 559 
559 418 422 32 513 111 1 417 420 424 559 
559 418 420 424 32 513 1 111 417 160 559 
559 418 420 424 32 513 111 1 417 160 559 
559 418 420 424 32 513 111 1 417 160 559 
559 420 138 160 164 424 422 32 513 1 111 417 559 
559 420 138 160 164 424 422 32 513 111 1 417 559 
559 420 138 160 164 424 422 32 513 111 1 417 559 
559 420 424 32 513 111 1 417 160 418 559 
559 420 424 422 32 513 111 1 417 164 138 160 418 559 
559 422 32 513 111 1 417 420 424 418 559 
559 420 424 32 513 111 1 417 160 418 559 
559 420 424 32 513 1 111 417 160 418 559 
559 420 32 513 1 111 417 160 418 559 
559 420 422 32 513 1 111 417 160 418 559 
559 422 32 513 1 111 417 420 424 418 559 
559 32 513 1 20 111 417 422 418 559 
559 32 513 111 20 1 417 422 418 559 
559 32 513 1 111 20 417 422 420 160 418 559 
559 32 513 111 1 417 422 418 559 
559 418 160 420 138 164 424 422 417 1 111 20 513 413 559 
559 418 160 420 138 164 424 422 417 20 111 1 513 413 559 
559 418 160 420 138 164 424 422 417 1 20 111 513 413 559 
559 418 160 420 138 164 424 422 417 111 20 1 513 413 559 
559 160 420 138 164 424 422 417 1 20 111 513 413 418 559 
559 160 420 138 164 424 422 417 1 111 20 513 413 418 559 
559 160 420 138 164 424 422 417 20 111 1 513 413 418 559 
559 160 420 138 164 424 422 417 111 20 1 513 413 418 559 
559 418 420 138 160 164 424 422 417 1 111 20 513 413 559 
559 418 420 138 160 164 424 422 417 1 20 111 513 413 559 
559 418 420 138 160 164 424 422 417 111 20 1 513 413 559 
559 418 420 138 160 164 424 422 417 20 111 1 513 413 559 
559 422 110 419 138 160 420 418 559 
559 418 422 110 419 138 160 420 559 
559 418 419 138 160 420 424 164 422 559 
559 419 138 160 420 424 164 422 418 559 
559 418 32 513 422 424 164 423 419 138 160 420 559 
559 32 513 422 424 164 423 419 138 160 420 418 559 
559 418 422 110 111 1 559 
559 418 422 110 111 1 559 
559 422 110 111 1 418 559 
559 422 110 111 1 418 559 
559 418 32 513 111 20 1 417 422 559 
559 418 422 32 513 111 1 417 164 138 160 420 559 
559 418 32 513 1 20 111 417 422 559 
559 420 418 32 513 111 1 417 160 559 
559 418 420 424 422 32 513 1 111 417 160 559 
559 418 420 424 422 32 513 111 1 417 160 559 
559 418 420 424 422 32 513 1 111 417 160 559 
559 420 418 32 513 111 1 417 160 559 
559 420 418 32 513 1 111 417 160 559 
559 420 418 422 32 513 1 111 417 160 559 
559 420 418 422 32 513 111 1 417 160 559 
559 420 418 422 32 513 1 111 417 160 559 
559 420 418 32 513 1 111 417 160 559 
559 420 418 422 32 513 111 1 417 160 559 
559 160 420 138 164 424 32 513 111 1 417 559 
559 160 420 138 164 424 422 32 513 111 1 417 559 
559 160 420 138 164 424 422 32 513 1 111 417 559 
559 32 513 111 20 1 417 422 418 559 
559 422 32 513 1 111 417 160 420 418 559 
559 422 32 513 111 1 417 164 138 160 420 418 559 
559 422 32 513 111 1 417 164 138 160 420 418 559 
559 420 422 32 513 111 1 417 160 418 559 
559 420 424 422 32 513 111 1 417 164 138 160 418 559 
559 420 424 422 32 513 1 111 417 164 138 160 418 559 
559 422 32 513 1 111 417 420 424 418 559 
559 422 32 513 1 111 417 160 420 418 559 
559 420 422 32 513 1 111 417 160 418 559 
559 418 160 420 138 164 424 32 513 111 1 417 559 
559 418 160 420 138 164 424 422 32 513 1 111 417 559 
559 418 160 420 138 164 424 422 32 513 1 111 417 559 
559 32 513 111 1 417 422 418 559 
559 32 513 1 20 111 417 422 418 559 
559 160 420 138 164 424 32 513 1 111 417 559 
559 160 420 138 164 424 422 32 513 1 111 417 559 
559 420 424 32 513 1 111 417 160 418 559 
559 420 424 422 32 513 1 111 417 164 138 160 418 559 
559 420 32 513 111 1 417 164 138 160 418 559 
559 420 32 513 1 111 417 160 418 559 
559 420 422 32 513 111 1 417 160 418 559 
559 420 422 32 513 1 111 417 160 418 559 
559 420 424 32 513 1 111 417 160 418 559 
559 420 32 513 1 111 417 160 418 559 
559 422 32 513 1 111 417 420 424 418 559 
559 418 420 424 32 513 1 111 417 160 559 
559 418 422 32 513 1 111 417 420 424 559 
559 418 422 32 513 1 111 417 420 424 559 
559 418 422 32 513 1 111 417 160 420 559 
559 418 32 513 111 1 417 422 559 
559 418 32 513 1 111 20 417 422 420 559 
559 160 420 138 164 424 422 32 513 111 1 417 559 
559 418 160 420 138 164 424 422 32 513 111 1 417 559 
559 418 160 420 138 164 424 422 32 513 111 1 417 559 
559 420 424 32 513 111 1 417 160 418 559 
559 420 32 513 111 1 417 164 138 160 418 559 
559 160 420 138 164 424 32 513 111 1 417 559 
559 420 424 422 32 513 111 1 417 164 138 160 418 559 
559 418 160 420 138 164 424 32 513 111 1 417 559 
559 418 424 164 138 160 420 32 513 111 1 417 559 
559 418 424 164 138 160 420 32 513 111 1 417 559 
559 418 424 164 138 160 420 32 513 1 111 417 559 
559 418 160 420 138 164 424 32 513 1 111 417 559 
559 418 160 420 138 164 424 32 513 1 111 417 559 
559 418 424 164 138 160 420 32 513 1 111 417 559 
559 418 420 424 422 32 513 111 1 417 160 559 
559 418 422 32 513 111 1 417 420 424 559 
559 418 422 32 513 111 1 417 420 424 559 
559 418 422 32 513 111 1 417 164 138 160 420 559 
559 418 422 32 513 1 111 417 160 420 559 
559 418 420 424 32 513 1 111 417 160 559 
559 418 420 424 32 513 111 1 417 160 559 
559 420 424 32 513 111 1 417 160 418 559 
559 422 32 513 111 1 417 420 424 418 559 
559 32 513 111 20 1 417 422 418 559 
559 32 513 1 20 111 417 422 418 559 
559 418 32 513 1 20 111 417 422 559 
559 418 32 513 111 20 1 417 422 559 
559 418 32 513 111 1 417 422 559 
559 418 32 513 1 111 20 417 422 420 160 559 
559 420 138 160 164 424 422 32 513 1 111 417 559 
559 418 420 138 160 164 424 422 32 513 1 111 417 559 
559 418 420 138 160 164 424 422 32 513 111 1 417 559 
559 418 420 138 160 164 424 422 32 513 1 111 417 559 
559 418 420 138 160 164 424 422 32 513 111 1 417 559 
559 160 420 138 164 424 32 513 1 111 417 559 
559 418 160 420 138 164 424 422 417 111 20 1 513 413 559 
559 418 160 420 138 164 424 422 417 1 20 111 513 413 559 
559 418 160 420 138 164 424 422 417 1 111 20 513 413 559 
559 418 160 420 138 164 424 422 417 20 111 1 513 413 559 
559 160 420 138 164 424 422 417 1 111 20 513 413 418 559 
559 160 420 138 164 424 422 417 111 20 1 513 413 418 559 
559 160 420 138 164 424 422 417 20 111 1 513 413 418 559 
559 160 420 138 164 424 422 417 1 20 111 513 413 418 559 
