n 64
m 1
tmax 13
0.000	-7.000	0  0.0
-1.000	-6.000	6  24.0
1.000	-6.000	6  42.0
-2.000	-5.000	12  30.0
0.000	-5.000	6  6.0
2.000	-5.000	12  24.0
-3.000	-4.000	18  30.0
-1.000	-4.000	12  30.0
1.000	-4.000	12  30.0
3.000	-4.000	18  24.0
-4.000	-3.000	24  24.0
-2.000	-3.000	18  42.0
0.000	-3.000	12  12.0
2.000	-3.000	18  24.0
4.000	-3.000	24  36.0
-5.000	-2.000	30  24.0
-3.000	-2.000	24  12.0
-1.000	-2.000	18  24.0
1.000	-2.000	18  30.0
3.000	-2.000	24  18.0
5.000	-2.000	30  36.0
-6.000	-1.000	36  6.0
-4.000	-1.000	30  30.0
-2.000	-1.000	24  36.0
0.000	-1.000	18  24.0
2.000	-1.000	24  6.0
4.000	-1.000	30  30.0
6.000	-1.000	36  36.0
-7.000	0.000	42  24.0
-5.000	0.000	36  12.0
-3.000	0.000	30  24.0
-1.000	0.000	24  6.0
1.000	0.000	24  24.0
3.000	0.000	30  36.0
5.000	0.000	36  6.0
7.000	0.000	42  18.0
-6.000	1.000	36  18.0
-4.000	1.000	30  18.0
-2.000	1.000	24  18.0
0.000	1.000	18  18.0
2.000	1.000	24  12.0
4.000	1.000	30  18.0
6.000	1.000	36  6.0
-5.000	2.000	30  18.0
-3.000	2.000	24  24.0
-1.000	2.000	18  12.0
1.000	2.000	18  18.0
3.000	2.000	24  12.0
5.000	2.000	30  12.0
-4.000	3.000	24  24.0
-2.000	3.000	18  18.0
0.000	3.000	12  12.0
2.000	3.000	18  30.0
4.000	3.000	24  18.0
-3.000	4.000	18  36.0
-1.000	4.000	12  12.0
1.000	4.000	12  18.0
3.000	4.000	18  30.0
-2.000	5.000	12  24.0
0.000	5.000	6  18.0
2.000	5.000	12  18.0
-1.000	6.000	6  30.0
1.000	6.000	6  12.0
0.000	7.000	0  0.0
