n 100
m 1
tmax 10
9.10	3.16	0  0.0
7.76	14.02	7  13.0
4.50	14.01	5  1.0
8.47	1.05	24  21.0
4.32	9.93	3  16.0
9.22	14.97	23  8.0
1.97	5.39	3  5.0
7.39	3.81	26  16.0
1.21	12.53	24  8.0
9.21	5.94	16  13.0
7.46	8.62	21  27.0
3.57	0.24	6  1.0
6.72	12.38	17  9.0
8.77	14.72	27  21.0
8.36	4.75	27  20.0
6.19	13.33	1  21.0
12.85	3.17	6  27.0
5.81	12.00	27  24.0
5.12	1.51	23  18.0
1.77	13.08	18  4.0
8.93	9.68	13  1.0
1.89	3.92	1  6.0
7.10	9.82	13  11.0
7.94	2.77	21  16.0
0.66	9.66	23  13.0
10.25	12.67	16  19.0
8.38	9.92	8  23.0
13.75	8.83	24  7.0
9.71	10.34	15  5.0
10.25	7.02	24  28.0
10.45	3.84	8  6.0
1.38	12.70	5  18.0
8.05	9.87	3  13.0
0.22	0.56	9  11.0
6.79	4.71	11  17.0
0.15	4.58	7  28.0
0.23	11.68	10  17.0
11.35	11.57	13  1.0
9.56	10.10	13  17.0
3.50	10.72	8  21.0
14.44	0.43	24  2.0
9.80	1.06	14  24.0
11.39	7.71	27  5.0
6.76	4.03	1  5.0
0.26	5.53	5  3.0
2.16	11.56	20  29.0
9.84	12.81	5  10.0
8.16	1.87	3  16.0
3.57	12.95	13  24.0
0.52	6.74	6  24.0
8.73	1.28	28  1.0
11.75	8.88	5  23.0
5.98	7.58	17  23.0
11.43	7.43	2  24.0
14.24	3.04	23  13.0
3.26	9.71	17  22.0
13.43	12.91	6  3.0
10.74	5.15	21  2.0
14.54	1.31	18  5.0
11.27	9.13	14  1.0
2.23	3.93	7  14.0
10.81	11.58	4  3.0
3.41	10.55	13  15.0
3.24	1.23	25  2.0
13.35	1.72	27  14.0
3.52	14.06	1  25.0
10.15	1.93	2  23.0
8.51	6.17	17  8.0
0.10	12.40	3  24.0
6.99	9.25	4  3.0
0.94	1.67	13  24.0
7.13	11.92	1  7.0
13.61	5.99	16  2.0
11.03	3.87	10  7.0
1.54	10.52	13  1.0
6.33	13.01	3  13.0
1.85	7.17	21  4.0
13.47	6.53	24  13.0
0.79	9.92	19  5.0
9.51	7.18	13  24.0
7.12	9.40	19  27.0
10.25	6.80	8  26.0
1.65	8.93	1  6.0
14.36	10.46	29  13.0
3.75	3.30	24  17.0
6.10	8.06	1  27.0
8.76	0.49	10  10.0
5.18	3.09	11  8.0
6.81	10.56	17  27.0
0.13	7.19	13  3.0
6.29	13.32	16  13.0
10.79	12.04	2  6.0
7.25	0.15	22  10.0
12.80	11.46	2  8.0
5.46	2.07	8  3.0
13.33	10.02	28  17.0
9.32	2.15	24  13.0
3.65	8.14	12  19.0
2.17	4.76	5  12.0
1.19	9.13	0  0.0
