891
235.0 292.0 
220.0 269.0 
235.0 268.0 
220.0 286.0 
230.0 277.0 
250.0 274.0 
230.0 277.0 
245.0 280.0 
240.0 288.0 
215.0 271.0 
240.0 289.0 
220.0 269.0 
210.0 276.0 
230.0 277.0 
210.0 276.0 
220.0 288.0 
250.0 297.0 
260.0 309.0 
230.0 257.0 
215.0 277.0 
255.0 273.0 
255.0 270.0 
250.0 257.0 
230.0 279.0 
220.0 266.0 
255.0 253.0 
235.0 270.0 
235.0 276.0 
225.0 261.0 
260.0 269.0 
215.0 270.0 
250.0 257.0 
220.0 269.0 
220.0 269.0 
230.0 277.0 
220.0 286.0 
210.0 276.0 
235.0 292.0 
230.0 257.0 
215.0 271.0 
235.0 268.0 
230.0 277.0 
245.0 280.0 
250.0 274.0 
250.0 297.0 
255.0 270.0 
255.0 274.0 
210.0 276.0 
255.0 274.0 
220.0 288.0 
230.0 277.0 
240.0 288.0 
240.0 289.0 
230.0 279.0 
235.0 276.0 
225.0 261.0 
220.0 266.0 
215.0 270.0 
230.0 276.0 
260.0 269.0 
250.0 257.0 
220.0 269.0 
220.0 286.0 
235.0 292.0 
220.0 269.0 
230.0 277.0 
230.0 257.0 
210.0 276.0 
220.0 288.0 
210.0 276.0 
245.0 280.0 
245.0 282.0 
250.0 274.0 
230.0 277.0 
235.0 268.0 
215.0 271.0 
240.0 289.0 
240.0 288.0 
255.0 273.0 
250.0 257.0 
255.0 274.0 
250.0 297.0 
230.0 277.0 
260.0 309.0 
230.0 279.0 
215.0 270.0 
235.0 276.0 
250.0 257.0 
235.0 270.0 
260.0 269.0 
230.0 276.0 
225.0 261.0 
235.0 247.0 
225.0 261.0 
220.0 266.0 
215.0 253.0 
235.0 292.0 
220.0 269.0 
220.0 269.0 
210.0 276.0 
230.0 277.0 
220.0 286.0 
250.0 274.0 
245.0 280.0 
240.0 288.0 
250.0 297.0 
220.0 288.0 
260.0 309.0 
235.0 268.0 
210.0 276.0 
215.0 271.0 
230.0 277.0 
245.0 282.0 
230.0 277.0 
240.0 289.0 
230.0 257.0 
255.0 274.0 
255.0 274.0 
230.0 279.0 
220.0 266.0 
215.0 270.0 
225.0 261.0 
235.0 276.0 
235.0 270.0 
260.0 269.0 
255.0 253.0 
230.0 276.0 
210.0 276.0 
220.0 269.0 
230.0 277.0 
230.0 277.0 
220.0 269.0 
250.0 274.0 
215.0 271.0 
240.0 288.0 
235.0 292.0 
220.0 286.0 
250.0 297.0 
240.0 289.0 
245.0 280.0 
235.0 268.0 
220.0 288.0 
210.0 276.0 
230.0 257.0 
215.0 277.0 
260.0 309.0 
255.0 274.0 
255.0 273.0 
230.0 277.0 
230.0 279.0 
235.0 276.0 
235.0 270.0 
250.0 257.0 
220.0 266.0 
215.0 270.0 
245.0 281.0 
225.0 261.0 
255.0 253.0 
235.0 247.0 
210.0 276.0 
235.0 292.0 
255.0 274.0 
230.0 277.0 
220.0 269.0 
230.0 277.0 
220.0 288.0 
210.0 276.0 
220.0 269.0 
220.0 286.0 
215.0 271.0 
245.0 280.0 
250.0 274.0 
230.0 257.0 
240.0 288.0 
260.0 309.0 
215.0 277.0 
235.0 268.0 
250.0 297.0 
240.0 289.0 
255.0 273.0 
230.0 277.0 
230.0 279.0 
235.0 276.0 
220.0 266.0 
260.0 269.0 
215.0 253.0 
225.0 261.0 
215.0 270.0 
230.0 276.0 
225.0 261.0 
245.0 281.0 
235.0 292.0 
245.0 280.0 
220.0 288.0 
250.0 274.0 
230.0 277.0 
220.0 269.0 
210.0 276.0 
215.0 271.0 
220.0 286.0 
220.0 269.0 
240.0 288.0 
235.0 268.0 
230.0 257.0 
240.0 289.0 
210.0 276.0 
230.0 277.0 
245.0 282.0 
230.0 277.0 
255.0 273.0 
250.0 297.0 
250.0 297.0 
230.0 279.0 
235.0 276.0 
215.0 270.0 
260.0 269.0 
235.0 270.0 
220.0 267.0 
250.0 257.0 
225.0 261.0 
250.0 274.0 
230.0 277.0 
235.0 292.0 
220.0 286.0 
210.0 276.0 
220.0 269.0 
240.0 288.0 
215.0 271.0 
210.0 276.0 
245.0 280.0 
220.0 269.0 
220.0 288.0 
230.0 277.0 
240.0 289.0 
235.0 268.0 
260.0 309.0 
215.0 277.0 
230.0 257.0 
230.0 277.0 
255.0 274.0 
250.0 297.0 
250.0 297.0 
230.0 279.0 
235.0 276.0 
215.0 270.0 
235.0 247.0 
260.0 269.0 
235.0 270.0 
225.0 261.0 
220.0 266.0 
220.0 269.0 
235.0 292.0 
250.0 274.0 
235.0 268.0 
215.0 271.0 
230.0 277.0 
230.0 257.0 
220.0 286.0 
210.0 276.0 
220.0 269.0 
250.0 297.0 
230.0 277.0 
210.0 276.0 
240.0 288.0 
255.0 273.0 
245.0 280.0 
220.0 288.0 
250.0 257.0 
230.0 277.0 
255.0 274.0 
250.0 297.0 
240.0 289.0 
230.0 279.0 
220.0 266.0 
235.0 270.0 
235.0 276.0 
260.0 269.0 
245.0 281.0 
225.0 261.0 
215.0 270.0 
225.0 261.0 
255.0 253.0 
215.0 253.0 
235.0 292.0 
220.0 269.0 
210.0 276.0 
230.0 277.0 
230.0 277.0 
235.0 268.0 
240.0 288.0 
210.0 276.0 
250.0 274.0 
215.0 277.0 
220.0 269.0 
220.0 286.0 
215.0 271.0 
230.0 257.0 
240.0 289.0 
245.0 280.0 
230.0 277.0 
220.0 288.0 
250.0 297.0 
255.0 273.0 
250.0 297.0 
230.0 279.0 
220.0 266.0 
235.0 276.0 
225.0 261.0 
235.0 270.0 
245.0 281.0 
225.0 261.0 
260.0 269.0 
255.0 253.0 
215.0 270.0 
250.0 257.0 
260.0 291.0 
240.0 288.0 
260.0 309.0 
255.0 273.0 
255.0 273.0 
245.0 280.0 
255.0 274.0 
215.0 271.0 
240.0 289.0 
255.0 274.0 
230.0 277.0 
230.0 277.0 
250.0 297.0 
220.0 269.0 
220.0 269.0 
220.0 288.0 
210.0 276.0 
210.0 276.0 
250.0 257.0 
255.0 270.0 
230.0 257.0 
230.0 277.0 
245.0 282.0 
215.0 277.0 
235.0 292.0 
220.0 286.0 
250.0 297.0 
250.0 258.0 
235.0 268.0 
250.0 274.0 
230.0 274.0 
230.0 279.0 
235.0 276.0 
215.0 253.0 
260.0 269.0 
220.0 266.0 
235.0 270.0 
250.0 257.0 
215.0 256.0 
220.0 267.0 
215.0 270.0 
225.0 261.0 
230.0 276.0 
245.0 281.0 
255.0 253.0 
235.0 247.0 
225.0 261.0 
250.0 297.0 
230.0 277.0 
240.0 288.0 
215.0 271.0 
255.0 274.0 
220.0 269.0 
210.0 276.0 
255.0 273.0 
220.0 269.0 
215.0 277.0 
210.0 276.0 
230.0 277.0 
250.0 297.0 
260.0 309.0 
230.0 277.0 
255.0 273.0 
245.0 280.0 
230.0 257.0 
240.0 289.0 
255.0 274.0 
220.0 286.0 
235.0 292.0 
220.0 288.0 
255.0 270.0 
250.0 274.0 
235.0 268.0 
260.0 291.0 
250.0 258.0 
250.0 257.0 
245.0 282.0 
245.0 282.0 
255.0 292.0 
245.0 282.0 
245.0 280.0 
260.0 270.0 
230.0 277.0 
235.0 293.0 
215.0 271.0 
225.0 283.0 
235.0 293.0 
260.0 269.0 
240.0 251.0 
255.0 270.0 
255.0 253.0 
255.0 254.0 
230.0 258.0 
230.0 283.0 
240.0 292.0 
225.0 286.0 
230.0 277.0 
220.0 268.0 
235.0 273.0 
240.0 288.0 
235.0 272.0 
240.0 288.0 
220.0 266.0 
235.0 276.0 
245.0 281.0 
235.0 270.0 
215.0 253.0 
215.0 270.0 
215.0 256.0 
250.0 257.0 
230.0 276.0 
220.0 267.0 
255.0 253.0 
235.0 247.0 
260.0 269.0 
225.0 261.0 
230.0 257.0 
245.0 280.0 
215.0 271.0 
240.0 289.0 
250.0 297.0 
255.0 273.0 
220.0 269.0 
220.0 269.0 
210.0 276.0 
230.0 277.0 
230.0 277.0 
230.0 277.0 
240.0 288.0 
220.0 288.0 
215.0 277.0 
210.0 276.0 
220.0 286.0 
235.0 292.0 
255.0 270.0 
250.0 274.0 
260.0 291.0 
255.0 274.0 
255.0 274.0 
255.0 273.0 
250.0 297.0 
235.0 268.0 
250.0 257.0 
260.0 309.0 
245.0 282.0 
250.0 258.0 
230.0 258.0 
245.0 280.0 
260.0 270.0 
230.0 277.0 
235.0 293.0 
215.0 271.0 
240.0 292.0 
255.0 270.0 
255.0 254.0 
260.0 269.0 
235.0 293.0 
225.0 286.0 
230.0 283.0 
235.0 273.0 
245.0 282.0 
245.0 282.0 
255.0 253.0 
225.0 283.0 
220.0 268.0 
240.0 251.0 
230.0 277.0 
240.0 288.0 
235.0 272.0 
240.0 288.0 
255.0 292.0 
260.0 269.0 
250.0 257.0 
220.0 266.0 
215.0 270.0 
235.0 276.0 
225.0 261.0 
230.0 276.0 
220.0 267.0 
215.0 253.0 
235.0 247.0 
255.0 253.0 
225.0 261.0 
245.0 281.0 
235.0 270.0 
215.0 271.0 
255.0 274.0 
245.0 280.0 
230.0 257.0 
230.0 277.0 
245.0 282.0 
255.0 273.0 
255.0 273.0 
230.0 277.0 
240.0 288.0 
260.0 309.0 
250.0 297.0 
230.0 277.0 
250.0 297.0 
220.0 269.0 
220.0 269.0 
220.0 288.0 
250.0 257.0 
255.0 270.0 
250.0 274.0 
210.0 276.0 
210.0 276.0 
235.0 292.0 
220.0 286.0 
240.0 289.0 
255.0 274.0 
215.0 277.0 
260.0 291.0 
250.0 258.0 
235.0 268.0 
230.0 274.0 
245.0 280.0 
230.0 279.0 
245.0 281.0 
260.0 269.0 
235.0 276.0 
230.0 276.0 
220.0 266.0 
235.0 270.0 
255.0 253.0 
235.0 247.0 
215.0 270.0 
215.0 253.0 
215.0 256.0 
225.0 261.0 
250.0 257.0 
220.0 267.0 
215.0 271.0 
220.0 269.0 
230.0 277.0 
230.0 277.0 
255.0 270.0 
255.0 273.0 
245.0 280.0 
220.0 286.0 
250.0 257.0 
255.0 273.0 
230.0 257.0 
220.0 269.0 
215.0 277.0 
220.0 288.0 
235.0 292.0 
210.0 276.0 
210.0 276.0 
240.0 288.0 
230.0 277.0 
245.0 282.0 
250.0 297.0 
260.0 309.0 
255.0 274.0 
255.0 274.0 
240.0 289.0 
260.0 291.0 
250.0 274.0 
235.0 268.0 
250.0 297.0 
250.0 258.0 
230.0 279.0 
235.0 276.0 
220.0 266.0 
235.0 270.0 
230.0 276.0 
220.0 267.0 
215.0 270.0 
215.0 256.0 
215.0 253.0 
250.0 257.0 
225.0 261.0 
260.0 269.0 
255.0 253.0 
235.0 247.0 
225.0 261.0 
245.0 281.0 
245.0 281.0 
230.0 277.0 
255.0 273.0 
215.0 271.0 
245.0 280.0 
230.0 277.0 
240.0 288.0 
215.0 277.0 
220.0 288.0 
210.0 276.0 
250.0 297.0 
230.0 277.0 
235.0 268.0 
230.0 257.0 
210.0 276.0 
220.0 269.0 
220.0 286.0 
235.0 292.0 
220.0 269.0 
250.0 297.0 
260.0 309.0 
250.0 257.0 
255.0 270.0 
250.0 274.0 
240.0 289.0 
255.0 273.0 
250.0 258.0 
255.0 274.0 
255.0 274.0 
245.0 282.0 
260.0 291.0 
230.0 279.0 
215.0 256.0 
220.0 266.0 
235.0 270.0 
250.0 257.0 
215.0 270.0 
215.0 253.0 
230.0 276.0 
220.0 267.0 
235.0 276.0 
260.0 269.0 
255.0 253.0 
235.0 247.0 
225.0 261.0 
255.0 274.0 
230.0 277.0 
250.0 297.0 
260.0 309.0 
240.0 288.0 
255.0 270.0 
235.0 268.0 
230.0 257.0 
245.0 280.0 
210.0 276.0 
215.0 271.0 
240.0 289.0 
230.0 277.0 
255.0 273.0 
255.0 273.0 
215.0 277.0 
220.0 269.0 
220.0 269.0 
230.0 277.0 
245.0 282.0 
250.0 297.0 
255.0 274.0 
235.0 292.0 
220.0 286.0 
210.0 276.0 
220.0 288.0 
250.0 257.0 
260.0 291.0 
250.0 258.0 
250.0 274.0 
235.0 293.0 
215.0 271.0 
260.0 269.0 
255.0 253.0 
245.0 280.0 
260.0 270.0 
230.0 277.0 
220.0 268.0 
255.0 270.0 
255.0 254.0 
230.0 283.0 
235.0 293.0 
240.0 292.0 
230.0 258.0 
225.0 286.0 
225.0 283.0 
255.0 292.0 
245.0 282.0 
245.0 282.0 
240.0 288.0 
235.0 273.0 
240.0 251.0 
230.0 277.0 
255.0 253.0 
235.0 247.0 
260.0 269.0 
235.0 276.0 
215.0 270.0 
235.0 270.0 
250.0 257.0 
225.0 261.0 
220.0 266.0 
215.0 253.0 
230.0 276.0 
220.0 267.0 
215.0 256.0 
230.0 277.0 
255.0 273.0 
255.0 273.0 
220.0 269.0 
210.0 276.0 
215.0 271.0 
240.0 289.0 
255.0 274.0 
255.0 274.0 
230.0 277.0 
240.0 288.0 
260.0 309.0 
250.0 297.0 
220.0 269.0 
210.0 276.0 
215.0 277.0 
220.0 288.0 
235.0 292.0 
245.0 280.0 
230.0 257.0 
250.0 297.0 
220.0 286.0 
235.0 268.0 
250.0 274.0 
230.0 277.0 
245.0 282.0 
250.0 258.0 
260.0 291.0 
255.0 270.0 
250.0 257.0 
210.0 276.0 
230.0 279.0 
220.0 266.0 
235.0 270.0 
215.0 270.0 
215.0 256.0 
220.0 267.0 
250.0 257.0 
215.0 253.0 
255.0 253.0 
235.0 247.0 
260.0 269.0 
235.0 276.0 
230.0 276.0 
245.0 281.0 
225.0 261.0 
230.0 277.0 
240.0 288.0 
230.0 277.0 
220.0 269.0 
255.0 273.0 
255.0 273.0 
215.0 271.0 
260.0 309.0 
250.0 297.0 
220.0 288.0 
215.0 277.0 
210.0 276.0 
210.0 276.0 
235.0 292.0 
230.0 277.0 
250.0 297.0 
245.0 282.0 
250.0 257.0 
235.0 268.0 
250.0 274.0 
245.0 280.0 
220.0 269.0 
220.0 286.0 
230.0 257.0 
255.0 270.0 
240.0 289.0 
255.0 274.0 
255.0 274.0 
260.0 291.0 
250.0 258.0 
260.0 269.0 
260.0 270.0 
230.0 277.0 
245.0 280.0 
235.0 293.0 
240.0 292.0 
215.0 271.0 
235.0 293.0 
230.0 283.0 
225.0 283.0 
255.0 270.0 
255.0 254.0 
255.0 253.0 
245.0 282.0 
255.0 292.0 
225.0 286.0 
220.0 268.0 
230.0 277.0 
240.0 288.0 
235.0 273.0 
245.0 282.0 
240.0 288.0 
235.0 272.0 
230.0 277.0 
230.0 258.0 
240.0 251.0 
235.0 276.0 
260.0 269.0 
215.0 253.0 
215.0 270.0 
250.0 257.0 
220.0 266.0 
235.0 270.0 
225.0 261.0 
245.0 281.0 
220.0 267.0 
215.0 256.0 
235.0 247.0 
255.0 253.0 
225.0 261.0 
230.0 276.0 
230.0 277.0 
240.0 288.0 
260.0 309.0 
250.0 297.0 
255.0 273.0 
255.0 273.0 
220.0 269.0 
245.0 280.0 
215.0 271.0 
240.0 289.0 
230.0 257.0 
220.0 269.0 
210.0 276.0 
220.0 288.0 
235.0 292.0 
220.0 286.0 
230.0 277.0 
245.0 282.0 
255.0 274.0 
255.0 274.0 
230.0 277.0 
250.0 297.0 
210.0 276.0 
250.0 274.0 
235.0 268.0 
250.0 258.0 
260.0 291.0 
255.0 270.0 
250.0 257.0 
215.0 277.0 
245.0 282.0 
260.0 269.0 
245.0 280.0 
235.0 293.0 
240.0 292.0 
225.0 283.0 
235.0 293.0 
215.0 271.0 
255.0 253.0 
245.0 282.0 
255.0 292.0 
255.0 270.0 
260.0 270.0 
230.0 258.0 
230.0 277.0 
220.0 268.0 
255.0 254.0 
225.0 286.0 
230.0 283.0 
230.0 277.0 
240.0 251.0 
240.0 288.0 
240.0 288.0 
235.0 273.0 
235.0 272.0 
230.0 276.0 
260.0 269.0 
250.0 257.0 
220.0 266.0 
235.0 270.0 
235.0 276.0 
215.0 253.0 
215.0 270.0 
255.0 253.0 
235.0 247.0 
215.0 256.0 
220.0 267.0 
245.0 281.0 
225.0 261.0 
225.0 261.0 

0 27 28 16 14 13 3 4 17 12 5 6 2 1 7 8 9 10 11 20 21 22 24 25 30 19 18 31 
0 17 27 28 16 14 13 3 4 5 12 6 2 1 7 8 9 10 11 20 21 22 24 25 18 31 
0 17 27 28 16 14 13 3 4 5 6 2 1 7 9 10 11 20 21 22 23 24 29 30 19 18 31 
0 27 28 16 14 13 3 4 17 12 5 6 2 1 7 8 9 10 11 20 21 22 24 30 19 18 31 
0 18 19 26 30 29 25 24 23 22 21 20 11 10 9 8 7 1 2 6 12 5 4 3 14 17 31 
0 17 27 28 16 14 13 3 4 5 6 2 1 7 9 10 11 20 21 22 23 24 25 29 30 19 18 31 
0 18 19 26 30 29 25 24 23 22 21 20 11 10 9 7 8 12 1 2 6 5 4 3 14 17 31 
0 17 27 28 16 14 13 3 4 5 6 2 1 7 8 9 10 11 20 21 22 23 24 25 29 19 18 31 
0 18 19 26 30 29 25 24 23 22 21 20 11 10 9 7 8 12 5 6 1 2 4 3 14 27 17 31 
0 17 5 12 18 19 26 30 29 25 24 23 22 21 20 11 10 9 8 7 1 2 6 4 16 31 
0 17 5 12 18 19 26 25 30 29 24 23 22 21 20 11 10 9 8 7 1 2 6 4 3 14 28 31 
0 17 27 28 16 14 13 3 4 5 12 6 2 1 7 8 9 10 11 20 21 22 24 25 18 31 
0 17 27 28 16 14 13 3 4 5 6 2 1 12 8 7 9 10 11 20 21 22 24 19 18 31 
0 18 19 26 30 29 25 24 23 22 21 20 11 10 9 7 8 12 5 1 2 6 4 3 14 17 31 
0 17 27 28 16 14 13 3 4 5 6 2 1 12 8 7 9 10 11 20 21 22 24 19 18 31 
0 17 27 28 16 14 13 3 4 2 1 6 5 12 8 7 9 10 11 20 21 22 25 30 19 18 31 
0 18 19 26 25 30 29 24 23 22 21 20 11 10 9 8 7 1 2 6 12 5 4 3 14 16 27 17 31 
0 18 19 26 25 30 29 24 23 22 21 20 11 10 9 7 8 12 5 6 1 2 4 3 14 16 28 27 17 31 
0 17 27 28 16 14 13 3 4 5 6 2 1 7 8 9 10 11 20 21 22 23 24 29 30 31 
0 17 27 28 16 14 13 3 4 2 1 6 5 12 8 7 9 10 11 20 21 22 25 26 18 31 
0 27 28 16 14 13 3 4 5 6 2 1 7 8 9 10 11 20 21 22 23 24 29 30 25 26 18 31 
0 27 28 16 14 13 3 4 5 6 2 1 7 9 10 11 20 21 22 23 24 25 29 30 26 19 18 31 
0 27 28 16 14 13 3 4 5 6 2 1 7 9 10 11 20 21 22 23 24 29 30 25 26 18 31 
0 18 19 26 30 29 25 24 23 22 21 20 11 10 9 8 7 1 12 5 6 4 3 14 16 17 31 
0 12 18 19 26 30 29 25 24 23 22 21 20 11 10 9 8 7 1 2 6 5 4 16 27 31 
0 27 28 16 15 14 13 3 4 5 6 2 1 7 9 10 11 20 21 22 23 24 25 30 26 18 31 
0 12 18 19 26 25 30 29 24 23 22 21 20 11 10 9 8 7 1 2 6 5 4 3 14 16 31 
0 27 28 16 15 14 13 3 4 5 6 2 1 12 8 7 9 10 11 20 21 22 25 30 26 18 31 
0 18 19 26 30 29 25 24 23 22 21 20 11 10 9 7 8 12 1 2 6 5 4 3 14 31 
0 27 28 16 15 14 13 3 4 5 6 2 1 7 8 9 10 11 20 21 22 23 24 25 30 26 18 31 
0 27 28 16 15 14 13 3 4 5 6 2 1 12 8 7 9 10 11 20 21 22 29 19 18 31 
0 27 28 16 15 14 13 3 4 5 6 2 1 7 8 9 10 11 20 21 22 23 24 30 25 18 31 
0 17 27 28 16 14 13 3 4 5 12 6 2 1 7 8 9 10 11 20 21 22 24 25 18 31 
0 17 27 28 16 14 13 3 4 5 12 6 2 1 7 8 9 10 11 20 21 22 24 25 18 31 
0 18 19 26 30 29 25 24 23 22 21 20 11 10 9 8 7 1 2 6 12 5 4 3 14 17 31 
0 27 28 16 14 13 3 4 17 12 5 6 2 1 7 8 9 10 11 20 21 22 24 30 19 18 31 
0 17 27 28 16 14 13 3 4 5 6 2 1 12 8 7 9 10 11 20 21 22 24 19 18 31 
0 27 28 16 14 13 3 4 17 12 5 6 2 1 7 8 9 10 11 20 21 22 24 25 30 19 18 31 
0 17 27 28 16 14 13 3 4 5 6 2 1 7 8 9 10 11 20 21 22 23 24 29 30 31 
0 17 5 12 18 19 26 30 29 25 24 23 22 21 20 11 10 9 8 7 1 2 6 4 16 31 
0 17 27 28 16 14 13 3 4 5 6 2 1 7 9 10 11 20 21 22 23 24 29 30 19 18 31 
0 18 19 26 30 29 25 24 23 22 21 20 11 10 9 7 8 12 1 2 6 5 4 3 14 17 31 
0 17 27 28 16 14 13 3 4 5 6 2 1 7 8 9 10 11 20 21 22 23 24 25 29 19 18 31 
0 17 27 28 16 14 13 3 4 5 6 2 1 7 9 10 11 20 21 22 23 24 25 29 30 19 18 31 
0 18 19 26 25 30 29 24 23 22 21 20 11 10 9 8 7 1 2 6 12 5 4 3 14 16 27 17 31 
0 27 28 16 14 13 3 4 5 6 2 1 7 9 10 11 20 21 22 23 24 25 29 30 26 19 18 31 
0 27 28 16 14 13 3 4 6 2 1 7 8 9 10 11 20 21 22 23 24 29 30 25 26 19 18 31 
0 17 27 28 16 14 13 3 4 5 6 2 1 12 8 7 9 10 11 20 21 22 24 19 18 31 
0 27 28 16 14 13 3 4 6 2 1 7 8 9 10 11 20 21 22 23 24 25 29 30 26 19 18 31 
0 17 27 28 16 14 13 3 4 2 1 6 5 12 8 7 9 10 11 20 21 22 25 30 19 18 31 
0 18 19 26 30 29 25 24 23 22 21 20 11 10 9 7 8 12 5 1 2 6 4 3 14 17 31 
0 18 19 26 30 29 25 24 23 22 21 20 11 10 9 7 8 12 5 6 1 2 4 3 14 27 17 31 
0 17 5 12 18 19 26 25 30 29 24 23 22 21 20 11 10 9 8 7 1 2 6 4 3 14 28 31 
0 18 19 26 30 29 25 24 23 22 21 20 11 10 9 8 7 1 12 5 6 4 3 14 16 17 31 
0 27 28 16 15 14 13 3 4 5 6 2 1 12 8 7 9 10 11 20 21 22 25 30 26 18 31 
0 18 19 26 30 29 25 24 23 22 21 20 11 10 9 7 8 12 1 2 6 5 4 3 14 31 
0 12 18 19 26 30 29 25 24 23 22 21 20 11 10 9 8 7 1 2 6 5 4 16 27 31 
0 27 28 16 15 14 13 3 4 5 6 2 1 12 8 7 9 10 11 20 21 22 29 19 18 31 
0 27 28 16 15 14 13 3 4 5 12 6 2 1 7 8 9 10 11 20 21 22 25 29 19 18 31 
0 27 28 16 15 14 13 3 4 5 6 2 1 7 8 9 10 11 20 21 22 23 24 25 30 26 18 31 
0 27 28 16 15 14 13 3 4 5 6 2 1 7 8 9 10 11 20 21 22 23 24 30 25 18 31 
0 17 27 28 16 14 13 3 4 5 12 6 2 1 7 8 9 10 11 20 21 22 24 25 18 31 
0 27 28 16 14 13 3 4 17 12 5 6 2 1 7 8 9 10 11 20 21 22 24 30 19 18 31 
0 27 28 16 14 13 3 4 17 12 5 6 2 1 7 8 9 10 11 20 21 22 24 25 30 19 18 31 
0 17 27 28 16 14 13 3 4 5 12 6 2 1 7 8 9 10 11 20 21 22 24 25 18 31 
0 18 19 26 30 29 25 24 23 22 21 20 11 10 9 8 7 1 2 6 12 5 4 3 14 17 31 
0 17 27 28 16 14 13 3 4 5 6 2 1 7 8 9 10 11 20 21 22 23 24 29 30 31 
0 17 27 28 16 14 13 3 4 5 6 2 1 12 8 7 9 10 11 20 21 22 24 19 18 31 
0 17 27 28 16 14 13 3 4 2 1 6 5 12 8 7 9 10 11 20 21 22 25 30 19 18 31 
0 17 27 28 16 14 13 3 4 5 6 2 1 12 8 7 9 10 11 20 21 22 24 19 18 31 
0 17 27 28 16 14 13 3 4 5 6 2 1 7 8 9 10 11 20 21 22 23 24 25 29 19 18 31 
0 18 19 26 25 30 29 24 23 22 21 20 11 10 9 7 8 12 5 1 2 6 4 3 14 16 28 31 
0 17 27 28 16 14 13 3 4 5 6 2 1 7 9 10 11 20 21 22 23 24 25 29 30 19 18 31 
0 18 19 26 30 29 25 24 23 22 21 20 11 10 9 7 8 12 1 2 6 5 4 3 14 17 31 
0 17 27 28 16 14 13 3 4 5 6 2 1 7 9 10 11 20 21 22 23 24 29 30 19 18 31 
0 17 5 12 18 19 26 30 29 25 24 23 22 21 20 11 10 9 8 7 1 2 6 4 16 31 
0 17 5 12 18 19 26 25 30 29 24 23 22 21 20 11 10 9 8 7 1 2 6 4 3 14 28 31 
0 18 19 26 30 29 25 24 23 22 21 20 11 10 9 7 8 12 5 6 1 2 4 3 14 27 17 31 
0 27 28 16 14 13 3 4 5 6 2 1 7 8 9 10 11 20 21 22 23 24 25 29 30 26 18 31 
0 27 28 16 14 13 3 4 5 6 2 1 7 9 10 11 20 21 22 23 24 29 30 25 26 18 31 
0 27 28 16 14 13 3 4 6 2 1 7 8 9 10 11 20 21 22 23 24 25 29 30 26 19 18 31 
0 18 19 26 25 30 29 24 23 22 21 20 11 10 9 8 7 1 2 6 12 5 4 3 14 16 27 17 31 
0 18 19 26 30 29 25 24 23 22 21 20 11 10 9 7 8 12 5 1 2 6 4 3 14 17 31 
0 18 19 26 25 30 29 24 23 22 21 20 11 10 9 7 8 12 5 6 1 2 4 3 14 16 28 27 17 31 
0 18 19 26 30 29 25 24 23 22 21 20 11 10 9 8 7 1 12 5 6 4 3 14 16 17 31 
0 27 28 16 15 14 13 3 4 5 6 2 1 12 8 7 9 10 11 20 21 22 29 19 18 31 
0 27 28 16 15 14 13 3 4 5 6 2 1 12 8 7 9 10 11 20 21 22 25 30 26 18 31 
0 27 28 16 15 14 13 3 4 5 6 2 1 7 8 9 10 11 20 21 22 23 24 30 25 18 31 
0 12 18 19 26 25 30 29 24 23 22 21 20 11 10 9 8 7 1 2 6 5 4 3 14 16 31 
0 27 28 16 15 14 13 3 4 5 6 2 1 7 8 9 10 11 20 21 22 23 24 25 30 26 18 31 
0 27 28 16 15 14 13 3 4 5 12 6 2 1 7 8 9 10 11 20 21 22 25 29 19 18 31 
0 18 19 26 30 29 25 24 23 22 21 20 11 10 9 7 8 12 1 2 6 5 4 3 14 31 
0 27 28 16 15 14 13 3 4 5 6 2 1 7 9 10 11 20 21 22 23 24 29 19 18 31 
0 18 19 26 30 29 25 24 23 22 21 20 11 10 9 8 7 1 2 6 12 5 4 3 14 31 
0 12 18 19 26 30 29 25 24 23 22 21 20 11 10 9 8 7 1 2 6 5 4 16 27 31 
0 27 28 16 15 14 13 3 4 5 12 6 2 1 7 8 9 10 11 20 21 22 29 30 31 
0 27 28 16 14 13 3 4 17 12 5 6 2 1 7 8 9 10 11 20 21 22 24 25 30 19 18 31 
0 17 27 28 16 14 13 3 4 5 12 6 2 1 7 8 9 10 11 20 21 22 24 25 18 31 
0 17 27 28 16 14 13 3 4 5 12 6 2 1 7 8 9 10 11 20 21 22 24 25 18 31 
0 17 27 28 16 14 13 3 4 5 6 2 1 12 8 7 9 10 11 20 21 22 24 19 18 31 
0 18 19 26 30 29 25 24 23 22 21 20 11 10 9 8 7 1 2 6 12 5 4 3 14 17 31 
0 27 28 16 14 13 3 4 17 12 5 6 2 1 7 8 9 10 11 20 21 22 24 30 19 18 31 
0 17 27 28 16 14 13 3 4 5 6 2 1 7 9 10 11 20 21 22 23 24 25 29 30 19 18 31 
0 17 27 28 16 14 13 3 4 5 6 2 1 7 8 9 10 11 20 21 22 23 24 25 29 19 18 31 
0 18 19 26 30 29 25 24 23 22 21 20 11 10 9 7 8 12 5 6 1 2 4 3 14 27 17 31 
0 18 19 26 25 30 29 24 23 22 21 20 11 10 9 8 7 1 2 6 12 5 4 3 14 16 27 17 31 
0 17 27 28 16 14 13 3 4 2 1 6 5 12 8 7 9 10 11 20 21 22 25 30 19 18 31 
0 18 19 26 25 30 29 24 23 22 21 20 11 10 9 7 8 12 5 6 1 2 4 3 14 16 28 27 17 31 
0 17 27 28 16 14 13 3 4 5 6 2 1 7 9 10 11 20 21 22 23 24 29 30 19 18 31 
0 17 27 28 16 14 13 3 4 5 6 2 1 12 8 7 9 10 11 20 21 22 24 19 18 31 
0 17 5 12 18 19 26 30 29 25 24 23 22 21 20 11 10 9 8 7 1 2 6 4 16 31 
0 18 19 26 30 29 25 24 23 22 21 20 11 10 9 7 8 12 1 2 6 5 4 3 14 17 31 
0 18 19 26 25 30 29 24 23 22 21 20 11 10 9 7 8 12 5 1 2 6 4 3 14 16 28 31 
0 18 19 26 30 29 25 24 23 22 21 20 11 10 9 7 8 12 5 1 2 6 4 3 14 17 31 
0 17 5 12 18 19 26 25 30 29 24 23 22 21 20 11 10 9 8 7 1 2 6 4 3 14 28 31 
0 17 27 28 16 14 13 3 4 5 6 2 1 7 8 9 10 11 20 21 22 23 24 29 30 31 
0 27 28 16 14 13 3 4 6 2 1 7 8 9 10 11 20 21 22 23 24 29 30 25 26 19 18 31 
0 27 28 16 14 13 3 4 6 2 1 7 8 9 10 11 20 21 22 23 24 25 29 30 26 19 18 31 
0 18 19 26 30 29 25 24 23 22 21 20 11 10 9 8 7 1 12 5 6 4 3 14 16 17 31 
0 12 18 19 26 30 29 25 24 23 22 21 20 11 10 9 8 7 1 2 6 5 4 16 27 31 
0 27 28 16 15 14 13 3 4 5 6 2 1 12 8 7 9 10 11 20 21 22 29 19 18 31 
0 18 19 26 30 29 25 24 23 22 21 20 11 10 9 7 8 12 1 2 6 5 4 3 14 31 
0 27 28 16 15 14 13 3 4 5 6 2 1 12 8 7 9 10 11 20 21 22 25 30 26 18 31 
0 12 18 19 26 25 30 29 24 23 22 21 20 11 10 9 8 7 1 2 6 5 4 3 14 16 31 
0 27 28 16 15 14 13 3 4 5 6 2 1 7 8 9 10 11 20 21 22 23 24 25 30 26 18 31 
0 27 28 16 15 14 13 3 4 5 6 2 1 7 9 10 11 20 21 22 23 24 25 30 26 18 31 
0 27 28 16 15 14 13 3 4 5 12 6 2 1 7 8 9 10 11 20 21 22 25 29 19 18 31 
0 17 27 28 16 14 13 3 4 5 6 2 1 12 8 7 9 10 11 20 21 22 24 19 18 31 
0 17 27 28 16 14 13 3 4 5 12 6 2 1 7 8 9 10 11 20 21 22 24 25 18 31 
0 18 19 26 30 29 25 24 23 22 21 20 11 10 9 8 7 1 2 6 12 5 4 3 14 17 31 
0 18 19 26 30 29 25 24 23 22 21 20 11 10 9 7 8 12 1 2 6 5 4 3 14 17 31 
0 17 27 28 16 14 13 3 4 5 12 6 2 1 7 8 9 10 11 20 21 22 24 25 18 31 
0 17 27 28 16 14 13 3 4 5 6 2 1 7 9 10 11 20 21 22 23 24 25 29 30 19 18 31 
0 17 5 12 18 19 26 30 29 25 24 23 22 21 20 11 10 9 8 7 1 2 6 4 16 31 
0 18 19 26 30 29 25 24 23 22 21 20 11 10 9 7 8 12 5 6 1 2 4 3 14 27 17 31 
0 27 28 16 14 13 3 4 17 12 5 6 2 1 7 8 9 10 11 20 21 22 24 25 30 19 18 31 
0 27 28 16 14 13 3 4 17 12 5 6 2 1 7 8 9 10 11 20 21 22 24 30 19 18 31 
0 18 19 26 25 30 29 24 23 22 21 20 11 10 9 8 7 1 2 6 12 5 4 3 14 16 27 17 31 
0 17 5 12 18 19 26 25 30 29 24 23 22 21 20 11 10 9 8 7 1 2 6 4 3 14 28 31 
0 17 27 28 16 14 13 3 4 5 6 2 1 7 8 9 10 11 20 21 22 23 24 25 29 19 18 31 
0 17 27 28 16 14 13 3 4 5 6 2 1 7 9 10 11 20 21 22 23 24 29 30 19 18 31 
0 17 27 28 16 14 13 3 4 2 1 6 5 12 8 7 9 10 11 20 21 22 25 30 19 18 31 
0 17 27 28 16 14 13 3 4 5 6 2 1 12 8 7 9 10 11 20 21 22 24 19 18 31 
0 17 27 28 16 14 13 3 4 5 6 2 1 7 8 9 10 11 20 21 22 23 24 29 30 31 
0 17 27 28 16 14 13 3 4 2 1 6 5 12 8 7 9 10 11 20 21 22 25 26 18 31 
0 18 19 26 25 30 29 24 23 22 21 20 11 10 9 7 8 12 5 6 1 2 4 3 14 16 28 27 17 31 
0 27 28 16 14 13 3 4 6 2 1 7 8 9 10 11 20 21 22 23 24 25 29 30 26 19 18 31 
0 27 28 16 14 13 3 4 5 6 2 1 7 8 9 10 11 20 21 22 23 24 29 30 25 26 18 31 
0 18 19 26 30 29 25 24 23 22 21 20 11 10 9 7 8 12 5 1 2 6 4 3 14 17 31 
0 18 19 26 30 29 25 24 23 22 21 20 11 10 9 8 7 1 12 5 6 4 3 14 16 17 31 
0 27 28 16 15 14 13 3 4 5 6 2 1 12 8 7 9 10 11 20 21 22 25 30 26 18 31 
0 12 18 19 26 25 30 29 24 23 22 21 20 11 10 9 8 7 1 2 6 5 4 3 14 16 31 
0 27 28 16 15 14 13 3 4 5 6 2 1 7 8 9 10 11 20 21 22 23 24 30 25 18 31 
0 12 18 19 26 30 29 25 24 23 22 21 20 11 10 9 8 7 1 2 6 5 4 16 27 31 
0 27 28 16 15 14 13 3 4 5 6 2 1 12 8 7 9 10 11 20 21 22 29 19 18 31 
0 18 19 26 25 30 29 24 23 22 21 20 11 10 9 8 7 1 2 6 12 5 4 3 14 16 27 31 
0 18 19 26 30 29 25 24 23 22 21 20 11 10 9 7 8 12 1 2 6 5 4 3 14 31 
0 27 28 16 15 14 13 3 4 5 6 2 1 7 9 10 11 20 21 22 23 24 25 30 26 18 31 
0 27 28 16 15 14 13 3 4 5 6 2 1 7 9 10 11 20 21 22 23 24 29 19 18 31 
0 17 27 28 16 14 13 3 4 5 6 2 1 12 8 7 9 10 11 20 21 22 24 19 18 31 
0 27 28 16 14 13 3 4 17 12 5 6 2 1 7 8 9 10 11 20 21 22 24 25 30 19 18 31 
0 27 28 16 14 13 3 4 6 2 1 7 8 9 10 11 20 21 22 23 24 25 29 30 26 19 18 31 
0 18 19 26 30 29 25 24 23 22 21 20 11 10 9 8 7 1 2 6 12 5 4 3 14 17 31 
0 17 27 28 16 14 13 3 4 5 12 6 2 1 7 8 9 10 11 20 21 22 24 25 18 31 
0 18 19 26 30 29 25 24 23 22 21 20 11 10 9 7 8 12 1 2 6 5 4 3 14 17 31 
0 17 27 28 16 14 13 3 4 2 1 6 5 12 8 7 9 10 11 20 21 22 25 30 19 18 31 
0 17 27 28 16 14 13 3 4 5 6 2 1 12 8 7 9 10 11 20 21 22 24 19 18 31 
0 17 27 28 16 14 13 3 4 5 12 6 2 1 7 8 9 10 11 20 21 22 24 25 18 31 
0 27 28 16 14 13 3 4 17 12 5 6 2 1 7 8 9 10 11 20 21 22 24 30 19 18 31 
0 17 5 12 18 19 26 30 29 25 24 23 22 21 20 11 10 9 8 7 1 2 6 4 16 31 
0 17 27 28 16 14 13 3 4 5 6 2 1 7 8 9 10 11 20 21 22 23 24 25 29 19 18 31 
0 17 27 28 16 14 13 3 4 5 6 2 1 7 9 10 11 20 21 22 23 24 25 29 30 19 18 31 
0 17 27 28 16 14 13 3 4 5 6 2 1 7 8 9 10 11 20 21 22 23 24 29 30 31 
0 18 19 26 30 29 25 24 23 22 21 20 11 10 9 7 8 12 5 6 1 2 4 3 14 27 17 31 
0 18 19 26 25 30 29 24 23 22 21 20 11 10 9 7 8 12 5 6 1 2 4 3 14 16 28 27 17 31 
0 17 27 28 16 14 13 3 4 2 1 6 5 12 8 7 9 10 11 20 21 22 25 26 18 31 
0 17 27 28 16 14 13 3 4 5 6 2 1 7 9 10 11 20 21 22 23 24 29 30 19 18 31 
0 18 19 26 25 30 29 24 23 22 21 20 11 10 9 8 7 1 2 6 12 5 4 3 14 16 27 17 31 
0 17 5 12 18 19 26 25 30 29 24 23 22 21 20 11 10 9 8 7 1 2 6 4 3 14 28 31 
0 27 28 16 14 13 3 4 5 6 2 1 7 8 9 10 11 20 21 22 23 24 29 30 25 26 18 31 
0 18 19 26 30 29 25 24 23 22 21 20 11 10 9 7 8 12 5 1 2 6 4 3 14 17 31 
0 18 19 26 30 29 25 24 23 22 21 20 11 10 9 8 7 1 12 5 6 4 3 14 16 17 31 
0 27 28 16 15 14 13 3 4 5 6 2 1 12 8 7 9 10 11 20 21 22 25 30 26 18 31 
0 12 18 19 26 30 29 25 24 23 22 21 20 11 10 9 8 7 1 2 6 5 4 16 27 31 
0 27 28 16 15 14 13 3 4 5 6 2 1 7 8 9 10 11 20 21 22 23 24 25 30 26 18 31 
0 27 28 16 15 14 13 3 4 5 12 6 2 1 7 8 9 10 11 20 21 22 29 30 31 
0 18 19 26 30 29 25 24 23 22 21 20 11 10 9 7 8 12 1 2 6 5 4 3 14 31 
0 27 28 16 15 14 13 3 4 5 6 2 1 12 8 7 9 10 11 20 21 22 29 19 18 31 
0 27 28 16 15 14 13 3 4 5 12 6 2 1 7 8 9 10 11 20 21 22 25 29 19 18 31 
0 18 19 26 30 29 25 24 23 22 21 20 11 10 9 8 7 1 2 6 12 5 4 3 14 31 
0 18 19 26 25 30 29 24 23 22 21 20 11 10 9 7 8 12 1 2 6 5 4 3 14 16 27 31 
0 27 28 16 14 13 3 4 17 12 5 6 2 1 7 8 9 10 11 20 21 22 24 25 30 19 18 31 
0 17 27 28 16 14 13 3 4 5 6 2 1 7 8 9 10 11 20 21 22 23 24 25 29 19 18 31 
0 17 27 28 16 14 13 3 4 2 1 6 5 12 8 7 9 10 11 20 21 22 25 30 19 18 31 
0 17 27 28 16 14 13 3 4 5 6 2 1 7 9 10 11 20 21 22 23 24 25 29 30 19 18 31 
0 18 19 26 30 29 25 24 23 22 21 20 11 10 9 8 7 1 2 6 12 5 4 3 14 17 31 
0 17 27 28 16 14 13 3 4 5 12 6 2 1 7 8 9 10 11 20 21 22 24 25 18 31 
0 17 27 28 16 14 13 3 4 5 6 2 1 12 8 7 9 10 11 20 21 22 24 19 18 31 
0 17 5 12 18 19 26 30 29 25 24 23 22 21 20 11 10 9 8 7 1 2 6 4 16 31 
0 27 28 16 14 13 3 4 17 12 5 6 2 1 7 8 9 10 11 20 21 22 24 30 19 18 31 
0 17 27 28 16 14 13 3 4 5 12 6 2 1 7 8 9 10 11 20 21 22 24 25 18 31 
0 18 19 26 30 29 25 24 23 22 21 20 11 10 9 7 8 12 5 6 1 2 4 3 14 27 17 31 
0 17 27 28 16 14 13 3 4 5 6 2 1 7 9 10 11 20 21 22 23 24 29 30 19 18 31 
0 17 27 28 16 14 13 3 4 5 6 2 1 7 8 9 10 11 20 21 22 23 24 29 30 31 
0 17 5 12 18 19 26 25 30 29 24 23 22 21 20 11 10 9 8 7 1 2 6 4 3 14 28 31 
0 17 27 28 16 14 13 3 4 5 6 2 1 12 8 7 9 10 11 20 21 22 24 19 18 31 
0 18 19 26 30 29 25 24 23 22 21 20 11 10 9 7 8 12 1 2 6 5 4 3 14 17 31 
0 18 19 26 25 30 29 24 23 22 21 20 11 10 9 7 8 12 5 1 2 6 4 3 14 16 28 31 
0 18 19 26 30 29 25 24 23 22 21 20 11 10 9 7 8 12 5 1 2 6 4 3 14 17 31 
0 27 28 16 14 13 3 4 5 6 2 1 7 8 9 10 11 20 21 22 23 24 29 30 25 26 18 31 
0 18 19 26 25 30 29 24 23 22 21 20 11 10 9 8 7 1 2 6 12 5 4 3 14 16 27 17 31 
0 18 19 26 25 30 29 24 23 22 21 20 11 10 9 7 8 12 1 2 6 5 4 3 14 16 27 17 31 
0 18 19 26 30 29 25 24 23 22 21 20 11 10 9 8 7 1 12 5 6 4 3 14 16 17 31 
0 27 28 16 15 14 13 3 4 5 6 2 1 12 8 7 9 10 11 20 21 22 25 30 26 18 31 
0 27 28 16 15 14 13 3 4 5 6 2 1 12 8 7 9 10 11 20 21 22 29 19 18 31 
0 27 28 16 15 14 13 3 4 5 6 2 1 7 8 9 10 11 20 21 22 23 24 25 30 26 18 31 
0 12 18 19 26 25 30 29 24 23 22 21 20 11 10 9 8 7 1 2 6 5 4 3 14 16 31 
0 27 28 16 15 14 13 3 4 2 1 6 5 12 8 7 9 10 11 20 21 25 30 19 18 31 
0 27 28 16 15 14 13 3 4 5 6 2 1 7 8 9 10 11 20 21 22 23 24 30 25 18 31 
0 18 19 26 30 29 25 24 23 22 21 20 11 10 9 7 8 12 1 2 6 5 4 3 14 31 
0 17 27 28 16 14 13 3 4 5 6 2 1 7 9 10 11 20 21 22 23 24 25 29 30 19 18 31 
0 18 19 26 30 29 25 24 23 22 21 20 11 10 9 8 7 1 2 6 12 5 4 3 14 17 31 
0 27 28 16 14 13 3 4 17 12 5 6 2 1 7 8 9 10 11 20 21 22 24 25 30 19 18 31 
0 27 28 16 14 13 3 4 17 12 5 6 2 1 7 8 9 10 11 20 21 22 24 30 19 18 31 
0 17 27 28 16 14 13 3 4 5 6 2 1 12 8 7 9 10 11 20 21 22 24 19 18 31 
0 17 27 28 16 14 13 3 4 5 12 6 2 1 7 8 9 10 11 20 21 22 24 25 18 31 
0 18 19 26 30 29 25 24 23 22 21 20 11 10 9 7 8 12 5 6 1 2 4 3 14 27 17 31 
0 17 5 12 18 19 26 30 29 25 24 23 22 21 20 11 10 9 8 7 1 2 6 4 16 31 
0 17 27 28 16 14 13 3 4 5 6 2 1 12 8 7 9 10 11 20 21 22 24 19 18 31 
0 17 27 28 16 14 13 3 4 5 6 2 1 7 8 9 10 11 20 21 22 23 24 25 29 19 18 31 
0 17 27 28 16 14 13 3 4 5 12 6 2 1 7 8 9 10 11 20 21 22 24 25 18 31 
0 17 27 28 16 14 13 3 4 2 1 6 5 12 8 7 9 10 11 20 21 22 25 30 19 18 31 
0 18 19 26 30 29 25 24 23 22 21 20 11 10 9 7 8 12 1 2 6 5 4 3 14 17 31 
0 17 5 12 18 19 26 25 30 29 24 23 22 21 20 11 10 9 8 7 1 2 6 4 3 14 28 31 
0 17 27 28 16 14 13 3 4 5 6 2 1 7 9 10 11 20 21 22 23 24 29 30 19 18 31 
0 18 19 26 25 30 29 24 23 22 21 20 11 10 9 7 8 12 5 6 1 2 4 3 14 16 28 27 17 31 
0 17 27 28 16 14 13 3 4 2 1 6 5 12 8 7 9 10 11 20 21 22 25 26 18 31 
0 17 27 28 16 14 13 3 4 5 6 2 1 7 8 9 10 11 20 21 22 23 24 29 30 31 
0 18 19 26 30 29 25 24 23 22 21 20 11 10 9 7 8 12 5 1 2 6 4 3 14 17 31 
0 27 28 16 14 13 3 4 6 2 1 7 8 9 10 11 20 21 22 23 24 29 30 25 26 19 18 31 
0 18 19 26 25 30 29 24 23 22 21 20 11 10 9 8 7 1 2 6 12 5 4 3 14 16 27 17 31 
0 18 19 26 25 30 29 24 23 22 21 20 11 10 9 7 8 12 1 2 6 5 4 3 14 16 27 17 31 
0 18 19 26 30 29 25 24 23 22 21 20 11 10 9 8 7 1 12 5 6 4 3 14 16 17 31 
0 27 28 16 15 14 13 3 4 5 6 2 1 12 8 7 9 10 11 20 21 22 25 30 26 18 31 
0 27 28 16 15 14 13 3 4 5 6 2 1 12 8 7 9 10 11 20 21 22 29 19 18 31 
0 27 28 16 15 14 13 3 4 5 6 2 1 7 9 10 11 20 21 22 23 24 29 19 18 31 
0 27 28 16 15 14 13 3 4 5 6 2 1 7 8 9 10 11 20 21 22 23 24 25 30 26 18 31 
0 12 18 19 26 25 30 29 24 23 22 21 20 11 10 9 8 7 1 2 6 5 4 3 14 16 31 
0 18 19 26 30 29 25 24 23 22 21 20 11 10 9 7 8 12 1 2 6 5 4 3 14 31 
0 12 18 19 26 30 29 25 24 23 22 21 20 11 10 9 8 7 1 2 6 5 4 16 27 31 
0 17 27 28 16 14 13 3 4 5 12 6 2 1 7 8 9 10 11 20 21 22 24 25 18 31 
0 27 28 16 14 13 3 4 17 12 5 6 2 1 7 8 9 10 11 20 21 22 24 25 30 19 18 31 
0 17 27 28 16 14 13 3 4 5 6 2 1 7 9 10 11 20 21 22 23 24 25 29 30 19 18 31 
0 17 27 28 16 14 13 3 4 5 6 2 1 7 9 10 11 20 21 22 23 24 29 30 19 18 31 
0 17 5 12 18 19 26 30 29 25 24 23 22 21 20 11 10 9 8 7 1 2 6 4 16 31 
0 18 19 26 30 29 25 24 23 22 21 20 11 10 9 8 7 1 2 6 12 5 4 3 14 17 31 
0 17 27 28 16 14 13 3 4 5 6 2 1 7 8 9 10 11 20 21 22 23 24 29 30 31 
0 27 28 16 14 13 3 4 17 12 5 6 2 1 7 8 9 10 11 20 21 22 24 30 19 18 31 
0 17 27 28 16 14 13 3 4 5 6 2 1 12 8 7 9 10 11 20 21 22 24 19 18 31 
0 17 27 28 16 14 13 3 4 5 12 6 2 1 7 8 9 10 11 20 21 22 24 25 18 31 
0 18 19 26 25 30 29 24 23 22 21 20 11 10 9 8 7 1 2 6 12 5 4 3 14 16 27 17 31 
0 18 19 26 30 29 25 24 23 22 21 20 11 10 9 7 8 12 1 2 6 5 4 3 14 17 31 
0 17 27 28 16 14 13 3 4 5 6 2 1 12 8 7 9 10 11 20 21 22 24 19 18 31 
0 18 19 26 30 29 25 24 23 22 21 20 11 10 9 7 8 12 5 6 1 2 4 3 14 27 17 31 
0 27 28 16 14 13 3 4 5 6 2 1 7 8 9 10 11 20 21 22 23 24 29 30 25 26 18 31 
0 17 27 28 16 14 13 3 4 5 6 2 1 7 8 9 10 11 20 21 22 23 24 25 29 19 18 31 
0 17 27 28 16 14 13 3 4 2 1 6 5 12 8 7 9 10 11 20 21 22 25 30 19 18 31 
0 27 28 16 14 13 3 4 5 6 2 1 7 9 10 11 20 21 22 23 24 29 30 25 26 18 31 
0 18 19 26 30 29 25 24 23 22 21 20 11 10 9 7 8 12 5 1 2 6 4 3 14 17 31 
0 27 28 16 14 13 3 4 6 2 1 7 8 9 10 11 20 21 22 23 24 29 30 25 26 19 18 31 
0 18 19 26 25 30 29 24 23 22 21 20 11 10 9 7 8 12 1 2 6 5 4 3 14 16 27 17 31 
0 17 5 12 18 19 26 25 30 29 24 23 22 21 20 11 10 9 8 7 1 2 6 4 3 14 28 31 
0 18 19 26 30 29 25 24 23 22 21 20 11 10 9 8 7 1 12 5 6 4 3 14 16 17 31 
0 12 18 19 26 30 29 25 24 23 22 21 20 11 10 9 8 7 1 2 6 5 4 16 27 31 
0 12 18 19 26 25 30 29 24 23 22 21 20 11 10 9 8 7 1 2 6 5 4 3 14 16 31 
0 27 28 16 15 14 13 3 4 5 6 2 1 12 8 7 9 10 11 20 21 22 25 30 26 18 31 
0 27 28 16 15 14 13 3 4 5 6 2 1 7 8 9 10 11 20 21 22 23 24 25 30 26 18 31 
0 18 19 26 25 30 29 24 23 22 21 20 11 10 9 8 7 1 2 6 12 5 4 3 14 16 27 31 
0 18 19 26 30 29 25 24 23 22 21 20 11 10 9 7 8 12 1 2 6 5 4 3 14 31 
0 27 28 16 15 14 13 3 4 5 6 2 1 12 8 7 9 10 11 20 21 22 29 19 18 31 
0 18 19 26 30 29 25 24 23 22 21 20 11 10 9 8 7 1 2 6 12 5 4 3 14 31 
0 27 28 16 15 14 13 3 4 5 6 2 1 7 9 10 11 20 21 22 23 24 25 30 26 18 31 
0 27 28 16 15 14 13 3 4 5 12 6 2 1 7 8 9 10 11 20 21 22 29 30 31 
0 27 28 16 14 13 3 4 17 12 5 6 2 1 7 8 9 10 11 20 21 22 24 25 30 19 18 31 
0 17 27 28 16 14 13 3 4 5 12 6 2 1 7 8 9 10 11 20 21 22 24 25 18 31 
0 17 27 28 16 14 13 3 4 5 6 2 1 12 8 7 9 10 11 20 21 22 24 19 18 31 
0 18 19 26 30 29 25 24 23 22 21 20 11 10 9 8 7 1 2 6 12 5 4 3 14 17 31 
0 18 19 26 30 29 25 24 23 22 21 20 11 10 9 7 8 12 1 2 6 5 4 3 14 17 31 
0 17 27 28 16 14 13 3 4 5 6 2 1 7 9 10 11 20 21 22 23 24 29 30 19 18 31 
0 18 19 26 30 29 25 24 23 22 21 20 11 10 9 7 8 12 5 6 1 2 4 3 14 27 17 31 
0 17 27 28 16 14 13 3 4 5 6 2 1 12 8 7 9 10 11 20 21 22 24 19 18 31 
0 17 27 28 16 14 13 3 4 5 6 2 1 7 9 10 11 20 21 22 23 24 25 29 30 19 18 31 
0 17 27 28 16 14 13 3 4 2 1 6 5 12 8 7 9 10 11 20 21 22 25 26 18 31 
0 17 27 28 16 14 13 3 4 5 12 6 2 1 7 8 9 10 11 20 21 22 24 25 18 31 
0 27 28 16 14 13 3 4 17 12 5 6 2 1 7 8 9 10 11 20 21 22 24 30 19 18 31 
0 17 5 12 18 19 26 30 29 25 24 23 22 21 20 11 10 9 8 7 1 2 6 4 16 31 
0 17 27 28 16 14 13 3 4 5 6 2 1 7 8 9 10 11 20 21 22 23 24 29 30 31 
0 17 5 12 18 19 26 25 30 29 24 23 22 21 20 11 10 9 8 7 1 2 6 4 3 14 28 31 
0 17 27 28 16 14 13 3 4 5 6 2 1 7 8 9 10 11 20 21 22 23 24 25 29 19 18 31 
0 18 19 26 30 29 25 24 23 22 21 20 11 10 9 7 8 12 5 1 2 6 4 3 14 17 31 
0 17 27 28 16 14 13 3 4 2 1 6 5 12 8 7 9 10 11 20 21 22 25 30 19 18 31 
0 18 19 26 25 30 29 24 23 22 21 20 11 10 9 8 7 1 2 6 12 5 4 3 14 16 27 17 31 
0 27 28 16 14 13 3 4 5 6 2 1 7 8 9 10 11 20 21 22 23 24 29 30 25 26 18 31 
0 18 19 26 25 30 29 24 23 22 21 20 11 10 9 7 8 12 1 2 6 5 4 3 14 16 27 17 31 
0 18 19 26 30 29 25 24 23 22 21 20 11 10 9 8 7 1 12 5 6 4 3 14 16 17 31 
0 12 18 19 26 30 29 25 24 23 22 21 20 11 10 9 8 7 1 2 6 5 4 16 27 31 
0 27 28 16 15 14 13 3 4 5 6 2 1 12 8 7 9 10 11 20 21 22 25 30 26 18 31 
0 18 19 26 30 29 25 24 23 22 21 20 11 10 9 7 8 12 1 2 6 5 4 3 14 31 
0 12 18 19 26 25 30 29 24 23 22 21 20 11 10 9 8 7 1 2 6 5 4 3 14 16 31 
0 18 19 26 25 30 29 24 23 22 21 20 11 10 9 8 7 1 2 6 12 5 4 3 14 16 27 31 
0 18 19 26 30 29 25 24 23 22 21 20 11 10 9 8 7 1 2 6 12 5 4 3 14 31 
0 27 28 16 15 14 13 3 4 5 6 2 1 7 8 9 10 11 20 21 22 23 24 25 30 26 18 31 
0 27 28 16 15 14 13 3 4 5 6 2 1 7 9 10 11 20 21 22 23 24 25 30 26 18 31 
0 27 28 16 15 14 13 3 4 5 6 2 1 12 8 7 9 10 11 20 21 22 29 19 18 31 
0 27 28 16 15 14 13 3 4 5 6 2 1 7 8 9 10 11 20 21 22 23 24 30 25 18 31 
0 27 28 16 14 13 3 4 6 2 1 7 9 10 11 20 21 22 23 24 25 29 30 26 19 18 12 17 31 
0 18 19 26 30 29 25 24 23 22 21 20 11 10 9 7 8 12 5 6 1 2 4 3 14 27 17 31 
0 18 19 26 25 30 29 24 23 22 21 20 11 10 9 7 8 12 5 6 1 2 4 3 14 16 28 27 17 31 
0 27 28 16 14 13 3 4 5 6 2 1 7 8 9 10 11 20 21 22 23 24 29 30 25 26 18 31 
0 27 28 16 14 13 3 4 5 6 2 1 7 8 9 10 11 20 21 22 23 24 25 29 30 26 18 31 
0 17 27 28 16 14 13 3 4 5 6 2 1 7 8 9 10 11 20 21 22 23 24 25 29 19 18 31 
0 27 28 16 14 13 3 4 6 2 1 7 8 9 10 11 20 21 22 23 24 25 29 30 26 19 18 31 
0 17 5 12 18 19 26 30 29 25 24 23 22 21 20 11 10 9 8 7 1 2 6 4 16 31 
0 17 5 12 18 19 26 25 30 29 24 23 22 21 20 11 10 9 8 7 1 2 6 4 3 14 28 31 
0 27 28 16 14 13 3 4 6 2 1 7 8 9 10 11 20 21 22 23 24 29 30 25 26 19 18 31 
0 18 19 26 30 29 25 24 23 22 21 20 11 10 9 7 8 12 1 2 6 5 4 3 14 17 31 
0 18 19 26 30 29 25 24 23 22 21 20 11 10 9 8 7 1 2 6 12 5 4 3 14 17 31 
0 18 19 26 25 30 29 24 23 22 21 20 11 10 9 8 7 1 2 6 12 5 4 3 14 16 27 17 31 
0 17 27 28 16 14 13 3 4 5 12 6 2 1 7 8 9 10 11 20 21 22 24 25 18 31 
0 17 27 28 16 14 13 3 4 5 12 6 2 1 7 8 9 10 11 20 21 22 24 25 18 31 
0 17 27 28 16 14 13 3 4 2 1 6 5 12 8 7 9 10 11 20 21 22 25 30 19 18 31 
0 17 27 28 16 14 13 3 4 5 6 2 1 12 8 7 9 10 11 20 21 22 24 19 18 31 
0 17 27 28 16 14 13 3 4 5 6 2 1 12 8 7 9 10 11 20 21 22 24 19 18 31 
0 27 28 16 14 13 3 4 5 6 2 1 7 9 10 11 20 21 22 23 24 29 30 25 26 18 31 
0 27 28 16 14 13 3 4 5 6 2 1 7 9 10 11 20 21 22 23 24 25 29 30 26 19 18 31 
0 17 27 28 16 14 13 3 4 5 6 2 1 7 8 9 10 11 20 21 22 23 24 29 30 31 
0 18 19 26 30 29 25 24 23 22 21 20 11 10 9 7 8 12 5 1 2 6 4 3 14 17 31 
0 18 19 26 25 30 29 24 23 22 21 20 11 10 9 7 8 12 5 1 2 6 4 3 14 16 28 31 
0 17 27 28 16 14 13 3 4 2 1 6 5 12 8 7 9 10 11 20 21 22 25 26 18 31 
0 27 28 16 14 13 3 4 17 12 5 6 2 1 7 8 9 10 11 20 21 22 24 25 30 19 18 31 
0 27 28 16 14 13 3 4 17 12 5 6 2 1 7 8 9 10 11 20 21 22 24 30 19 18 31 
0 18 19 26 25 30 29 24 23 22 21 20 11 10 9 7 8 12 1 2 6 5 4 3 14 16 27 17 31 
0 27 28 16 14 13 3 4 6 2 1 7 9 10 11 20 21 22 23 24 29 30 25 26 19 18 31 
0 17 27 28 16 14 13 3 4 5 6 2 1 7 9 10 11 20 21 22 23 24 29 30 19 18 31 
0 17 27 28 16 14 13 3 4 5 6 2 1 7 9 10 11 20 21 22 23 24 25 29 30 19 18 31 
0 27 28 16 17 14 13 3 4 5 6 2 1 7 8 9 10 11 20 21 22 23 24 29 19 18 31 
0 18 19 26 30 29 25 24 23 22 21 20 11 10 9 8 7 1 12 5 6 4 3 14 16 17 31 
0 27 28 16 15 14 13 3 4 5 6 2 1 12 8 7 9 10 11 20 21 22 25 30 26 18 31 
0 27 28 16 15 14 13 3 4 5 12 6 2 1 7 8 9 10 11 20 21 22 29 30 31 
0 27 28 16 15 14 13 3 4 5 6 2 1 7 8 9 10 11 20 21 22 23 24 25 30 26 18 31 
0 12 18 19 26 30 29 25 24 23 22 21 20 11 10 9 8 7 1 2 6 5 4 16 27 31 
0 12 18 19 26 25 30 29 24 23 22 21 20 11 10 9 8 7 1 2 6 5 4 3 14 16 31 
0 27 28 16 15 14 13 3 4 5 6 2 1 7 8 9 10 11 20 21 22 23 24 30 25 18 31 
0 27 28 16 15 14 13 3 4 2 1 6 5 12 8 7 9 10 11 20 21 25 26 18 31 
0 27 28 16 15 14 13 3 4 2 1 6 5 12 8 7 9 10 11 20 21 25 30 19 18 31 
0 27 28 16 15 14 13 3 4 5 6 2 1 12 8 7 9 10 11 20 21 22 29 19 18 31 
0 18 19 26 30 29 25 24 23 22 21 20 11 10 9 8 7 1 2 6 12 5 4 3 14 31 
0 27 28 16 15 14 13 3 4 5 12 6 2 1 7 8 9 10 11 20 21 22 25 29 19 18 31 
0 18 19 26 25 30 29 24 23 22 21 20 11 10 9 7 8 12 1 2 6 5 4 3 14 16 27 31 
0 27 28 16 15 14 13 3 4 5 6 2 1 7 9 10 11 20 21 22 23 24 25 30 26 18 31 
0 27 28 16 15 14 13 3 4 5 6 2 1 7 9 10 11 20 21 22 23 24 29 19 18 31 
0 18 19 26 30 29 25 24 23 22 21 20 11 10 9 7 8 12 1 2 6 5 4 3 14 31 
0 18 19 26 25 30 29 24 23 22 21 20 11 10 9 8 7 1 2 6 12 5 4 3 14 16 27 17 31 
0 18 19 26 30 29 25 24 23 22 21 20 11 10 9 8 7 1 2 6 12 5 4 3 14 17 31 
0 18 19 26 30 29 25 24 23 22 21 20 11 10 9 7 8 12 5 6 1 2 4 3 14 27 17 31 
0 17 5 12 18 19 26 30 29 25 24 23 22 21 20 11 10 9 8 7 1 2 6 4 16 31 
0 27 28 16 14 13 3 4 6 2 1 7 8 9 10 11 20 21 22 23 24 25 29 30 26 19 18 31 
0 17 27 28 16 14 13 3 4 5 12 6 2 1 7 8 9 10 11 20 21 22 24 25 18 31 
0 17 27 28 16 14 13 3 4 5 6 2 1 12 8 7 9 10 11 20 21 22 24 19 18 31 
0 27 28 16 14 13 3 4 5 6 2 1 7 8 9 10 11 20 21 22 23 24 29 30 25 26 18 31 
0 17 27 28 16 14 13 3 4 5 12 6 2 1 7 8 9 10 11 20 21 22 24 25 18 31 
0 17 27 28 16 14 13 3 4 2 1 6 5 12 8 7 9 10 11 20 21 22 25 26 18 31 
0 17 27 28 16 14 13 3 4 5 6 2 1 12 8 7 9 10 11 20 21 22 24 19 18 31 
0 18 19 26 30 29 25 24 23 22 21 20 11 10 9 7 8 12 1 2 6 5 4 3 14 17 31 
0 18 19 26 25 30 29 24 23 22 21 20 11 10 9 7 8 12 1 2 6 5 4 3 14 16 27 17 31 
0 18 19 26 25 30 29 24 23 22 21 20 11 10 9 7 8 12 5 6 1 2 4 3 14 16 28 27 17 31 
0 18 19 26 30 29 25 24 23 22 21 20 11 10 9 7 8 12 5 1 2 6 4 3 14 17 31 
0 27 28 16 14 13 3 4 5 6 2 1 7 8 9 10 11 20 21 22 23 24 25 29 30 26 18 31 
0 17 27 28 16 14 13 3 4 5 6 2 1 7 8 9 10 11 20 21 22 23 24 25 29 19 18 31 
0 17 27 28 16 14 13 3 4 5 6 2 1 7 8 9 10 11 20 21 22 23 24 29 30 31 
0 17 5 12 18 19 26 25 30 29 24 23 22 21 20 11 10 9 8 7 1 2 6 4 3 14 28 31 
0 27 28 16 14 13 3 4 6 2 1 7 8 9 10 11 20 21 22 23 24 29 30 25 26 19 18 31 
0 27 28 16 14 13 3 4 17 12 5 6 2 1 7 8 9 10 11 20 21 22 24 30 19 18 31 
0 27 28 16 14 13 3 4 17 12 5 6 2 1 7 8 9 10 11 20 21 22 24 25 30 19 18 31 
0 17 27 28 16 14 13 3 4 2 1 6 5 12 8 7 9 10 11 20 21 22 25 30 19 18 31 
0 27 28 16 14 13 3 4 5 6 2 1 7 9 10 11 20 21 22 23 24 25 29 30 26 19 18 31 
0 17 27 28 16 14 13 3 4 5 6 2 1 7 9 10 11 20 21 22 23 24 25 29 30 19 18 31 
0 17 27 28 16 14 13 3 4 5 6 2 1 7 9 10 11 20 21 22 23 24 29 30 19 18 31 
0 27 28 16 14 13 3 4 6 2 1 7 9 10 11 20 21 22 23 24 25 29 30 26 19 18 12 17 31 
0 27 28 16 14 13 3 4 6 2 1 7 9 10 11 20 21 22 23 24 29 30 25 26 19 18 31 
0 27 28 16 14 13 3 4 5 6 2 1 7 9 10 11 20 21 22 23 24 29 30 25 26 18 31 
0 18 19 26 25 30 29 24 23 22 21 20 11 10 9 7 8 12 5 1 2 6 4 3 14 16 28 31 
0 18 19 26 30 29 25 24 23 22 21 20 11 10 9 7 8 12 5 6 2 4 3 14 15 16 17 31 
0 18 19 26 25 30 29 24 23 22 21 20 11 10 9 7 8 12 5 6 2 4 3 13 14 15 16 17 31 
0 18 19 26 30 25 24 23 22 21 20 11 10 9 7 8 12 5 6 1 2 4 3 14 15 16 17 31 
0 17 27 28 16 15 14 13 3 4 5 6 2 1 7 8 9 10 11 20 21 22 24 25 30 19 18 31 
0 27 28 16 15 14 13 3 4 6 2 1 7 8 9 10 11 20 21 22 23 24 25 30 26 19 18 31 
0 17 5 12 18 19 26 30 25 24 23 22 21 20 11 10 9 8 7 1 2 6 4 3 14 16 31 
0 17 27 28 16 15 14 13 3 4 5 12 6 2 1 7 8 9 10 11 20 21 22 25 30 19 18 31 
0 17 27 28 16 15 14 13 3 4 2 1 6 5 12 8 7 9 10 11 20 25 30 19 18 31 
0 17 27 28 16 15 14 13 3 4 6 2 1 5 12 8 7 9 10 11 20 21 25 30 19 18 31 
0 17 27 28 16 15 14 13 3 4 5 6 2 1 12 8 7 9 10 11 20 21 22 25 30 19 18 31 
0 27 28 16 15 14 13 3 4 5 6 2 1 7 8 9 10 11 20 21 22 23 24 25 30 26 18 31 
0 17 4 3 13 14 15 16 28 27 18 19 26 30 25 24 23 22 21 20 11 10 9 8 7 31 
0 17 27 28 16 15 14 13 3 4 5 6 2 1 7 9 10 11 20 21 22 23 24 25 30 19 18 31 
0 27 28 16 15 14 13 3 4 5 6 2 1 7 9 10 11 20 21 22 23 24 25 30 26 18 31 
0 27 28 16 15 14 13 3 4 6 2 1 7 9 10 11 20 21 22 23 24 25 30 26 19 18 31 
0 18 19 26 30 25 24 23 22 21 20 11 10 9 8 7 1 2 6 4 3 13 14 16 17 31 
0 17 27 28 16 15 14 13 3 4 2 6 5 12 8 7 9 10 11 20 21 22 25 30 26 18 31 
0 27 28 16 15 14 13 3 4 17 12 5 6 2 1 7 8 9 10 11 20 21 22 25 30 26 18 31 
0 17 27 28 16 15 14 13 3 4 2 6 5 12 8 7 9 10 11 20 21 22 25 26 19 18 31 
0 18 19 26 30 25 24 23 22 21 20 11 10 9 8 7 1 2 6 5 12 17 4 3 14 16 31 
0 17 5 12 8 18 19 26 30 25 24 23 22 21 20 11 10 9 7 1 2 6 4 3 14 31 
0 18 19 26 30 25 24 23 22 21 20 11 10 9 7 8 12 5 1 2 6 4 3 14 16 28 31 
0 18 19 26 30 25 24 23 22 21 20 11 10 9 7 8 12 1 2 6 5 4 3 14 16 27 17 31 
0 18 26 30 25 24 23 22 21 19 20 11 10 9 8 7 1 2 6 12 5 4 3 14 16 27 31 
0 18 19 26 30 25 24 23 22 21 20 11 10 9 8 7 1 2 6 12 5 4 3 14 16 27 17 31 
0 12 18 19 26 30 29 25 24 23 22 21 20 11 10 9 8 7 1 2 6 5 4 16 27 31 
0 27 28 16 15 14 13 3 4 5 6 2 1 12 8 7 9 10 11 20 21 22 25 30 26 18 31 
0 18 19 26 25 30 29 24 23 22 21 20 11 10 9 7 8 12 1 2 6 5 4 3 14 16 27 31 
0 12 18 19 26 25 30 29 24 23 22 21 20 11 10 9 8 7 1 2 6 5 4 3 14 16 31 
0 27 28 16 15 14 13 3 4 5 12 6 2 1 7 8 9 10 11 20 21 22 29 30 31 
0 27 28 16 15 14 13 3 4 5 6 2 1 12 8 7 9 10 11 20 21 22 29 19 18 31 
0 27 28 16 15 14 13 3 4 2 1 6 5 12 8 7 9 10 11 20 21 25 26 18 31 
0 27 28 16 15 14 13 3 4 5 6 2 1 7 8 9 10 11 20 21 22 23 24 30 25 18 31 
0 27 28 16 15 14 13 3 4 5 12 6 2 1 7 8 9 10 11 20 21 22 25 29 19 18 31 
0 27 28 16 15 14 13 3 4 2 1 6 5 12 8 7 9 10 11 20 21 25 30 19 18 31 
0 27 28 16 15 14 13 3 4 5 6 2 1 7 9 10 11 20 21 22 23 24 25 30 26 18 31 
0 27 28 16 15 14 13 3 4 5 6 2 1 7 9 10 11 20 21 22 23 24 29 19 18 31 
0 27 28 16 15 14 13 3 4 5 6 2 1 7 8 9 10 11 20 21 22 23 24 25 30 26 18 31 
0 18 19 26 30 29 25 24 23 22 21 20 11 10 9 8 7 1 2 6 12 5 4 3 14 31 
0 17 27 28 16 14 13 3 4 5 6 2 1 7 8 9 10 11 20 21 22 23 24 29 30 31 
0 17 27 28 16 14 13 3 4 5 6 2 1 7 8 9 10 11 20 21 22 23 24 25 29 19 18 31 
0 17 5 12 18 19 26 30 29 25 24 23 22 21 20 11 10 9 8 7 1 2 6 4 16 31 
0 17 5 12 18 19 26 25 30 29 24 23 22 21 20 11 10 9 8 7 1 2 6 4 3 14 28 31 
0 18 19 26 25 30 29 24 23 22 21 20 11 10 9 8 7 1 2 6 12 5 4 3 14 16 27 17 31 
0 27 28 16 14 13 3 4 5 6 2 1 7 8 9 10 11 20 21 22 23 24 29 30 25 26 18 31 
0 17 27 28 16 14 13 3 4 5 12 6 2 1 7 8 9 10 11 20 21 22 24 25 18 31 
0 17 27 28 16 14 13 3 4 5 12 6 2 1 7 8 9 10 11 20 21 22 24 25 18 31 
0 17 27 28 16 14 13 3 4 5 6 2 1 12 8 7 9 10 11 20 21 22 24 19 18 31 
0 18 19 26 30 29 25 24 23 22 21 20 11 10 9 7 8 12 1 2 6 5 4 3 14 17 31 
0 18 19 26 30 29 25 24 23 22 21 20 11 10 9 8 7 1 2 6 12 5 4 3 14 17 31 
0 18 19 26 30 29 25 24 23 22 21 20 11 10 9 7 8 12 5 1 2 6 4 3 14 17 31 
0 18 19 26 30 29 25 24 23 22 21 20 11 10 9 7 8 12 5 6 1 2 4 3 14 27 17 31 
0 17 27 28 16 14 13 3 4 2 1 6 5 12 8 7 9 10 11 20 21 22 25 30 19 18 31 
0 17 27 28 16 14 13 3 4 2 1 6 5 12 8 7 9 10 11 20 21 22 25 26 18 31 
0 17 27 28 16 14 13 3 4 5 6 2 1 12 8 7 9 10 11 20 21 22 24 19 18 31 
0 27 28 16 14 13 3 4 17 12 5 6 2 1 7 8 9 10 11 20 21 22 24 30 19 18 31 
0 27 28 16 14 13 3 4 17 12 5 6 2 1 7 8 9 10 11 20 21 22 24 25 30 19 18 31 
0 27 28 16 14 13 3 4 5 6 2 1 7 9 10 11 20 21 22 23 24 25 29 30 26 19 18 31 
0 17 27 28 16 14 13 3 4 5 6 2 1 7 9 10 11 20 21 22 23 24 25 29 30 19 18 31 
0 27 28 16 14 13 3 4 6 2 1 7 9 10 11 20 21 22 23 24 25 29 30 26 19 18 12 17 31 
0 27 28 16 14 13 3 4 6 2 1 7 8 9 10 11 20 21 22 23 24 25 29 30 26 19 18 31 
0 27 28 16 14 13 3 4 6 2 1 7 8 9 10 11 20 21 22 23 24 29 30 25 26 19 18 31 
0 27 28 16 14 13 3 4 5 6 2 1 7 8 9 10 11 20 21 22 23 24 25 29 30 26 18 31 
0 18 19 26 25 30 29 24 23 22 21 20 11 10 9 7 8 12 1 2 6 5 4 3 14 16 27 17 31 
0 17 27 28 16 14 13 3 4 5 6 2 1 7 9 10 11 20 21 22 23 24 29 30 19 18 31 
0 27 28 16 14 13 3 4 5 6 2 1 7 9 10 11 20 21 22 23 24 29 30 25 26 18 31 
0 18 19 26 25 30 29 24 23 22 21 20 11 10 9 7 8 12 5 6 1 2 4 3 14 16 28 27 17 31 
0 18 19 26 25 30 29 24 23 22 21 20 11 10 9 7 8 12 5 1 2 6 4 3 14 16 28 31 
0 27 28 16 14 13 3 4 6 2 1 7 9 10 11 20 21 22 23 24 29 30 25 26 19 18 31 
0 18 19 26 30 25 24 23 22 21 20 11 10 9 8 7 1 2 6 4 3 13 14 16 17 31 
0 17 27 28 16 15 14 13 3 4 5 6 2 1 7 8 9 10 11 20 21 22 24 25 30 19 18 31 
0 27 28 16 15 14 13 3 4 6 2 1 7 8 9 10 11 20 21 22 23 24 25 30 26 19 18 31 
0 17 5 12 18 19 26 30 25 24 23 22 21 20 11 10 9 8 7 1 2 6 4 3 14 16 31 
0 17 27 28 16 15 14 13 3 4 5 12 6 2 1 7 8 9 10 11 20 21 22 25 30 19 18 31 
0 17 27 28 16 15 14 13 3 4 2 1 6 5 12 8 7 9 10 11 20 25 30 19 18 31 
0 27 28 16 15 14 13 3 4 17 12 5 6 2 1 7 8 9 10 11 20 21 22 25 30 26 18 31 
0 17 27 28 16 15 14 13 3 4 5 6 2 1 7 9 10 11 20 21 22 23 24 25 30 19 18 31 
0 27 28 16 15 14 13 3 4 6 2 1 7 9 10 11 20 21 22 23 24 25 30 26 19 18 31 
0 27 28 16 15 14 13 3 4 5 6 2 1 7 8 9 10 11 20 21 22 23 24 25 30 26 18 31 
0 17 27 28 16 15 14 13 3 4 5 6 2 1 12 8 7 9 10 11 20 21 22 25 30 19 18 31 
0 17 27 28 16 15 14 13 3 4 2 6 5 12 8 7 9 10 11 20 21 22 25 26 19 18 31 
0 17 27 28 16 15 14 13 3 4 2 6 5 12 8 7 9 10 11 20 21 22 25 30 26 18 31 
0 18 19 26 30 25 24 23 22 21 20 11 10 9 7 8 12 5 1 2 6 4 3 14 16 28 31 
0 18 19 26 30 29 25 24 23 22 21 20 11 10 9 7 8 12 5 6 2 4 3 14 15 16 17 31 
0 18 19 26 30 25 24 23 22 21 20 11 10 9 7 8 12 5 6 1 2 4 3 14 15 16 17 31 
0 27 28 16 15 14 13 3 4 5 6 2 1 7 9 10 11 20 21 22 23 24 25 30 26 18 31 
0 17 27 28 16 15 14 13 3 4 6 2 1 5 12 8 7 9 10 11 20 21 25 30 19 18 31 
0 17 5 12 8 18 19 26 30 25 24 23 22 21 20 11 10 9 7 1 2 6 4 3 14 31 
0 17 4 3 13 14 15 16 28 27 18 19 26 30 25 24 23 22 21 20 11 10 9 8 7 31 
0 18 19 26 30 25 24 23 22 21 20 11 10 9 8 7 1 2 6 5 12 17 4 3 14 16 31 
0 18 19 26 30 25 24 23 22 21 20 11 10 9 7 8 12 1 2 6 5 4 3 14 16 27 17 31 
0 18 26 30 25 24 23 22 21 19 20 11 10 9 8 7 1 2 6 12 5 4 3 14 16 27 31 
0 18 19 26 30 25 24 23 22 21 20 11 10 9 8 7 1 2 6 12 5 4 3 14 16 27 17 31 
0 18 19 26 25 30 29 24 23 22 21 20 11 10 9 7 8 12 5 6 2 4 3 13 14 15 16 17 31 
0 27 28 16 15 14 13 3 4 5 6 2 1 7 8 9 10 11 20 21 22 23 24 25 30 26 18 31 
0 27 28 16 15 14 13 3 4 5 6 2 1 7 8 9 10 11 20 21 22 23 24 30 25 18 31 
0 12 18 19 26 30 29 25 24 23 22 21 20 11 10 9 8 7 1 2 6 5 4 16 27 31 
0 27 28 16 15 14 13 3 4 5 6 2 1 12 8 7 9 10 11 20 21 22 29 19 18 31 
0 27 28 16 15 14 13 3 4 5 6 2 1 12 8 7 9 10 11 20 21 22 25 30 26 18 31 
0 18 19 26 30 29 25 24 23 22 21 20 11 10 9 8 7 1 2 6 12 5 4 3 14 31 
0 27 28 16 15 14 13 3 4 5 12 6 2 1 7 8 9 10 11 20 21 22 25 29 19 18 31 
0 27 28 16 15 14 13 3 4 2 1 6 5 12 8 7 9 10 11 20 21 25 30 19 18 31 
0 27 28 16 15 14 13 3 4 5 12 6 2 1 7 8 9 10 11 20 21 22 29 30 31 
0 27 28 16 15 14 13 3 4 5 6 2 1 7 9 10 11 20 21 22 23 24 29 19 18 31 
0 27 28 16 15 14 13 3 4 5 6 2 1 7 9 10 11 20 21 22 23 24 25 30 26 18 31 
0 18 19 26 30 29 25 24 23 22 21 20 11 10 9 7 8 12 1 2 6 5 4 3 14 31 
0 18 19 26 25 30 29 24 23 22 21 20 11 10 9 7 8 12 1 2 6 5 4 3 14 16 27 31 
0 12 18 19 26 25 30 29 24 23 22 21 20 11 10 9 8 7 1 2 6 5 4 3 14 16 31 
0 17 5 12 18 19 26 30 29 25 24 23 22 21 20 11 10 9 8 7 1 2 6 4 16 31 
0 27 28 16 14 13 3 4 6 2 1 7 8 9 10 11 20 21 22 23 24 25 29 30 26 19 18 31 
0 17 27 28 16 14 13 3 4 5 6 2 1 7 8 9 10 11 20 21 22 23 24 25 29 19 18 31 
0 17 27 28 16 14 13 3 4 5 6 2 1 7 8 9 10 11 20 21 22 23 24 29 30 31 
0 18 19 26 30 29 25 24 23 22 21 20 11 10 9 7 8 12 5 1 2 6 4 3 14 17 31 
0 18 19 26 25 30 29 24 23 22 21 20 11 10 9 7 8 12 5 1 2 6 4 3 14 16 28 31 
0 27 28 16 14 13 3 4 5 6 2 1 7 8 9 10 11 20 21 22 23 24 29 30 25 26 18 31 
0 27 28 16 14 13 3 4 5 6 2 1 7 8 9 10 11 20 21 22 23 24 25 29 30 26 18 31 
0 18 19 26 30 29 25 24 23 22 21 20 11 10 9 8 7 1 2 6 12 5 4 3 14 17 31 
0 18 19 26 30 29 25 24 23 22 21 20 11 10 9 7 8 12 5 6 1 2 4 3 14 27 17 31 
0 18 19 26 25 30 29 24 23 22 21 20 11 10 9 7 8 12 5 6 1 2 4 3 14 16 28 27 17 31 
0 18 19 26 25 30 29 24 23 22 21 20 11 10 9 8 7 1 2 6 12 5 4 3 14 16 27 17 31 
0 18 19 26 30 29 25 24 23 22 21 20 11 10 9 7 8 12 1 2 6 5 4 3 14 17 31 
0 18 19 26 25 30 29 24 23 22 21 20 11 10 9 7 8 12 1 2 6 5 4 3 14 16 27 17 31 
0 17 27 28 16 14 13 3 4 5 12 6 2 1 7 8 9 10 11 20 21 22 24 25 18 31 
0 17 27 28 16 14 13 3 4 5 12 6 2 1 7 8 9 10 11 20 21 22 24 25 18 31 
0 17 27 28 16 14 13 3 4 2 1 6 5 12 8 7 9 10 11 20 21 22 25 30 19 18 31 
0 27 28 16 14 13 3 4 5 6 2 1 7 9 10 11 20 21 22 23 24 29 30 25 26 18 31 
0 27 28 16 14 13 3 4 5 6 2 1 7 9 10 11 20 21 22 23 24 25 29 30 26 19 18 31 
0 17 27 28 16 14 13 3 4 5 6 2 1 7 9 10 11 20 21 22 23 24 25 29 30 19 18 31 
0 17 27 28 16 14 13 3 4 5 6 2 1 12 8 7 9 10 11 20 21 22 24 19 18 31 
0 17 27 28 16 14 13 3 4 5 6 2 1 12 8 7 9 10 11 20 21 22 24 19 18 31 
0 27 28 16 14 13 3 4 17 12 5 6 2 1 7 8 9 10 11 20 21 22 24 25 30 19 18 31 
0 27 28 16 14 13 3 4 17 12 5 6 2 1 7 8 9 10 11 20 21 22 24 30 19 18 31 
0 17 5 12 18 19 26 25 30 29 24 23 22 21 20 11 10 9 8 7 1 2 6 4 3 14 28 31 
0 27 28 16 14 13 3 4 6 2 1 7 8 9 10 11 20 21 22 23 24 29 30 25 26 19 18 31 
0 17 27 28 16 14 13 3 4 2 1 6 5 12 8 7 9 10 11 20 21 22 25 26 18 31 
0 27 28 16 14 13 3 4 6 2 1 7 9 10 11 20 21 22 23 24 25 29 30 26 19 18 12 17 31 
0 27 28 16 14 13 3 4 6 2 1 7 9 10 11 20 21 22 23 24 29 30 25 26 19 18 31 
0 17 27 28 16 14 13 3 4 5 6 2 1 7 9 10 11 20 21 22 23 24 29 30 19 18 31 
0 27 28 16 17 14 13 3 4 5 6 2 1 7 8 9 10 11 20 21 22 23 24 29 19 18 31 
0 27 28 16 17 14 13 3 4 5 6 2 1 7 8 9 10 11 20 21 22 23 24 25 29 19 18 31 
0 18 19 26 30 29 25 24 23 22 21 20 11 10 9 8 7 1 12 5 6 4 3 14 16 17 31 
0 18 19 26 25 30 29 24 23 22 21 20 11 10 9 7 8 12 1 2 6 5 4 3 14 16 27 31 
0 27 28 16 15 14 13 3 4 5 6 2 1 7 8 9 10 11 20 21 22 23 24 25 30 26 18 31 
0 27 28 16 15 14 13 3 4 5 6 2 1 12 8 7 9 10 11 20 21 22 25 30 26 18 31 
0 27 28 16 15 14 13 3 4 5 12 6 2 1 7 8 9 10 11 20 21 22 25 29 19 18 31 
0 12 18 19 26 30 29 25 24 23 22 21 20 11 10 9 8 7 1 2 6 5 4 16 27 31 
0 12 18 19 26 25 30 29 24 23 22 21 20 11 10 9 8 7 1 2 6 5 4 3 14 16 31 
0 27 28 16 15 14 13 3 4 5 6 2 1 7 9 10 11 20 21 22 23 24 25 30 26 18 31 
0 27 28 16 15 14 13 3 4 5 6 2 1 7 9 10 11 20 21 22 23 24 29 19 18 31 
0 27 28 16 15 14 13 3 4 5 6 2 1 12 8 7 9 10 11 20 21 22 29 19 18 31 
0 27 28 16 15 14 13 3 4 5 12 6 2 1 7 8 9 10 11 20 21 22 29 30 31 
0 27 28 16 15 14 13 3 4 2 1 6 5 12 8 7 9 10 11 20 21 25 26 18 31 
0 18 19 26 30 29 25 24 23 22 21 20 11 10 9 8 7 1 2 6 12 5 4 3 14 31 
0 27 28 16 15 14 13 3 4 5 6 2 1 7 8 9 10 11 20 21 22 23 24 30 25 18 31 
0 27 28 16 15 14 13 3 4 2 1 6 5 12 8 7 9 10 11 20 21 25 30 19 18 31 
0 17 5 12 18 19 26 30 29 25 24 23 22 21 20 11 10 9 8 7 1 2 6 4 16 31 
0 17 27 28 16 14 13 3 4 5 12 6 2 1 7 8 9 10 11 20 21 22 24 25 18 31 
0 18 19 26 30 29 25 24 23 22 21 20 11 10 9 8 7 1 2 6 12 5 4 3 14 17 31 
0 18 19 26 30 29 25 24 23 22 21 20 11 10 9 7 8 12 1 2 6 5 4 3 14 17 31 
0 27 28 16 14 13 3 4 5 6 2 1 7 9 10 11 20 21 22 23 24 25 29 30 26 19 18 31 
0 27 28 16 14 13 3 4 5 6 2 1 7 8 9 10 11 20 21 22 23 24 25 29 30 26 18 31 
0 17 27 28 16 14 13 3 4 5 6 2 1 7 8 9 10 11 20 21 22 23 24 25 29 19 18 31 
0 27 28 16 14 13 3 4 17 12 5 6 2 1 7 8 9 10 11 20 21 22 24 30 19 18 31 
0 27 28 16 14 13 3 4 5 6 2 1 7 9 10 11 20 21 22 23 24 29 30 25 26 18 31 
0 27 28 16 14 13 3 4 5 6 2 1 7 8 9 10 11 20 21 22 23 24 29 30 25 26 18 31 
0 17 27 28 16 14 13 3 4 5 6 2 1 7 8 9 10 11 20 21 22 23 24 29 30 31 
0 17 27 28 16 14 13 3 4 5 12 6 2 1 7 8 9 10 11 20 21 22 24 25 18 31 
0 17 27 28 16 14 13 3 4 2 1 6 5 12 8 7 9 10 11 20 21 22 25 26 18 31 
0 17 27 28 16 14 13 3 4 2 1 6 5 12 8 7 9 10 11 20 21 22 25 30 19 18 31 
0 27 28 16 14 13 3 4 17 12 5 6 2 1 7 8 9 10 11 20 21 22 24 25 30 19 18 31 
0 17 27 28 16 14 13 3 4 5 6 2 1 12 8 7 9 10 11 20 21 22 24 19 18 31 
0 17 27 28 16 14 13 3 4 5 6 2 1 12 8 7 9 10 11 20 21 22 24 19 18 31 
0 18 19 26 30 29 25 24 23 22 21 20 11 10 9 7 8 12 5 6 1 2 4 3 14 27 17 31 
0 18 19 26 30 29 25 24 23 22 21 20 11 10 9 7 8 12 5 1 2 6 4 3 14 17 31 
0 18 19 26 25 30 29 24 23 22 21 20 11 10 9 7 8 12 5 1 2 6 4 3 14 16 28 31 
0 18 19 26 25 30 29 24 23 22 21 20 11 10 9 8 7 1 2 6 12 5 4 3 14 16 27 17 31 
0 18 19 26 25 30 29 24 23 22 21 20 11 10 9 7 8 12 5 6 1 2 4 3 14 16 28 27 17 31 
0 27 28 16 14 13 3 4 6 2 1 7 8 9 10 11 20 21 22 23 24 29 30 25 26 19 18 31 
0 27 28 16 14 13 3 4 6 2 1 7 8 9 10 11 20 21 22 23 24 25 29 30 26 19 18 31 
0 17 5 12 18 19 26 25 30 29 24 23 22 21 20 11 10 9 8 7 1 2 6 4 3 14 28 31 
0 27 28 16 14 13 3 4 6 2 1 7 9 10 11 20 21 22 23 24 25 29 30 26 19 18 12 17 31 
0 17 27 28 16 14 13 3 4 5 6 2 1 7 9 10 11 20 21 22 23 24 25 29 30 19 18 31 
0 17 27 28 16 14 13 3 4 5 6 2 1 7 9 10 11 20 21 22 23 24 29 30 19 18 31 
0 18 19 26 25 30 29 24 23 22 21 20 11 10 9 7 8 12 1 2 6 5 4 3 14 16 27 17 31 
0 27 28 16 14 13 3 4 6 2 1 7 9 10 11 20 21 22 23 24 29 30 25 26 19 18 31 
0 18 19 26 30 29 25 24 23 22 21 20 11 10 9 8 7 1 12 5 6 4 3 14 16 17 31 
0 27 28 16 15 14 13 3 4 5 6 2 1 12 8 7 9 10 11 20 21 22 25 30 26 18 31 
0 12 18 19 26 30 29 25 24 23 22 21 20 11 10 9 8 7 1 2 6 5 4 16 27 31 
0 12 18 19 26 25 30 29 24 23 22 21 20 11 10 9 8 7 1 2 6 5 4 3 14 16 31 
0 27 28 16 15 14 13 3 4 5 12 6 2 1 7 8 9 10 11 20 21 22 25 29 19 18 31 
0 27 28 16 15 14 13 3 4 2 1 6 5 12 8 7 9 10 11 20 21 25 30 19 18 31 
0 27 28 16 15 14 13 3 4 5 6 2 1 12 8 7 9 10 11 20 21 22 29 19 18 31 
0 27 28 16 15 14 13 3 4 2 1 6 5 12 8 7 9 10 11 20 21 25 26 18 31 
0 27 28 16 15 14 13 3 4 5 12 6 2 1 7 8 9 10 11 20 21 22 29 30 31 
0 27 28 16 15 14 13 3 4 5 6 2 1 7 8 9 10 11 20 21 22 23 24 30 25 18 31 
0 18 19 26 30 29 25 24 23 22 21 20 11 10 9 8 7 1 2 6 12 5 4 3 14 31 
0 27 28 16 15 14 13 3 4 5 6 2 1 7 8 9 10 11 20 21 22 23 24 25 30 26 18 31 
0 27 28 16 15 14 13 3 4 5 6 2 1 7 9 10 11 20 21 22 23 24 25 30 26 18 31 
0 27 28 16 15 14 13 3 4 5 6 2 1 7 9 10 11 20 21 22 23 24 29 19 18 31 
0 18 19 26 30 29 25 24 23 22 21 20 11 10 9 7 8 12 1 2 6 5 4 3 14 31 
0 18 19 26 25 30 29 24 23 22 21 20 11 10 9 7 8 12 1 2 6 5 4 3 14 16 27 31 
0 18 19 26 25 30 29 24 23 22 21 20 11 10 9 8 7 1 2 6 12 5 4 3 14 16 27 31 
0 18 19 26 30 29 25 24 23 22 21 20 11 10 9 7 8 12 5 1 2 6 4 3 14 17 31 
0 27 28 16 14 13 3 4 5 6 2 1 7 8 9 10 11 20 21 22 23 24 25 29 30 26 18 31 
0 17 5 12 18 19 26 30 29 25 24 23 22 21 20 11 10 9 8 7 1 2 6 4 16 31 
0 17 27 28 16 14 13 3 4 5 6 2 1 7 8 9 10 11 20 21 22 23 24 25 29 19 18 31 
0 18 19 26 30 29 25 24 23 22 21 20 11 10 9 8 7 1 2 6 12 5 4 3 14 17 31 
0 18 19 26 30 29 25 24 23 22 21 20 11 10 9 7 8 12 5 6 1 2 4 3 14 27 17 31 
0 17 27 28 16 14 13 3 4 2 1 6 5 12 8 7 9 10 11 20 21 22 25 26 18 31 
0 17 27 28 16 14 13 3 4 2 1 6 5 12 8 7 9 10 11 20 21 22 25 30 19 18 31 
0 17 27 28 16 14 13 3 4 5 6 2 1 12 8 7 9 10 11 20 21 22 24 19 18 31 
0 18 19 26 25 30 29 24 23 22 21 20 11 10 9 7 8 12 1 2 6 5 4 3 14 16 27 17 31 
0 18 19 26 30 29 25 24 23 22 21 20 11 10 9 7 8 12 1 2 6 5 4 3 14 17 31 
0 17 27 28 16 14 13 3 4 5 6 2 1 7 9 10 11 20 21 22 23 24 29 30 19 18 31 
0 17 27 28 16 14 13 3 4 5 6 2 1 7 8 9 10 11 20 21 22 23 24 29 30 31 
0 17 27 28 16 14 13 3 4 5 6 2 1 12 8 7 9 10 11 20 21 22 24 19 18 31 
0 17 27 28 16 14 13 3 4 5 12 6 2 1 7 8 9 10 11 20 21 22 24 25 18 31 
0 27 28 16 14 13 3 4 17 12 5 6 2 1 7 8 9 10 11 20 21 22 24 30 19 18 31 
0 27 28 16 14 13 3 4 17 12 5 6 2 1 7 8 9 10 11 20 21 22 24 25 30 19 18 31 
0 17 27 28 16 14 13 3 4 5 12 6 2 1 7 8 9 10 11 20 21 22 24 25 18 31 
0 18 19 26 25 30 29 24 23 22 21 20 11 10 9 8 7 1 2 6 12 5 4 3 14 16 27 17 31 
0 18 19 26 25 30 29 24 23 22 21 20 11 10 9 7 8 12 5 6 1 2 4 3 14 16 28 27 17 31 
0 27 28 16 14 13 3 4 5 6 2 1 7 9 10 11 20 21 22 23 24 29 30 25 26 18 31 
0 27 28 16 14 13 3 4 5 6 2 1 7 9 10 11 20 21 22 23 24 25 29 30 26 19 18 31 
0 17 27 28 16 14 13 3 4 5 6 2 1 7 9 10 11 20 21 22 23 24 25 29 30 19 18 31 
0 17 5 12 18 19 26 25 30 29 24 23 22 21 20 11 10 9 8 7 1 2 6 4 3 14 28 31 
0 27 28 16 14 13 3 4 5 6 2 1 7 8 9 10 11 20 21 22 23 24 29 30 25 26 18 31 
0 27 28 16 14 13 3 4 6 2 1 7 9 10 11 20 21 22 23 24 29 30 25 26 19 18 31 
0 27 28 16 14 13 3 4 6 2 1 7 8 9 10 11 20 21 22 23 24 29 30 25 26 19 18 31 
0 27 28 16 14 13 3 4 6 2 1 7 8 9 10 11 20 21 22 23 24 25 29 30 26 19 18 31 
0 18 19 26 25 30 29 24 23 22 21 20 11 10 9 7 8 12 5 1 2 6 4 3 14 16 28 31 
0 27 28 16 14 13 3 4 6 2 1 7 9 10 11 20 21 22 23 24 25 29 30 26 19 18 12 17 31 
0 18 19 26 30 29 25 24 23 22 21 20 11 10 9 8 7 1 12 5 6 4 3 14 16 17 31 
0 27 28 16 15 14 13 3 4 2 1 6 5 12 8 7 9 10 11 20 21 25 26 18 31 
0 12 18 19 26 30 29 25 24 23 22 21 20 11 10 9 8 7 1 2 6 5 4 16 27 31 
0 12 18 19 26 25 30 29 24 23 22 21 20 11 10 9 8 7 1 2 6 5 4 3 14 16 31 
0 27 28 16 15 14 13 3 4 5 6 2 1 7 8 9 10 11 20 21 22 23 24 30 25 18 31 
0 27 28 16 15 14 13 3 4 5 6 2 1 12 8 7 9 10 11 20 21 22 29 19 18 31 
0 27 28 16 15 14 13 3 4 5 12 6 2 1 7 8 9 10 11 20 21 22 29 30 31 
0 27 28 16 15 14 13 3 4 5 12 6 2 1 7 8 9 10 11 20 21 22 25 29 19 18 31 
0 27 28 16 15 14 13 3 4 2 1 6 5 12 8 7 9 10 11 20 21 25 30 19 18 31 
0 27 28 16 15 14 13 3 4 5 6 2 1 12 8 7 9 10 11 20 21 22 25 30 26 18 31 
0 27 28 16 15 14 13 3 4 5 6 2 1 7 8 9 10 11 20 21 22 23 24 25 30 26 18 31 
0 27 28 16 15 14 13 3 4 5 6 2 1 7 9 10 11 20 21 22 23 24 25 30 26 18 31 
0 27 28 16 15 14 13 3 4 5 6 2 1 7 9 10 11 20 21 22 23 24 29 19 18 31 
0 18 19 26 30 29 25 24 23 22 21 20 11 10 9 8 7 1 2 6 12 5 4 3 14 31 
0 27 28 16 14 13 3 4 6 2 1 7 8 9 10 11 20 21 22 23 24 25 29 30 26 19 18 31 
0 18 19 26 30 29 25 24 23 22 21 20 11 10 9 8 7 1 2 6 12 5 4 3 14 17 31 
0 18 19 26 25 30 29 24 23 22 21 20 11 10 9 8 7 1 2 6 12 5 4 3 14 16 27 17 31 
0 18 19 26 25 30 29 24 23 22 21 20 11 10 9 7 8 12 5 6 1 2 4 3 14 16 28 27 17 31 
0 18 19 26 30 29 25 24 23 22 21 20 11 10 9 7 8 12 5 6 1 2 4 3 14 27 17 31 
0 27 28 16 14 13 3 4 5 6 2 1 7 9 10 11 20 21 22 23 24 25 29 30 26 19 18 31 
0 17 27 28 16 14 13 3 4 5 6 2 1 7 9 10 11 20 21 22 23 24 29 30 19 18 31 
0 17 27 28 16 14 13 3 4 5 6 2 1 7 8 9 10 11 20 21 22 23 24 29 30 31 
0 17 27 28 16 14 13 3 4 5 6 2 1 7 8 9 10 11 20 21 22 23 24 25 29 19 18 31 
0 17 27 28 16 14 13 3 4 5 6 2 1 12 8 7 9 10 11 20 21 22 24 19 18 31 
0 17 5 12 18 19 26 30 29 25 24 23 22 21 20 11 10 9 8 7 1 2 6 4 16 31 
0 17 5 12 18 19 26 25 30 29 24 23 22 21 20 11 10 9 8 7 1 2 6 4 3 14 28 31 
0 18 19 26 30 29 25 24 23 22 21 20 11 10 9 7 8 12 1 2 6 5 4 3 14 17 31 
0 27 28 16 14 13 3 4 5 6 2 1 7 8 9 10 11 20 21 22 23 24 25 29 30 26 18 31 
0 27 28 16 14 13 3 4 5 6 2 1 7 8 9 10 11 20 21 22 23 24 29 30 25 26 18 31 
0 17 27 28 16 14 13 3 4 2 1 6 5 12 8 7 9 10 11 20 21 22 25 26 18 31 
0 17 27 28 16 14 13 3 4 5 12 6 2 1 7 8 9 10 11 20 21 22 24 25 18 31 
0 17 27 28 16 14 13 3 4 5 12 6 2 1 7 8 9 10 11 20 21 22 24 25 18 31 
0 18 19 26 30 29 25 24 23 22 21 20 11 10 9 7 8 12 5 1 2 6 4 3 14 17 31 
0 18 19 26 25 30 29 24 23 22 21 20 11 10 9 7 8 12 5 1 2 6 4 3 14 16 28 31 
0 18 19 26 25 30 29 24 23 22 21 20 11 10 9 7 8 12 1 2 6 5 4 3 14 16 27 17 31 
0 27 28 16 14 13 3 4 6 2 1 7 8 9 10 11 20 21 22 23 24 29 30 25 26 19 18 31 
0 27 28 16 14 13 3 4 17 12 5 6 2 1 7 8 9 10 11 20 21 22 24 25 30 19 18 31 
0 27 28 16 14 13 3 4 17 12 5 6 2 1 7 8 9 10 11 20 21 22 24 30 19 18 31 
0 17 27 28 16 14 13 3 4 5 6 2 1 12 8 7 9 10 11 20 21 22 24 19 18 31 
0 17 27 28 16 14 13 3 4 2 1 6 5 12 8 7 9 10 11 20 21 22 25 30 19 18 31 
0 27 28 16 14 13 3 4 5 6 2 1 7 9 10 11 20 21 22 23 24 29 30 25 26 18 31 
0 27 28 16 14 13 3 4 6 2 1 7 9 10 11 20 21 22 23 24 25 29 30 26 19 18 12 17 31 
0 27 28 16 14 13 3 4 6 2 1 7 9 10 11 20 21 22 23 24 29 30 25 26 19 18 31 
0 17 27 28 16 14 13 3 4 5 6 2 1 7 9 10 11 20 21 22 23 24 25 29 30 19 18 31 
0 17 27 28 16 15 14 13 3 4 5 12 6 2 1 7 8 9 10 11 20 21 22 25 30 19 18 31 
0 17 27 28 16 15 14 13 3 4 2 1 6 5 12 8 7 9 10 11 20 25 30 19 18 31 
0 27 28 16 15 14 13 3 4 5 6 2 1 7 8 9 10 11 20 21 22 23 24 25 30 26 18 31 
0 27 28 16 15 14 13 3 4 5 6 2 1 7 9 10 11 20 21 22 23 24 25 30 26 18 31 
0 17 27 28 16 15 14 13 3 4 5 6 2 1 7 8 9 10 11 20 21 22 24 25 30 19 18 31 
0 27 28 16 15 14 13 3 4 6 2 1 7 8 9 10 11 20 21 22 23 24 25 30 26 19 18 31 
0 17 5 12 18 19 26 30 25 24 23 22 21 20 11 10 9 8 7 1 2 6 4 3 14 16 31 
0 17 5 12 8 18 19 26 30 25 24 23 22 21 20 11 10 9 7 1 2 6 4 3 14 31 
0 17 27 28 16 15 14 13 3 4 5 6 2 1 7 9 10 11 20 21 22 23 24 25 30 19 18 31 
0 27 28 16 15 14 13 3 4 6 2 1 7 9 10 11 20 21 22 23 24 25 30 26 19 18 31 
0 17 27 28 16 15 14 13 3 4 2 6 5 12 8 7 9 10 11 20 21 22 25 30 26 18 31 
0 17 27 28 16 15 14 13 3 4 5 6 2 1 12 8 7 9 10 11 20 21 22 25 30 19 18 31 
0 27 28 16 15 14 13 3 4 17 12 5 6 2 1 7 8 9 10 11 20 21 22 25 30 26 18 31 
0 18 19 26 30 25 24 23 22 21 20 11 10 9 8 7 1 2 6 4 3 13 14 16 17 31 
0 17 27 28 16 15 14 13 3 4 2 6 5 12 8 7 9 10 11 20 21 22 25 26 19 18 31 
0 17 27 28 16 15 14 13 3 4 6 2 1 5 12 8 7 9 10 11 20 21 25 30 19 18 31 
0 18 19 26 25 30 29 24 23 22 21 20 11 10 9 7 8 12 5 6 2 4 3 13 14 15 16 17 31 
0 18 19 26 30 29 25 24 23 22 21 20 11 10 9 7 8 12 5 6 2 4 3 14 15 16 17 31 
0 18 19 26 30 25 24 23 22 21 20 11 10 9 7 8 12 5 6 1 2 4 3 14 15 16 17 31 
0 18 19 26 30 25 24 23 22 21 20 11 10 9 7 8 12 1 2 6 5 4 3 14 16 27 17 31 
0 18 19 26 30 25 24 23 22 21 20 11 10 9 7 8 12 5 1 2 6 4 3 14 16 28 31 
0 17 4 3 13 14 15 16 28 27 18 19 26 30 25 24 23 22 21 20 11 10 9 8 7 31 
0 18 19 26 30 25 24 23 22 21 20 11 10 9 8 7 1 2 6 5 12 17 4 3 14 16 31 
0 27 28 16 15 14 13 3 4 5 6 2 1 7 9 10 11 20 21 22 23 24 25 30 26 18 31 
0 27 28 16 15 14 13 3 4 5 6 2 1 7 9 10 11 20 21 22 23 24 29 19 18 31 
0 27 28 16 15 14 13 3 4 5 6 2 1 7 8 9 10 11 20 21 22 23 24 25 30 26 18 31 
0 27 28 16 15 14 13 3 4 5 6 2 1 12 8 7 9 10 11 20 21 22 25 30 26 18 31 
0 27 28 16 15 14 13 3 4 5 6 2 1 12 8 7 9 10 11 20 21 22 29 19 18 31 
0 12 18 19 26 25 30 29 24 23 22 21 20 11 10 9 8 7 1 2 6 5 4 3 14 16 31 
0 27 28 16 15 14 13 3 4 5 6 2 1 7 8 9 10 11 20 21 22 23 24 30 25 18 31 
0 18 19 26 30 29 25 24 23 22 21 20 11 10 9 8 7 1 2 6 12 5 4 3 14 31 
0 12 18 19 26 30 29 25 24 23 22 21 20 11 10 9 8 7 1 2 6 5 4 16 27 31 
0 27 28 16 15 14 13 3 4 5 12 6 2 1 7 8 9 10 11 20 21 22 29 30 31 
0 27 28 16 15 14 13 3 4 5 12 6 2 1 7 8 9 10 11 20 21 22 25 29 19 18 31 
0 27 28 16 15 14 13 3 4 2 1 6 5 12 8 7 9 10 11 20 21 25 30 19 18 31 
0 27 28 16 15 14 13 3 4 2 1 6 5 12 8 7 9 10 11 20 21 25 26 18 31 
0 18 19 26 30 29 25 24 23 22 21 20 11 10 9 8 7 1 2 6 12 5 4 3 14 17 31 
0 27 28 16 14 13 3 4 5 6 2 1 7 8 9 10 11 20 21 22 23 24 25 29 30 26 18 31 
0 27 28 16 14 13 3 4 5 6 2 1 7 8 9 10 11 20 21 22 23 24 29 30 25 26 18 31 
0 17 27 28 16 14 13 3 4 5 12 6 2 1 7 8 9 10 11 20 21 22 24 25 18 31 
0 17 27 28 16 14 13 3 4 5 6 2 1 12 8 7 9 10 11 20 21 22 24 19 18 31 
0 17 5 12 18 19 26 30 29 25 24 23 22 21 20 11 10 9 8 7 1 2 6 4 16 31 
0 17 5 12 18 19 26 25 30 29 24 23 22 21 20 11 10 9 8 7 1 2 6 4 3 14 28 31 
0 27 28 16 14 13 3 4 6 2 1 7 8 9 10 11 20 21 22 23 24 29 30 25 26 19 18 31 
0 27 28 16 14 13 3 4 6 2 1 7 8 9 10 11 20 21 22 23 24 25 29 30 26 19 18 31 
0 18 19 26 30 29 25 24 23 22 21 20 11 10 9 7 8 12 1 2 6 5 4 3 14 17 31 
0 18 19 26 30 29 25 24 23 22 21 20 11 10 9 7 8 12 5 6 1 2 4 3 14 27 17 31 
0 18 19 26 25 30 29 24 23 22 21 20 11 10 9 7 8 12 5 6 1 2 4 3 14 16 28 27 17 31 
0 18 19 26 25 30 29 24 23 22 21 20 11 10 9 7 8 12 1 2 6 5 4 3 14 16 27 17 31 
0 17 27 28 16 14 13 3 4 5 12 6 2 1 7 8 9 10 11 20 21 22 24 25 18 31 
0 17 27 28 16 14 13 3 4 5 6 2 1 12 8 7 9 10 11 20 21 22 24 19 18 31 
0 17 27 28 16 14 13 3 4 2 1 6 5 12 8 7 9 10 11 20 21 22 25 26 18 31 
0 17 27 28 16 14 13 3 4 2 1 6 5 12 8 7 9 10 11 20 21 22 25 30 19 18 31 
0 27 28 16 14 13 3 4 17 12 5 6 2 1 7 8 9 10 11 20 21 22 24 25 30 19 18 31 
0 17 27 28 16 14 13 3 4 5 6 2 1 7 8 9 10 11 20 21 22 23 24 25 29 19 18 31 
0 17 27 28 16 14 13 3 4 5 6 2 1 7 8 9 10 11 20 21 22 23 24 29 30 31 
0 18 19 26 25 30 29 24 23 22 21 20 11 10 9 8 7 1 2 6 12 5 4 3 14 16 27 17 31 
0 27 28 16 14 13 3 4 17 12 5 6 2 1 7 8 9 10 11 20 21 22 24 30 19 18 31 
0 17 27 28 16 14 13 3 4 5 6 2 1 7 9 10 11 20 21 22 23 24 29 30 19 18 31 
0 17 27 28 16 14 13 3 4 5 6 2 1 7 9 10 11 20 21 22 23 24 25 29 30 19 18 31 
0 18 19 26 30 29 25 24 23 22 21 20 11 10 9 7 8 12 5 1 2 6 4 3 14 17 31 
0 18 19 26 25 30 29 24 23 22 21 20 11 10 9 7 8 12 5 1 2 6 4 3 14 16 28 31 
0 27 28 16 14 13 3 4 6 2 1 7 9 10 11 20 21 22 23 24 29 30 25 26 19 18 31 
0 27 28 16 14 13 3 4 6 2 1 7 9 10 11 20 21 22 23 24 25 29 30 26 19 18 12 17 31 
0 27 28 16 14 13 3 4 5 6 2 1 7 9 10 11 20 21 22 23 24 25 29 30 26 19 18 31 
0 27 28 16 14 13 3 4 5 6 2 1 7 9 10 11 20 21 22 23 24 29 30 25 26 18 31 
0 27 28 16 17 14 13 3 4 5 6 2 1 12 8 7 9 10 11 20 21 22 24 19 18 31 
0 18 19 26 30 29 25 24 23 22 21 20 11 10 9 8 7 1 12 5 6 4 3 14 16 17 31 
0 12 18 19 26 30 29 25 24 23 22 21 20 11 10 9 8 7 1 2 6 5 4 16 27 31 
0 12 18 19 26 25 30 29 24 23 22 21 20 11 10 9 8 7 1 2 6 5 4 3 14 16 31 
0 27 28 16 15 14 13 3 4 5 6 2 1 12 8 7 9 10 11 20 21 22 29 19 18 31 
0 27 28 16 15 14 13 3 4 2 1 6 5 12 8 7 9 10 11 20 21 25 26 18 31 
0 27 28 16 15 14 13 3 4 2 1 6 5 12 8 7 9 10 11 20 21 25 30 19 18 31 
0 27 28 16 15 14 13 3 4 5 6 2 1 7 8 9 10 11 20 21 22 23 24 30 25 18 31 
0 27 28 16 15 14 13 3 4 5 12 6 2 1 7 8 9 10 11 20 21 22 29 30 31 
0 27 28 16 15 14 13 3 4 5 6 2 1 7 9 10 11 20 21 22 23 24 25 30 26 18 31 
0 27 28 16 15 14 13 3 4 5 6 2 1 7 9 10 11 20 21 22 23 24 29 19 18 31 
0 27 28 16 15 14 13 3 4 5 6 2 1 7 8 9 10 11 20 21 22 23 24 25 30 26 18 31 
0 27 28 16 15 14 13 3 4 5 6 2 1 12 8 7 9 10 11 20 21 22 25 30 26 18 31 
0 27 28 16 15 14 13 3 4 5 12 6 2 1 7 8 9 10 11 20 21 22 25 29 19 18 31 
0 18 19 26 25 30 29 24 23 22 21 20 11 10 9 7 8 12 1 2 6 5 4 3 14 16 27 31 
0 18 19 26 30 29 25 24 23 22 21 20 11 10 9 8 7 1 2 6 12 5 4 3 14 31 
0 18 19 26 30 29 25 24 23 22 21 20 11 10 9 7 8 12 5 1 2 6 4 3 14 17 31 
0 18 19 26 30 29 25 24 23 22 21 20 11 10 9 7 8 12 5 6 1 2 4 3 14 27 17 31 
0 18 19 26 30 29 25 24 23 22 21 20 11 10 9 8 7 1 2 6 12 5 4 3 14 17 31 
0 17 27 28 16 14 13 3 4 5 12 6 2 1 7 8 9 10 11 20 21 22 24 25 18 31 
0 27 28 16 14 13 3 4 5 6 2 1 7 8 9 10 11 20 21 22 23 24 25 29 30 26 18 31 
0 27 28 16 14 13 3 4 5 6 2 1 7 8 9 10 11 20 21 22 23 24 29 30 25 26 18 31 
0 17 5 12 18 19 26 30 29 25 24 23 22 21 20 11 10 9 8 7 1 2 6 4 16 31 
0 18 19 26 25 30 29 24 23 22 21 20 11 10 9 7 8 12 5 6 1 2 4 3 14 16 28 27 17 31 
0 18 19 26 25 30 29 24 23 22 21 20 11 10 9 8 7 1 2 6 12 5 4 3 14 16 27 17 31 
0 17 27 28 16 14 13 3 4 2 1 6 5 12 8 7 9 10 11 20 21 22 25 30 19 18 31 
0 17 27 28 16 14 13 3 4 2 1 6 5 12 8 7 9 10 11 20 21 22 25 26 18 31 
0 17 27 28 16 14 13 3 4 5 6 2 1 12 8 7 9 10 11 20 21 22 24 19 18 31 
0 17 27 28 16 14 13 3 4 5 6 2 1 12 8 7 9 10 11 20 21 22 24 19 18 31 
0 27 28 16 14 13 3 4 17 12 5 6 2 1 7 8 9 10 11 20 21 22 24 25 30 19 18 31 
0 18 19 26 30 29 25 24 23 22 21 20 11 10 9 7 8 12 1 2 6 5 4 3 14 17 31 
0 18 19 26 25 30 29 24 23 22 21 20 11 10 9 7 8 12 1 2 6 5 4 3 14 16 27 17 31 
0 18 19 26 25 30 29 24 23 22 21 20 11 10 9 7 8 12 5 1 2 6 4 3 14 16 28 31 
0 27 28 16 14 13 3 4 5 6 2 1 7 9 10 11 20 21 22 23 24 29 30 25 26 18 31 
0 17 27 28 16 14 13 3 4 5 6 2 1 7 9 10 11 20 21 22 23 24 29 30 19 18 31 
0 17 27 28 16 14 13 3 4 5 6 2 1 7 9 10 11 20 21 22 23 24 25 29 30 19 18 31 
0 17 27 28 16 14 13 3 4 5 6 2 1 7 8 9 10 11 20 21 22 23 24 25 29 19 18 31 
0 17 27 28 16 14 13 3 4 5 12 6 2 1 7 8 9 10 11 20 21 22 24 25 18 31 
0 27 28 16 14 13 3 4 17 12 5 6 2 1 7 8 9 10 11 20 21 22 24 30 19 18 31 
0 17 27 28 16 14 13 3 4 5 6 2 1 7 8 9 10 11 20 21 22 23 24 29 30 31 
0 27 28 16 14 13 3 4 5 6 2 1 7 9 10 11 20 21 22 23 24 25 29 30 26 19 18 31 
0 17 5 12 18 19 26 25 30 29 24 23 22 21 20 11 10 9 8 7 1 2 6 4 3 14 28 31 
0 27 28 16 14 13 3 4 6 2 1 7 8 9 10 11 20 21 22 23 24 29 30 25 26 19 18 31 
0 27 28 16 14 13 3 4 6 2 1 7 8 9 10 11 20 21 22 23 24 25 29 30 26 19 18 31 
0 27 28 16 14 13 3 4 6 2 1 7 9 10 11 20 21 22 23 24 25 29 30 26 19 18 12 17 31 
0 27 28 16 14 13 3 4 6 2 1 7 9 10 11 20 21 22 23 24 29 30 25 26 19 18 31 
0 27 28 16 15 14 13 3 4 5 6 2 1 7 8 9 10 11 20 21 22 23 24 25 30 26 18 31 
0 27 28 16 15 14 13 3 4 6 2 1 7 8 9 10 11 20 21 22 23 24 25 30 26 19 18 31 
0 17 5 12 18 19 26 30 25 24 23 22 21 20 11 10 9 8 7 1 2 6 4 3 14 16 31 
0 17 27 28 16 15 14 13 3 4 5 6 2 1 7 8 9 10 11 20 21 22 24 25 30 19 18 31 
0 17 27 28 16 15 14 13 3 4 5 12 6 2 1 7 8 9 10 11 20 21 22 25 30 19 18 31 
0 27 28 16 15 14 13 3 4 17 12 5 6 2 1 7 8 9 10 11 20 21 22 25 30 26 18 31 
0 17 27 28 16 15 14 13 3 4 2 1 6 5 12 8 7 9 10 11 20 25 30 19 18 31 
0 17 27 28 16 15 14 13 3 4 5 6 2 1 12 8 7 9 10 11 20 21 22 25 30 19 18 31 
0 17 27 28 16 15 14 13 3 4 2 6 5 12 8 7 9 10 11 20 21 22 25 30 26 18 31 
0 17 27 28 16 15 14 13 3 4 6 2 1 5 12 8 7 9 10 11 20 21 25 30 19 18 31 
0 17 27 28 16 15 14 13 3 4 5 6 2 1 7 9 10 11 20 21 22 23 24 25 30 19 18 31 
0 27 28 16 15 14 13 3 4 6 2 1 7 9 10 11 20 21 22 23 24 25 30 26 19 18 31 
0 27 28 16 15 14 13 3 4 5 6 2 1 7 9 10 11 20 21 22 23 24 25 30 26 18 31 
0 18 19 26 30 29 25 24 23 22 21 20 11 10 9 7 8 12 5 6 2 4 3 14 15 16 17 31 
0 18 19 26 25 30 29 24 23 22 21 20 11 10 9 7 8 12 5 6 2 4 3 13 14 15 16 17 31 
0 17 27 28 16 15 14 13 3 4 2 6 5 12 8 7 9 10 11 20 21 22 25 26 19 18 31 
0 17 5 12 8 18 19 26 30 25 24 23 22 21 20 11 10 9 7 1 2 6 4 3 14 31 
0 18 19 26 30 25 24 23 22 21 20 11 10 9 8 7 1 2 6 5 12 17 4 3 14 16 31 
0 18 19 26 30 25 24 23 22 21 20 11 10 9 7 8 12 1 2 6 5 4 3 14 16 27 17 31 
0 18 19 26 30 25 24 23 22 21 20 11 10 9 7 8 12 5 1 2 6 4 3 14 16 28 31 
0 18 19 26 30 25 24 23 22 21 20 11 10 9 7 8 12 5 6 1 2 4 3 14 15 16 17 31 
0 18 19 26 30 25 24 23 22 21 20 11 10 9 8 7 1 2 6 12 5 4 3 14 16 27 17 31 
0 18 26 30 25 24 23 22 21 19 20 11 10 9 8 7 1 2 6 12 5 4 3 14 16 27 31 
0 26 30 25 24 23 22 21 19 18 20 11 10 9 8 7 1 2 6 12 5 4 3 14 16 17 31 
0 18 19 26 30 25 24 23 22 21 20 11 10 9 8 7 1 2 6 4 3 13 14 16 17 31 
0 17 4 3 13 14 15 16 28 27 18 19 26 30 25 24 23 22 21 20 11 10 9 8 7 31 
0 27 28 16 15 14 13 3 4 5 6 2 1 12 8 7 9 10 11 20 21 22 25 30 26 18 31 
0 27 28 16 15 14 13 3 4 5 6 2 1 7 8 9 10 11 20 21 22 23 24 25 30 26 18 31 
0 27 28 16 15 14 13 3 4 5 12 6 2 1 7 8 9 10 11 20 21 22 29 30 31 
0 27 28 16 15 14 13 3 4 5 6 2 1 12 8 7 9 10 11 20 21 22 29 19 18 31 
0 27 28 16 15 14 13 3 4 5 6 2 1 7 8 9 10 11 20 21 22 23 24 30 25 18 31 
0 12 18 19 26 30 29 25 24 23 22 21 20 11 10 9 8 7 1 2 6 5 4 16 27 31 
0 12 18 19 26 25 30 29 24 23 22 21 20 11 10 9 8 7 1 2 6 5 4 3 14 16 31 
0 18 19 26 30 29 25 24 23 22 21 20 11 10 9 8 7 1 2 6 12 5 4 3 14 31 
0 18 19 26 25 30 29 24 23 22 21 20 11 10 9 7 8 12 1 2 6 5 4 3 14 16 27 31 
0 27 28 16 15 14 13 3 4 2 1 6 5 12 8 7 9 10 11 20 21 25 30 19 18 31 
0 27 28 16 15 14 13 3 4 2 1 6 5 12 8 7 9 10 11 20 21 25 26 18 31 
0 27 28 16 15 14 13 3 4 5 6 2 1 7 9 10 11 20 21 22 23 24 29 19 18 31 
0 27 28 16 15 14 13 3 4 5 6 2 1 7 9 10 11 20 21 22 23 24 25 30 26 18 31 
0 18 19 26 30 29 25 24 23 22 21 20 11 10 9 7 8 12 1 2 6 5 4 3 14 31 
0 27 28 16 15 14 13 3 4 5 12 6 2 1 7 8 9 10 11 20 21 22 25 29 19 18 31 
0 18 19 26 30 29 25 24 23 22 21 20 11 10 9 8 7 1 2 6 12 5 4 3 14 17 31 
0 18 19 26 30 29 25 24 23 22 21 20 11 10 9 7 8 12 5 6 1 2 4 3 14 27 17 31 
0 18 19 26 25 30 29 24 23 22 21 20 11 10 9 7 8 12 5 6 1 2 4 3 14 16 28 27 17 31 
0 18 19 26 25 30 29 24 23 22 21 20 11 10 9 8 7 1 2 6 12 5 4 3 14 16 27 17 31 
0 27 28 16 14 13 3 4 5 6 2 1 7 8 9 10 11 20 21 22 23 24 29 30 25 26 18 31 
0 27 28 16 14 13 3 4 5 6 2 1 7 8 9 10 11 20 21 22 23 24 25 29 30 26 18 31 
0 17 27 28 16 14 13 3 4 5 12 6 2 1 7 8 9 10 11 20 21 22 24 25 18 31 
0 17 27 28 16 14 13 3 4 5 6 2 1 7 8 9 10 11 20 21 22 23 24 25 29 19 18 31 
0 17 5 12 18 19 26 30 29 25 24 23 22 21 20 11 10 9 8 7 1 2 6 4 16 31 
0 17 5 12 18 19 26 25 30 29 24 23 22 21 20 11 10 9 8 7 1 2 6 4 3 14 28 31 
0 17 27 28 16 14 13 3 4 5 6 2 1 7 8 9 10 11 20 21 22 23 24 29 30 31 
0 17 27 28 16 14 13 3 4 5 12 6 2 1 7 8 9 10 11 20 21 22 24 25 18 31 
0 17 27 28 16 14 13 3 4 5 6 2 1 12 8 7 9 10 11 20 21 22 24 19 18 31 
0 17 27 28 16 14 13 3 4 2 1 6 5 12 8 7 9 10 11 20 21 22 25 30 19 18 31 
0 27 28 16 14 13 3 4 17 12 5 6 2 1 7 8 9 10 11 20 21 22 24 25 30 19 18 31 
0 27 28 16 14 13 3 4 17 12 5 6 2 1 7 8 9 10 11 20 21 22 24 30 19 18 31 
0 18 19 26 30 29 25 24 23 22 21 20 11 10 9 7 8 12 5 1 2 6 4 3 14 17 31 
0 18 19 26 25 30 29 24 23 22 21 20 11 10 9 7 8 12 5 1 2 6 4 3 14 16 28 31 
0 27 28 16 14 13 3 4 6 2 1 7 8 9 10 11 20 21 22 23 24 25 29 30 26 19 18 31 
0 27 28 16 14 13 3 4 6 2 1 7 8 9 10 11 20 21 22 23 24 29 30 25 26 19 18 31 
0 18 19 26 30 29 25 24 23 22 21 20 11 10 9 7 8 12 1 2 6 5 4 3 14 17 31 
0 18 19 26 25 30 29 24 23 22 21 20 11 10 9 7 8 12 1 2 6 5 4 3 14 16 27 17 31 
0 17 27 28 16 14 13 3 4 5 6 2 1 12 8 7 9 10 11 20 21 22 24 19 18 31 
0 17 27 28 16 14 13 3 4 5 6 2 1 7 9 10 11 20 21 22 23 24 25 29 30 19 18 31 
0 17 27 28 16 14 13 3 4 5 6 2 1 7 9 10 11 20 21 22 23 24 29 30 19 18 31 
0 27 28 16 14 13 3 4 6 2 1 7 9 10 11 20 21 22 23 24 29 30 25 26 19 18 31 
0 27 28 16 14 13 3 4 6 2 1 7 9 10 11 20 21 22 23 24 25 29 30 26 19 18 12 17 31 
0 27 28 16 14 13 3 4 5 6 2 1 7 9 10 11 20 21 22 23 24 25 29 30 26 19 18 31 
0 27 28 16 14 13 3 4 5 6 2 1 7 9 10 11 20 21 22 23 24 29 30 25 26 18 31 
0 17 27 28 16 14 13 3 4 2 1 6 5 12 8 7 9 10 11 20 21 22 25 26 18 31 
0 18 19 26 30 25 24 23 22 21 20 11 10 9 7 8 12 5 6 1 2 4 3 14 15 16 17 31 
0 27 28 16 15 14 13 3 4 5 6 2 1 7 8 9 10 11 20 21 22 23 24 25 30 26 18 31 
0 17 27 28 16 15 14 13 3 4 5 6 2 1 7 8 9 10 11 20 21 22 24 25 30 19 18 31 
0 17 27 28 16 15 14 13 3 4 5 12 6 2 1 7 8 9 10 11 20 21 22 25 30 19 18 31 
0 27 28 16 15 14 13 3 4 17 12 5 6 2 1 7 8 9 10 11 20 21 22 25 30 26 18 31 
0 17 27 28 16 15 14 13 3 4 6 2 1 5 12 8 7 9 10 11 20 21 25 30 19 18 31 
0 17 27 28 16 15 14 13 3 4 5 6 2 1 12 8 7 9 10 11 20 21 22 25 30 19 18 31 
0 17 27 28 16 15 14 13 3 4 2 1 6 5 12 8 7 9 10 11 20 25 30 19 18 31 
0 27 28 16 15 14 13 3 4 5 6 2 1 7 9 10 11 20 21 22 23 24 25 30 26 18 31 
0 18 19 26 30 29 25 24 23 22 21 20 11 10 9 7 8 12 5 6 2 4 3 14 15 16 17 31 
0 18 19 26 25 30 29 24 23 22 21 20 11 10 9 7 8 12 5 6 2 4 3 13 14 15 16 17 31 
0 17 27 28 16 15 14 13 3 4 5 6 2 1 7 9 10 11 20 21 22 23 24 25 30 19 18 31 
0 27 28 16 15 14 13 3 4 6 2 1 7 8 9 10 11 20 21 22 23 24 25 30 26 19 18 31 
0 18 19 26 30 25 24 23 22 21 20 11 10 9 8 7 1 2 6 4 3 13 14 16 17 31 
0 17 5 12 18 19 26 30 25 24 23 22 21 20 11 10 9 8 7 1 2 6 4 3 14 16 31 
0 17 5 12 8 18 19 26 30 25 24 23 22 21 20 11 10 9 7 1 2 6 4 3 14 31 
0 27 28 16 15 14 13 3 4 6 2 1 7 9 10 11 20 21 22 23 24 25 30 26 19 18 31 
0 17 27 28 16 15 14 13 3 4 2 6 5 12 8 7 9 10 11 20 21 22 25 26 19 18 31 
0 17 27 28 16 15 14 13 3 4 2 6 5 12 8 7 9 10 11 20 21 22 25 30 26 18 31 
0 18 19 26 30 25 24 23 22 21 20 11 10 9 8 7 1 2 6 5 12 17 4 3 14 16 31 
0 17 4 3 13 14 15 16 28 27 18 19 26 30 25 24 23 22 21 20 11 10 9 8 7 31 
0 18 19 26 30 25 24 23 22 21 20 11 10 9 8 7 1 2 6 12 5 4 3 14 16 27 17 31 
0 18 19 26 30 25 24 23 22 21 20 11 10 9 7 8 12 1 2 6 5 4 3 14 16 27 17 31 
0 18 19 26 30 25 24 23 22 21 20 11 10 9 7 8 12 5 1 2 6 4 3 14 16 28 31 
0 18 26 30 25 24 23 22 21 19 20 11 10 9 8 7 1 2 6 12 5 4 3 14 16 27 31 
0 27 28 16 15 14 13 3 4 5 12 6 2 1 7 8 9 10 11 20 21 22 25 29 19 18 31 
0 27 28 16 15 14 13 3 4 5 6 2 1 7 8 9 10 11 20 21 22 23 24 25 30 26 18 31 
0 27 28 16 15 14 13 3 4 5 6 2 1 7 8 9 10 11 20 21 22 23 24 30 25 18 31 
0 12 18 19 26 30 29 25 24 23 22 21 20 11 10 9 8 7 1 2 6 5 4 16 27 31 
0 12 18 19 26 25 30 29 24 23 22 21 20 11 10 9 8 7 1 2 6 5 4 3 14 16 31 
0 27 28 16 15 14 13 3 4 5 6 2 1 12 8 7 9 10 11 20 21 22 25 30 26 18 31 
0 27 28 16 15 14 13 3 4 5 12 6 2 1 7 8 9 10 11 20 21 22 29 30 31 
0 27 28 16 15 14 13 3 4 5 6 2 1 12 8 7 9 10 11 20 21 22 29 19 18 31 
0 27 28 16 15 14 13 3 4 5 6 2 1 7 9 10 11 20 21 22 23 24 25 30 26 18 31 
0 27 28 16 15 14 13 3 4 5 6 2 1 7 9 10 11 20 21 22 23 24 29 19 18 31 
0 27 28 16 15 14 13 3 4 2 1 6 5 12 8 7 9 10 11 20 21 25 26 18 31 
0 27 28 16 15 14 13 3 4 2 1 6 5 12 8 7 9 10 11 20 21 25 30 19 18 31 
0 18 19 26 25 30 29 24 23 22 21 20 11 10 9 7 8 12 1 2 6 5 4 3 14 16 27 31 
0 18 19 26 30 29 25 24 23 22 21 20 11 10 9 8 7 1 2 6 12 5 4 3 14 31 
0 18 19 26 30 29 25 24 23 22 21 20 11 10 9 7 8 12 1 2 6 5 4 3 14 31 
