704
220.0 371.0 
255.0 373.0 
355.0 472.0 
305.0 436.0 
325.0 419.0 
280.0 321.0 
325.0 421.0 
330.0 366.0 
350.0 345.0 
340.0 270.0 
375.0 379.0 
350.0 266.0 
410.0 287.0 
425.0 231.0 
335.0 231.0 
450.0 245.0 
395.0 152.0 
380.0 216.0 
275.0 374.0 
240.0 380.0 
260.0 440.0 
250.0 445.0 
330.0 279.0 
465.0 369.0 
440.0 249.0 
495.0 232.0 
355.0 398.0 
390.0 214.0 
395.0 354.0 
295.0 334.0 
270.0 328.0 
325.0 419.0 
325.0 421.0 
290.0 311.0 
300.0 307.0 
345.0 301.0 
355.0 403.0 
375.0 379.0 
410.0 287.0 
420.0 274.0 
475.0 259.0 
440.0 247.0 
450.0 231.0 
450.0 231.0 
375.0 168.0 
450.0 245.0 
495.0 232.0 
370.0 228.0 
380.0 216.0 
240.0 360.0 
230.0 365.0 
255.0 481.0 
340.0 356.0 
320.0 395.0 
390.0 311.0 
465.0 369.0 
250.0 350.0 
440.0 353.0 
265.0 469.0 
315.0 508.0 
255.0 418.0 
265.0 472.0 
265.0 364.0 
230.0 362.0 
255.0 418.0 
305.0 436.0 
355.0 472.0 
325.0 419.0 
325.0 421.0 
310.0 391.0 
300.0 307.0 
355.0 397.0 
330.0 379.0 
395.0 249.0 
385.0 269.0 
385.0 269.0 
430.0 261.0 
415.0 232.0 
415.0 232.0 
335.0 231.0 
450.0 245.0 
405.0 239.0 
400.0 195.0 
380.0 216.0 
260.0 351.0 
260.0 338.0 
410.0 386.0 
355.0 294.0 
470.0 306.0 
405.0 247.0 
415.0 241.0 
495.0 232.0 
330.0 386.0 
375.0 380.0 
255.0 481.0 
255.0 373.0 
275.0 374.0 
265.0 374.0 
305.0 436.0 
355.0 472.0 
330.0 280.0 
375.0 379.0 
360.0 262.0 
435.0 203.0 
410.0 287.0 
400.0 195.0 
380.0 216.0 
230.0 365.0 
240.0 356.0 
335.0 402.0 
335.0 311.0 
375.0 379.0 
360.0 246.0 
350.0 266.0 
350.0 268.0 
400.0 200.0 
520.0 252.0 
515.0 313.0 
495.0 232.0 
300.0 306.0 
345.0 397.0 
320.0 287.0 
355.0 211.0 
220.0 409.0 
280.0 428.0 
295.0 444.0 
315.0 401.0 
345.0 482.0 
340.0 449.0 
335.0 415.0 
295.0 369.0 
365.0 389.0 
355.0 403.0 
375.0 379.0 
420.0 275.0 
410.0 287.0 
420.0 274.0 
425.0 231.0 
385.0 168.0 
400.0 195.0 
380.0 216.0 
230.0 365.0 
355.0 476.0 
310.0 292.0 
410.0 283.0 
465.0 369.0 
430.0 261.0 
495.0 232.0 
325.0 425.0 
485.0 244.0 
255.0 373.0 
320.0 376.0 
300.0 305.0 
330.0 366.0 
370.0 419.0 
400.0 387.0 
335.0 328.0 
370.0 326.0 
390.0 298.0 
390.0 298.0 
340.0 269.0 
390.0 311.0 
415.0 333.0 
450.0 245.0 
355.0 196.0 
370.0 243.0 
385.0 168.0 
450.0 245.0 
495.0 232.0 
400.0 195.0 
380.0 216.0 
250.0 445.0 
280.0 322.0 
355.0 401.0 
420.0 295.0 
435.0 213.0 
270.0 430.0 
350.0 432.0 
245.0 421.0 
295.0 346.0 
255.0 481.0 
260.0 439.0 
275.0 374.0 
275.0 374.0 
280.0 416.0 
305.0 436.0 
365.0 465.0 
325.0 421.0 
330.0 366.0 
310.0 297.0 
350.0 348.0 
370.0 326.0 
415.0 333.0 
395.0 249.0 
435.0 315.0 
415.0 238.0 
380.0 220.0 
485.0 248.0 
450.0 231.0 
445.0 295.0 
450.0 236.0 
495.0 222.0 
395.0 152.0 
380.0 216.0 
230.0 365.0 
380.0 323.0 
365.0 387.0 
475.0 267.0 
475.0 259.0 
230.0 362.0 
260.0 439.0 
250.0 353.0 
290.0 392.0 
355.0 472.0 
305.0 436.0 
360.0 415.0 
325.0 416.0 
330.0 280.0 
335.0 328.0 
375.0 379.0 
400.0 312.0 
355.0 306.0 
385.0 269.0 
385.0 269.0 
415.0 238.0 
420.0 274.0 
385.0 168.0 
450.0 245.0 
495.0 232.0 
400.0 195.0 
380.0 216.0 
265.0 469.0 
325.0 425.0 
390.0 402.0 
325.0 321.0 
355.0 395.0 
420.0 275.0 
385.0 168.0 
425.0 231.0 
240.0 429.0 
250.0 428.0 
280.0 428.0 
315.0 401.0 
295.0 444.0 
270.0 430.0 
255.0 411.0 
305.0 436.0 
345.0 392.0 
300.0 305.0 
330.0 366.0 
310.0 297.0 
335.0 325.0 
295.0 377.0 
370.0 328.0 
390.0 298.0 
335.0 321.0 
445.0 393.0 
350.0 266.0 
420.0 274.0 
440.0 255.0 
425.0 231.0 
335.0 231.0 
450.0 245.0 
395.0 152.0 
380.0 216.0 
230.0 365.0 
325.0 419.0 
320.0 287.0 
465.0 365.0 
450.0 336.0 
495.0 232.0 
230.0 362.0 
265.0 472.0 
255.0 400.0 
325.0 421.0 
365.0 388.0 
325.0 334.0 
310.0 297.0 
320.0 388.0 
355.0 390.0 
330.0 372.0 
355.0 403.0 
375.0 274.0 
430.0 362.0 
360.0 256.0 
450.0 245.0 
425.0 231.0 
335.0 231.0 
375.0 168.0 
450.0 245.0 
495.0 222.0 
450.0 236.0 
370.0 228.0 
380.0 216.0 
380.0 216.0 
255.0 481.0 
250.0 347.0 
365.0 389.0 
440.0 353.0 
385.0 273.0 
260.0 338.0 
285.0 364.0 
290.0 306.0 
255.0 373.0 
255.0 481.0 
280.0 419.0 
310.0 462.0 
260.0 440.0 
300.0 488.0 
330.0 451.0 
330.0 460.0 
290.0 410.0 
355.0 485.0 
300.0 397.0 
335.0 413.0 
300.0 407.0 
300.0 407.0 
335.0 414.0 
285.0 378.0 
325.0 427.0 
345.0 407.0 
360.0 438.0 
320.0 395.0 
355.0 402.0 
370.0 433.0 
330.0 386.0 
330.0 386.0 
365.0 393.0 
365.0 393.0 
340.0 376.0 
340.0 376.0 
410.0 390.0 
375.0 290.0 
435.0 409.0 
295.0 280.0 
430.0 369.0 
405.0 257.0 
385.0 273.0 
430.0 268.0 
390.0 214.0 
355.0 196.0 
405.0 247.0 
485.0 244.0 
410.0 295.0 
495.0 232.0 
255.0 373.0 
220.0 371.0 
220.0 371.0 
255.0 481.0 
280.0 419.0 
250.0 445.0 
305.0 433.0 
250.0 353.0 
290.0 411.0 
290.0 410.0 
330.0 467.0 
300.0 397.0 
365.0 480.0 
320.0 386.0 
370.0 433.0 
355.0 402.0 
320.0 395.0 
355.0 402.0 
330.0 386.0 
330.0 386.0 
330.0 386.0 
340.0 376.0 
340.0 376.0 
335.0 335.0 
335.0 324.0 
320.0 295.0 
355.0 305.0 
410.0 300.0 
420.0 295.0 
410.0 287.0 
470.0 311.0 
395.0 258.0 
405.0 256.0 
420.0 276.0 
430.0 267.0 
335.0 231.0 
375.0 168.0 
495.0 222.0 
400.0 195.0 
365.0 299.0 
220.0 371.0 
220.0 371.0 
290.0 494.0 
240.0 360.0 
275.0 374.0 
290.0 410.0 
330.0 451.0 
260.0 347.0 
305.0 451.0 
315.0 445.0 
275.0 402.0 
350.0 446.0 
370.0 433.0 
370.0 433.0 
320.0 395.0 
355.0 402.0 
355.0 402.0 
370.0 433.0 
330.0 386.0 
330.0 386.0 
330.0 386.0 
365.0 393.0 
340.0 376.0 
340.0 376.0 
340.0 376.0 
345.0 316.0 
355.0 310.0 
365.0 300.0 
340.0 280.0 
430.0 268.0 
430.0 268.0 
415.0 238.0 
490.0 288.0 
440.0 248.0 
420.0 185.0 
405.0 237.0 
415.0 238.0 
445.0 173.0 
400.0 195.0 
350.0 165.0 
280.0 419.0 
255.0 481.0 
300.0 486.0 
245.0 421.0 
280.0 434.0 
275.0 374.0 
330.0 451.0 
290.0 410.0 
215.0 372.0 
340.0 442.0 
300.0 401.0 
355.0 482.0 
240.0 389.0 
275.0 380.0 
315.0 328.0 
355.0 385.0 
285.0 380.0 
370.0 433.0 
370.0 433.0 
370.0 433.0 
355.0 402.0 
320.0 395.0 
355.0 402.0 
370.0 433.0 
365.0 393.0 
330.0 386.0 
330.0 386.0 
330.0 386.0 
365.0 393.0 
400.0 400.0 
285.0 290.0 
355.0 307.0 
330.0 290.0 
415.0 335.0 
430.0 365.0 
415.0 336.0 
395.0 256.0 
355.0 211.0 
355.0 211.0 
350.0 165.0 
355.0 196.0 
335.0 231.0 
375.0 168.0 
420.0 166.0 
445.0 173.0 
400.0 195.0 
220.0 371.0 
220.0 371.0 
280.0 419.0 
255.0 373.0 
290.0 494.0 
240.0 360.0 
300.0 408.0 
320.0 457.0 
330.0 451.0 
290.0 410.0 
330.0 460.0 
300.0 397.0 
330.0 467.0 
335.0 413.0 
365.0 480.0 
350.0 446.0 
370.0 433.0 
345.0 302.0 
365.0 393.0 
405.0 440.0 
370.0 331.0 
360.0 348.0 
370.0 337.0 
435.0 405.0 
390.0 307.0 
400.0 303.0 
400.0 303.0 
410.0 300.0 
395.0 257.0 
435.0 203.0 
355.0 196.0 
335.0 231.0 
375.0 168.0 
460.0 216.0 
340.0 154.0 
395.0 257.0 
410.0 295.0 
400.0 200.0 
255.0 373.0 
255.0 481.0 
265.0 364.0 
265.0 472.0 
200.0 412.0 
255.0 418.0 
260.0 423.0 
240.0 360.0 
330.0 451.0 
290.0 410.0 
340.0 441.0 
255.0 410.0 
265.0 397.0 
240.0 389.0 
315.0 328.0 
325.0 423.0 
285.0 378.0 
325.0 427.0 
335.0 414.0 
360.0 432.0 
300.0 407.0 
300.0 407.0 
370.0 433.0 
370.0 433.0 
340.0 372.0 
320.0 395.0 
355.0 402.0 
365.0 393.0 
325.0 340.0 
330.0 386.0 
330.0 386.0 
330.0 386.0 
340.0 376.0 
335.0 330.0 
340.0 376.0 
340.0 376.0 
375.0 290.0 
395.0 360.0 
330.0 286.0 
420.0 275.0 
465.0 376.0 
410.0 287.0 
400.0 200.0 
355.0 211.0 
355.0 196.0 
335.0 231.0 
375.0 168.0 
445.0 173.0 
400.0 195.0 
400.0 200.0 
255.0 481.0 
220.0 371.0 
220.0 371.0 
260.0 440.0 
240.0 360.0 
260.0 440.0 
215.0 344.0 
245.0 421.0 
330.0 451.0 
260.0 347.0 
300.0 397.0 
335.0 413.0 
325.0 319.0 
370.0 433.0 
350.0 349.0 
390.0 409.0 
405.0 440.0 
400.0 400.0 
370.0 331.0 
410.0 390.0 
340.0 275.0 
395.0 360.0 
400.0 300.0 
350.0 165.0 
350.0 165.0 
355.0 196.0 
335.0 231.0 
375.0 168.0 
465.0 264.0 
445.0 171.0 
290.0 494.0 
415.0 336.0 
400.0 300.0 
400.0 200.0 
410.0 295.0 
220.0 371.0 
230.0 365.0 
240.0 360.0 
250.0 353.0 
290.0 411.0 
330.0 460.0 
315.0 431.0 
350.0 443.0 
350.0 446.0 
360.0 438.0 
360.0 438.0 
370.0 433.0 
320.0 395.0 
370.0 433.0 
365.0 393.0 
330.0 386.0 
365.0 393.0 
340.0 376.0 
340.0 376.0 
420.0 367.0 
370.0 337.0 
370.0 337.0 
400.0 303.0 
315.0 261.0 
385.0 284.0 
430.0 268.0 
385.0 284.0 
465.0 261.0 
440.0 248.0 
450.0 222.0 
450.0 236.0 
370.0 345.0 
385.0 284.0 
255.0 481.0 
220.0 371.0 
220.0 371.0 
240.0 360.0 
250.0 353.0 
290.0 411.0 
260.0 347.0 
315.0 445.0 
270.0 343.0 
275.0 402.0 
300.0 407.0 
285.0 378.0 
320.0 395.0 
330.0 386.0 
340.0 376.0 
345.0 316.0 
390.0 411.0 
345.0 316.0 
390.0 411.0 
345.0 316.0 
390.0 411.0 
295.0 280.0 
355.0 307.0 
295.0 280.0 
355.0 307.0 
355.0 307.0 
355.0 307.0 
365.0 299.0 
420.0 380.0 
385.0 276.0 
440.0 260.0 
385.0 266.0 
370.0 240.0 
395.0 260.0 
335.0 231.0 
375.0 168.0 
445.0 173.0 
400.0 195.0 
230.0 365.0 
310.0 400.0 
410.0 295.0 
220.0 371.0 
290.0 413.0 
290.0 406.0 
280.0 396.0 
280.0 396.0 
245.0 405.0 
320.0 453.0 
320.0 476.0 
250.0 353.0 
290.0 435.0 
300.0 407.0 
300.0 407.0 
300.0 407.0 
305.0 349.0 
275.0 391.0 
305.0 349.0 
285.0 387.0 
285.0 387.0 
295.0 280.0 
330.0 286.0 
390.0 214.0 
355.0 196.0 
430.0 267.0 
335.0 231.0 
375.0 168.0 
445.0 173.0 
400.0 195.0 
315.0 445.0 
305.0 450.0 
315.0 365.0 
340.0 376.0 
370.0 434.0 
385.0 276.0 
395.0 263.0 
375.0 286.0 
410.0 290.0 

0 36 37 38 46 54 53 45 44 43 35 28 27 18 11 65 
0 36 37 38 46 54 53 45 44 43 35 27 18 10 11 21 65 
0 36 44 45 53 52 51 43 42 34 26 27 18 10 11 12 20 21 29 28 65 
0 28 36 44 45 53 52 51 42 34 35 27 26 18 11 20 21 29 65 
0 36 45 44 43 42 41 33 34 35 27 26 18 10 11 20 28 29 65 
0 36 45 44 43 42 41 33 34 35 28 27 26 18 11 65 
0 36 45 44 43 35 28 27 26 34 33 25 17 18 11 20 21 29 65 
0 36 28 27 34 35 44 43 42 41 33 25 26 18 11 20 21 65 
0 28 36 44 52 53 54 46 47 39 32 24 23 15 14 13 21 65 
0 28 36 44 52 53 61 60 59 58 50 42 34 26 18 65 
0 28 36 44 43 42 34 33 25 17 9 2 10 18 11 20 21 29 65 
0 28 36 44 52 51 59 58 49 41 33 25 17 18 29 65 
0 28 36 44 52 53 61 62 54 55 56 48 40 32 16 14 21 65 
0 36 44 53 54 62 61 60 59 58 57 49 41 33 25 28 65 
0 28 20 12 11 10 18 17 25 33 41 49 57 36 65 
0 36 44 53 54 62 61 60 59 58 57 49 41 33 25 26 28 65 
0 36 44 52 60 59 58 57 49 41 33 25 17 9 65 
0 36 44 43 42 41 49 57 58 59 60 61 62 39 38 65 
0 28 27 35 34 26 18 10 11 12 20 21 29 38 46 54 65 
0 28 36 35 34 26 18 10 11 12 20 21 29 38 46 65 
0 36 37 38 46 54 53 44 43 35 34 26 18 11 20 28 29 65 
0 36 37 38 46 54 53 44 43 35 27 26 18 11 20 28 29 65 
0 28 36 44 52 53 60 59 58 50 42 34 26 18 11 65 
0 36 44 45 53 54 55 56 48 40 32 24 16 15 7 6 14 21 29 28 65 
0 36 44 53 52 60 59 58 57 49 41 33 25 17 18 11 28 65 
0 36 44 53 54 62 63 64 56 48 40 32 24 16 7 6 14 21 65 
0 28 36 44 45 53 60 59 58 50 42 34 26 18 11 20 21 29 65 
0 36 44 52 53 61 60 59 58 57 49 41 33 25 28 65 
0 36 44 53 52 60 59 58 57 49 42 34 26 18 11 20 28 29 65 
0 36 45 46 53 52 44 43 35 34 26 18 10 11 13 21 65 
0 37 38 46 54 53 61 60 52 44 36 28 27 18 11 65 
0 36 45 44 43 42 41 33 34 35 27 26 18 10 11 20 28 29 65 
0 36 45 44 43 35 28 27 26 34 33 25 17 18 11 20 21 29 65 
0 36 44 45 53 61 60 59 51 43 35 28 27 18 11 65 
0 28 36 44 43 42 41 33 34 35 27 26 17 18 11 65 
0 28 36 44 43 35 34 42 50 49 41 33 25 26 18 11 65 
0 28 36 44 43 42 50 49 41 33 34 26 18 10 12 20 21 29 65 
0 28 36 44 43 42 34 33 25 17 18 9 2 10 11 20 21 29 65 
0 28 36 44 52 53 61 62 54 55 56 48 40 32 16 14 21 65 
0 28 36 44 52 53 54 55 56 48 40 32 24 16 7 6 21 65 
0 36 44 53 54 62 61 60 59 50 58 57 49 41 33 25 26 28 65 
0 36 44 52 53 61 62 54 55 64 56 48 40 32 16 14 21 65 
0 36 44 52 53 61 62 63 64 56 48 40 32 23 7 14 21 65 
0 36 44 52 53 61 62 55 56 48 40 32 24 16 6 14 21 65 
0 28 20 12 11 10 9 17 25 33 41 49 57 59 65 
0 36 44 53 54 62 61 60 59 58 57 49 41 33 25 26 28 65 
0 36 44 53 54 62 63 64 56 48 40 32 24 16 7 6 14 21 65 
0 36 43 42 41 49 57 58 59 60 61 62 39 38 29 65 
0 36 44 43 42 41 49 57 58 59 60 61 62 39 38 65 
0 28 36 37 38 46 54 53 44 43 35 34 26 18 11 65 
0 28 36 37 38 46 54 53 44 43 35 27 26 18 11 65 
0 28 36 37 38 46 54 53 45 44 43 35 27 18 11 20 21 29 65 
0 28 36 44 43 35 34 42 50 41 33 25 26 18 11 20 21 65 
0 28 36 44 43 42 50 41 33 34 26 18 10 11 20 21 29 65 
0 36 44 45 53 61 60 59 58 57 49 41 33 34 35 28 29 65 
0 36 44 45 53 54 55 56 48 40 32 24 16 15 7 6 14 21 29 28 65 
0 28 36 37 38 46 54 53 44 43 42 34 26 18 11 65 
0 36 44 52 53 54 55 56 48 40 32 24 16 15 6 14 21 28 29 65 
0 36 37 38 46 54 53 45 44 43 35 27 18 10 11 20 28 29 65 
0 36 37 46 38 39 47 55 54 53 52 44 43 35 34 27 28 20 21 29 65 
0 28 36 44 43 35 34 26 18 10 11 12 20 21 29 38 65 
0 28 36 37 38 46 54 53 52 44 43 35 27 18 11 20 21 29 65 
0 36 37 38 46 54 53 52 44 43 35 27 18 10 11 21 65 
0 36 37 38 46 54 53 52 44 43 35 28 27 18 11 65 
0 28 36 44 43 35 34 26 18 10 11 12 20 21 29 38 65 
0 28 36 44 45 53 52 51 42 34 35 27 26 18 11 20 21 29 65 
0 36 44 45 53 52 51 43 42 34 26 27 18 10 11 12 20 21 29 28 65 
0 36 45 44 43 42 41 33 34 35 27 26 18 10 11 20 28 29 65 
0 36 45 44 43 35 28 27 26 34 33 25 17 18 11 20 21 29 65 
0 36 45 44 43 35 27 26 34 33 25 17 18 11 20 28 29 65 
0 28 27 35 36 44 43 42 41 33 34 26 17 18 11 65 
0 28 36 44 43 35 34 26 25 17 9 2 10 18 11 20 21 29 65 
0 28 36 44 43 51 50 42 34 33 25 17 18 11 20 21 29 65 
0 28 36 44 43 51 59 58 57 49 41 33 25 17 18 11 65 
0 28 36 44 52 51 59 58 57 49 41 33 25 17 18 29 65 
0 28 36 44 52 51 59 58 57 49 41 33 25 17 18 29 65 
0 36 44 45 53 54 55 56 48 40 32 24 16 8 7 6 29 65 
0 36 44 45 53 61 60 59 58 57 49 41 33 25 17 29 65 
0 36 44 45 53 61 60 59 58 57 49 41 33 25 17 29 65 
0 28 20 12 11 10 18 17 25 33 41 49 57 36 65 
0 36 44 53 54 62 61 60 59 58 57 49 41 33 25 26 28 65 
0 36 35 34 33 41 49 57 58 59 60 61 62 39 38 29 65 
0 28 20 12 4 3 2 1 9 17 25 33 41 49 36 65 
0 36 44 43 42 41 49 57 58 59 60 61 62 39 38 65 
0 28 27 35 34 26 18 10 11 12 20 21 29 38 39 65 
0 28 36 44 45 54 53 52 51 43 35 27 26 18 11 65 
0 28 36 44 43 42 34 33 25 17 18 10 2 3 4 12 20 21 29 65 
0 36 44 35 27 26 18 10 11 12 4 5 6 7 14 21 65 
0 28 36 44 53 54 62 63 64 56 48 40 32 24 23 15 14 13 21 65 
0 36 44 52 53 54 55 56 48 40 32 24 16 7 6 29 65 
0 36 44 53 54 55 56 48 40 32 24 16 8 7 6 29 65 
0 36 44 53 54 62 63 64 56 48 40 32 24 16 7 6 14 21 65 
0 28 36 44 43 35 34 33 25 17 18 10 2 11 20 21 29 65 
0 28 36 44 43 42 34 33 25 17 18 10 2 3 11 20 21 29 65 
0 28 36 37 38 46 54 53 45 44 43 35 27 18 11 20 21 29 65 
0 36 37 38 46 54 53 45 44 43 35 27 18 10 11 21 65 
0 28 27 35 34 26 18 10 11 12 20 21 29 38 46 54 65 
0 36 28 27 35 43 44 37 38 39 31 23 15 14 6 21 65 
0 28 36 44 45 53 52 51 42 34 35 27 26 18 11 20 21 29 65 
0 36 44 45 53 52 51 43 42 34 26 27 18 10 11 12 20 21 29 28 65 
0 28 36 44 43 42 50 58 49 41 33 34 26 18 11 65 
0 28 36 44 43 42 34 33 25 17 9 2 10 18 11 20 21 29 65 
0 36 44 53 54 55 47 39 32 24 16 8 7 6 29 65 
0 36 44 53 52 60 59 58 57 49 41 33 25 17 18 11 65 
0 36 44 52 53 61 54 55 56 48 40 32 24 16 14 21 29 65 
0 28 20 12 4 3 2 1 9 17 25 33 41 49 36 65 
0 36 44 43 42 41 49 57 58 59 60 61 62 39 38 65 
0 28 36 37 38 46 54 53 44 43 35 27 26 18 11 65 
0 28 36 37 38 46 54 53 45 44 35 34 26 18 11 65 
0 36 44 45 53 61 60 51 43 35 27 26 18 10 11 20 21 29 65 
0 36 44 52 53 61 60 51 43 42 34 26 18 11 20 21 65 
0 28 36 44 43 34 42 50 49 41 33 25 17 18 11 20 21 29 65 
0 28 36 44 43 51 59 58 49 41 33 25 17 18 11 65 
0 28 36 44 52 51 59 58 49 41 33 25 17 18 29 65 
0 36 44 52 53 54 55 47 39 32 24 16 7 6 29 65 
0 36 44 45 53 61 60 59 58 49 41 33 25 17 18 65 
0 36 44 53 54 62 63 64 56 48 40 32 24 16 15 7 6 14 21 65 
0 36 44 53 54 62 63 55 56 48 40 32 24 16 15 7 6 14 21 29 65 
0 36 44 53 54 62 63 64 56 48 40 32 24 16 7 6 14 21 65 
0 28 36 44 52 53 61 60 51 43 35 34 26 18 11 65 
0 36 44 45 53 61 60 51 43 35 34 26 18 10 11 20 21 29 65 
0 36 44 52 53 61 60 59 51 43 34 26 18 11 28 65 
0 36 44 52 53 61 60 59 58 49 41 33 25 28 65 
0 28 36 44 43 35 27 18 10 11 12 20 21 29 38 65 
0 28 36 44 43 42 34 26 18 10 11 12 20 21 29 38 45 65 
0 28 27 26 17 18 10 11 12 20 21 29 37 45 44 43 42 36 65 
0 28 20 21 14 13 12 11 10 18 26 27 35 34 42 43 36 37 65 
0 36 44 45 53 52 51 43 42 34 35 28 27 18 10 11 12 20 21 29 65 
0 28 36 44 43 51 50 49 42 34 35 27 26 18 10 11 20 21 29 65 
0 28 27 35 36 44 43 42 34 33 25 26 17 18 11 20 21 29 65 
0 28 36 44 45 46 38 39 32 24 23 15 14 6 21 29 65 
0 28 36 44 43 42 50 49 41 33 34 26 17 18 11 20 21 29 65 
0 28 36 44 43 42 50 49 41 33 34 26 18 10 12 20 21 29 65 
0 28 36 44 43 42 34 33 25 17 9 2 10 18 11 20 21 29 65 
0 36 44 52 53 54 62 61 60 59 58 57 49 41 34 35 28 65 
0 28 36 44 52 53 61 62 54 55 56 48 40 32 16 14 21 65 
0 28 36 44 52 53 54 55 56 48 40 32 24 16 7 6 21 65 
0 36 44 53 54 62 61 60 59 58 57 49 41 33 25 28 65 
0 36 44 52 53 61 60 59 58 57 49 41 33 25 65 
0 28 20 12 4 3 2 1 9 17 25 33 41 49 36 65 
0 36 44 43 42 41 49 57 58 59 60 61 62 39 38 65 
0 28 36 37 38 46 54 53 44 43 35 27 26 18 11 65 
0 28 36 44 53 52 51 43 42 34 35 27 26 18 10 11 12 20 21 29 65 
0 28 27 35 36 44 43 42 49 41 33 25 26 18 11 65 
0 36 44 45 53 54 61 60 59 58 57 49 41 33 34 35 28 65 
0 36 44 45 53 54 55 56 48 40 32 24 16 15 7 6 14 21 29 28 65 
0 36 44 52 53 61 62 54 55 48 40 32 24 23 7 14 21 65 
0 36 44 53 54 62 63 64 56 48 40 32 24 16 7 6 14 21 65 
0 28 36 44 43 42 50 41 33 34 35 27 26 18 11 20 21 29 65 
0 36 44 53 54 62 63 55 56 48 40 32 24 16 7 6 14 21 65 
0 36 37 38 46 54 53 45 44 43 35 27 18 10 11 21 65 
0 28 27 35 36 44 43 42 50 41 33 34 26 18 11 20 21 65 
0 28 36 44 43 35 27 26 34 42 33 25 17 18 11 65 
0 36 28 27 34 35 44 43 42 41 33 25 26 18 11 20 21 65 
0 36 44 43 35 34 42 50 49 41 33 25 26 18 27 28 20 21 29 65 
0 36 44 43 35 34 42 50 49 41 33 25 18 10 11 12 20 21 29 65 
0 28 36 44 43 42 34 33 25 26 17 18 10 11 4 29 65 
0 28 36 44 43 42 50 58 49 41 33 25 26 18 11 20 21 65 
0 36 44 35 34 26 18 10 11 12 4 5 6 7 14 13 21 65 
0 36 44 35 34 26 18 10 11 12 4 5 6 7 14 13 21 65 
0 36 44 43 34 41 33 25 17 18 10 11 4 13 29 65 
0 36 44 45 53 61 60 59 58 57 49 41 33 34 35 28 29 65 
0 28 36 44 52 53 54 55 56 48 40 32 24 16 7 14 21 29 65 
0 36 44 53 54 62 61 60 59 58 57 49 41 33 25 26 28 65 
0 28 20 12 11 10 18 17 25 33 41 49 50 59 65 
0 36 44 52 53 54 55 48 40 32 24 16 7 6 29 65 
0 36 44 52 53 61 60 59 58 57 49 41 33 25 65 
0 36 44 53 54 62 61 60 59 58 57 49 41 33 25 26 28 65 
0 36 44 53 54 62 63 64 56 48 40 32 24 16 7 6 14 21 65 
0 28 20 12 4 3 2 1 9 17 25 33 41 49 36 65 
0 36 44 43 42 41 49 57 58 59 60 61 62 39 38 65 
0 36 37 38 46 54 53 44 43 35 27 26 18 11 20 28 29 65 
0 28 36 44 45 46 54 53 52 51 42 34 26 18 11 65 
0 28 36 44 43 42 50 49 41 33 34 26 18 10 11 20 21 29 65 
0 36 44 53 54 62 61 60 59 58 57 49 41 33 34 28 29 65 
0 36 44 53 54 55 62 61 60 59 58 57 49 41 33 26 65 
0 36 37 38 46 54 53 44 43 42 34 26 18 11 20 28 29 65 
0 36 28 20 21 12 11 10 18 26 34 42 43 44 52 53 54 46 38 65 
0 36 44 53 54 46 38 37 29 21 20 12 11 18 26 28 65 
0 36 45 46 54 53 52 44 43 35 34 26 18 10 11 21 65 
0 28 36 37 38 46 54 53 45 44 43 35 27 18 11 20 21 29 65 
0 36 44 45 53 54 55 47 46 38 37 29 21 20 12 11 28 65 
0 28 27 35 34 26 18 10 11 12 20 21 29 38 46 54 65 
0 28 27 35 34 26 18 10 11 12 20 21 29 38 46 54 65 
0 36 35 43 44 45 46 38 39 31 23 15 14 6 21 28 29 65 
0 28 36 44 45 53 52 51 42 34 35 27 26 18 11 20 21 29 65 
0 36 45 44 43 42 34 35 28 27 26 25 17 18 10 11 12 20 21 29 65 
0 36 45 44 43 35 28 27 26 34 33 25 17 18 11 20 21 29 65 
0 36 28 27 34 35 44 43 42 41 33 25 26 18 11 20 21 65 
0 28 27 35 36 44 43 42 41 33 34 25 17 18 11 65 
0 28 36 44 43 35 34 42 50 41 33 25 17 18 11 20 21 65 
0 28 36 44 43 42 50 58 49 41 33 25 26 18 11 20 21 65 
0 36 44 45 53 54 62 61 60 59 58 57 49 41 34 27 28 29 65 
0 28 36 44 43 51 59 58 57 49 41 33 25 17 18 11 65 
0 36 44 45 53 54 62 61 60 59 58 57 49 41 33 34 28 29 65 
0 36 44 52 53 54 62 61 60 59 58 57 49 41 33 28 65 
0 29 28 27 26 34 33 41 49 57 58 59 60 61 54 65 
0 36 44 53 54 63 62 61 60 59 58 57 49 41 33 25 26 28 65 
0 36 44 52 53 61 62 63 64 56 48 40 32 23 7 14 21 65 
0 36 44 53 54 55 56 48 40 32 24 16 15 7 6 13 21 29 65 
0 36 44 53 54 63 64 56 48 40 32 24 16 7 6 13 29 65 
0 36 44 52 53 61 62 63 64 56 48 40 32 24 16 6 14 21 65 
0 36 44 52 60 59 58 57 49 41 33 25 17 9 65 
0 36 44 43 42 41 49 57 58 59 60 61 62 39 38 65 
0 28 36 37 38 46 54 53 44 43 35 27 26 18 11 65 
0 36 44 43 42 34 33 25 17 9 1 2 10 18 11 28 29 65 
0 28 36 44 43 34 42 50 49 41 33 25 26 18 11 20 21 29 65 
0 36 44 53 54 55 63 62 61 60 59 58 57 49 41 33 34 28 65 
0 36 44 53 54 62 63 64 56 48 40 32 24 15 7 6 13 29 65 
0 36 37 38 46 54 53 52 44 43 35 28 27 18 11 65 
0 36 44 45 53 54 55 47 46 38 37 29 21 20 12 11 28 65 
0 37 38 39 47 55 54 53 45 44 36 28 27 18 11 65 
0 36 37 45 44 43 35 28 27 34 26 25 17 18 11 20 21 65 
0 36 44 45 53 52 51 43 42 34 26 27 18 10 11 12 20 21 29 28 65 
0 28 36 44 45 53 52 51 42 34 35 27 26 18 11 20 21 29 65 
0 36 45 44 43 42 34 35 27 26 18 10 2 3 11 12 20 28 21 65 
0 36 45 44 43 42 34 35 27 26 18 17 9 10 11 20 28 29 65 
0 28 36 44 43 42 50 58 49 41 33 34 26 18 11 65 
0 28 36 44 43 42 50 49 41 33 34 26 18 10 4 29 65 
0 28 36 44 43 42 34 33 25 17 9 2 10 18 11 20 21 29 65 
0 36 44 53 54 61 60 59 58 57 49 41 33 34 35 28 29 65 
0 28 36 44 43 42 34 33 25 17 18 10 9 2 4 29 65 
0 28 36 44 52 51 59 58 57 49 41 33 25 17 18 29 65 
0 28 36 44 52 51 59 58 57 49 41 33 25 17 18 29 65 
0 36 44 52 53 54 62 61 60 59 58 57 49 41 33 28 65 
0 28 36 44 52 53 54 55 56 48 40 32 24 16 7 6 21 65 
0 36 44 52 53 61 60 59 58 57 49 41 33 25 65 
0 36 44 53 54 62 61 60 59 58 57 49 41 33 25 26 28 65 
0 36 44 53 54 62 63 64 56 48 40 32 24 16 7 6 14 21 65 
0 28 20 12 4 3 2 1 9 17 25 33 41 49 36 65 
0 36 44 43 42 41 49 57 58 59 60 61 62 39 38 65 
0 36 37 38 46 54 53 45 44 43 35 27 18 10 11 20 28 29 65 
0 28 36 44 43 42 50 41 33 34 35 27 26 18 11 20 21 29 65 
0 36 44 43 35 34 42 50 49 41 33 25 18 10 11 12 21 28 29 65 
0 36 44 43 35 34 42 50 41 33 26 18 10 11 13 29 65 
0 36 44 43 35 34 42 50 49 41 33 26 18 10 11 20 28 29 65 
0 36 44 52 53 54 62 61 60 59 58 57 49 41 34 35 28 65 
0 36 44 52 53 61 60 59 58 57 49 41 33 25 65 
0 36 44 53 54 62 61 60 59 58 57 49 41 33 25 28 65 
0 36 37 38 46 54 45 44 43 35 27 28 19 18 11 20 21 65 
0 28 36 37 38 46 54 45 44 43 35 27 26 18 11 20 21 65 
0 28 36 44 43 42 34 26 18 10 11 12 20 21 29 38 45 65 
0 28 20 21 14 13 12 11 10 18 26 27 35 34 42 43 36 37 65 
0 28 27 26 17 18 10 11 12 20 21 29 37 45 44 43 42 36 65 
0 28 27 26 18 17 10 11 12 20 21 29 37 45 44 43 36 65 
0 36 44 43 35 27 26 18 10 11 12 20 28 21 13 29 65 
0 28 36 44 45 53 52 51 42 34 35 27 26 18 11 20 21 29 65 
0 28 36 44 43 51 59 58 50 42 34 35 27 18 10 11 20 21 65 
0 28 27 35 36 44 43 42 34 33 25 26 18 17 11 65 
0 36 28 27 34 35 44 43 42 41 33 25 26 18 11 20 21 65 
0 28 27 35 36 44 43 42 41 33 34 25 17 18 11 65 
0 36 44 43 35 34 42 41 33 25 17 9 18 11 28 29 65 
0 28 36 44 35 27 26 34 33 25 17 18 11 20 21 29 65 
0 36 44 43 42 34 26 18 17 9 1 2 3 11 20 21 29 65 
0 36 44 35 34 26 18 10 11 12 4 5 6 7 14 13 21 65 
0 28 36 44 43 42 34 33 25 26 18 17 9 11 20 21 65 
0 28 36 44 43 42 34 26 18 10 2 3 4 5 6 7 15 14 21 29 65 
0 28 36 44 52 51 59 58 49 41 33 25 17 18 29 65 
0 28 36 44 52 53 54 55 56 48 40 32 24 16 7 6 21 65 
0 36 44 53 54 62 61 60 59 58 57 50 49 41 33 26 28 65 
0 36 44 53 54 62 61 60 59 58 57 49 41 33 25 28 65 
0 28 20 12 11 10 18 17 25 33 41 49 57 36 65 
0 36 44 53 54 62 61 60 59 58 57 49 41 33 25 26 28 65 
0 36 44 52 60 59 58 57 49 41 33 25 17 9 65 
0 36 44 43 42 41 49 57 58 59 60 61 62 39 38 65 
0 36 37 38 46 54 53 44 43 35 28 27 26 18 11 65 
0 36 44 43 51 50 42 34 35 27 26 17 18 10 11 20 28 29 65 
0 28 36 44 43 35 26 34 42 41 33 25 17 18 11 65 
0 28 36 44 45 53 54 62 63 55 56 48 40 32 24 16 15 14 21 29 65 
0 28 36 44 52 53 54 62 63 55 56 48 40 32 24 16 14 21 29 65 
0 36 44 53 54 62 63 64 56 48 40 32 24 16 7 6 14 21 65 
0 36 37 38 46 54 53 52 44 43 35 28 27 18 11 65 
0 28 36 37 38 46 54 53 52 44 43 35 27 18 11 20 21 29 65 
0 28 36 35 34 26 18 10 11 12 20 21 29 38 46 45 65 
0 36 45 44 43 35 28 27 26 34 33 25 17 18 11 20 21 29 65 
0 36 44 43 42 50 49 41 33 34 26 18 10 11 12 21 28 29 65 
0 28 36 35 44 43 42 41 34 33 25 17 18 11 20 21 65 
0 28 27 35 36 44 43 42 41 33 34 25 17 18 11 65 
0 28 27 35 36 44 43 42 41 33 25 17 18 11 20 21 29 65 
0 36 44 45 46 38 39 40 32 24 23 15 14 6 12 21 28 29 65 
0 28 36 44 45 46 38 39 40 32 24 23 15 14 6 21 29 65 
0 28 36 44 43 42 50 49 41 33 34 26 18 10 12 20 21 29 65 
0 36 44 43 42 34 33 25 17 9 1 2 10 18 11 28 65 
0 36 44 35 34 26 25 17 18 10 2 3 4 5 6 14 21 28 29 65 
0 36 44 52 53 54 55 56 48 40 32 24 15 6 29 65 
0 36 44 53 54 62 61 60 59 58 57 49 41 33 25 26 28 65 
0 36 44 53 54 62 61 60 59 58 57 49 41 33 25 28 65 
0 28 20 12 11 10 18 17 25 33 41 49 57 36 65 
0 28 20 12 11 10 9 17 25 33 41 49 57 59 65 
0 36 44 53 54 62 61 60 59 58 57 49 41 33 25 26 28 65 
0 36 44 52 53 61 62 63 64 56 48 40 32 24 16 6 14 21 65 
0 36 44 53 54 63 64 56 48 40 32 24 16 7 6 13 29 65 
0 36 43 42 41 49 57 58 59 60 61 62 39 38 29 65 
0 36 44 43 42 41 49 57 58 59 60 61 62 39 38 65 
0 36 44 43 42 41 49 57 58 59 60 61 62 39 38 65 
0 28 36 37 38 46 54 53 45 44 43 35 27 18 11 20 21 29 65 
0 28 36 37 38 46 54 53 52 44 35 34 26 18 11 65 
0 28 36 44 43 42 50 49 41 33 34 26 17 18 11 20 21 29 65 
0 36 44 52 53 54 55 56 48 40 32 24 16 15 6 14 21 28 29 65 
0 36 44 52 53 54 55 56 48 40 32 24 15 14 6 29 65 
0 28 36 44 45 54 53 52 51 43 35 27 26 18 11 65 
0 36 44 45 46 54 53 52 43 42 34 26 18 11 21 28 65 
0 36 44 45 46 54 53 52 51 42 34 26 18 11 21 65 
0 36 37 38 46 54 53 45 44 43 35 27 18 10 11 21 65 
0 28 36 37 38 46 54 53 45 44 43 35 27 18 11 20 21 29 65 
0 36 28 20 21 12 11 10 18 27 35 43 44 45 53 54 38 65 
0 36 37 46 38 39 47 55 54 53 44 43 35 34 26 27 28 20 21 65 
0 36 37 38 46 54 53 44 43 35 34 26 18 11 20 28 29 65 
0 36 37 38 39 47 55 54 53 44 43 35 34 26 27 28 20 21 29 65 
0 36 28 20 21 12 11 10 18 26 34 35 43 44 45 53 54 46 38 65 
0 36 35 34 42 43 44 45 53 54 46 39 31 23 15 14 21 28 29 65 
0 36 28 20 12 11 10 18 27 35 43 44 45 53 54 39 38 65 
0 36 28 20 12 11 10 18 26 34 35 43 44 53 54 46 47 39 38 29 65 
0 36 28 20 12 11 10 18 26 27 35 43 44 53 54 47 38 65 
0 36 28 20 12 11 10 18 26 34 35 43 44 53 54 47 39 38 65 
0 28 36 44 45 53 54 46 38 39 31 23 15 14 6 21 29 65 
0 36 44 45 53 54 46 38 39 31 23 15 14 6 21 28 29 65 
0 36 44 45 53 54 46 38 39 31 23 15 7 6 14 21 28 29 65 
0 36 35 43 44 52 53 61 62 54 46 39 31 21 28 29 65 
0 36 45 46 54 62 61 53 44 43 35 34 26 18 11 20 28 29 65 
0 36 44 45 53 54 46 47 39 31 23 15 14 6 5 21 28 29 65 
0 36 44 45 53 61 62 54 46 47 39 31 23 15 14 21 20 28 29 65 
0 28 36 44 45 53 54 55 47 39 31 23 15 14 6 21 29 65 
0 36 44 45 53 54 55 47 39 31 23 15 14 6 5 21 28 29 65 
0 36 44 45 53 61 62 54 55 47 39 31 23 15 14 21 20 28 29 65 
0 28 36 44 52 53 54 55 47 39 31 23 15 14 6 21 29 65 
0 36 44 52 53 54 55 47 39 31 23 15 14 6 21 28 29 65 
0 36 44 52 53 61 62 54 55 47 39 31 23 15 14 21 28 29 65 
0 36 44 52 53 54 55 47 39 31 23 15 7 6 14 21 28 29 65 
0 28 36 44 52 53 54 55 47 39 31 23 15 7 6 21 29 65 
0 36 44 52 53 54 55 47 39 31 23 15 7 6 21 28 29 65 
0 36 44 52 53 61 62 54 55 56 48 39 31 23 15 14 21 28 29 65 
0 36 44 53 54 62 61 60 59 58 50 42 34 26 18 29 65 
0 36 44 45 53 54 55 56 48 40 32 23 15 7 6 14 21 20 28 29 65 
0 36 44 52 53 61 54 55 47 39 31 23 7 29 65 
0 36 44 52 53 54 55 56 48 40 32 23 15 7 6 14 21 28 29 65 
0 36 44 53 54 62 61 60 59 58 49 41 33 34 26 28 65 
0 36 44 52 53 54 55 47 48 40 32 24 15 7 6 29 65 
0 36 44 52 53 54 55 63 62 61 60 59 49 41 33 34 28 65 
0 36 44 52 53 61 60 59 58 57 49 41 33 25 28 65 
0 28 20 12 11 10 18 17 25 33 41 49 50 59 65 
0 36 44 52 53 54 55 56 48 40 32 24 16 7 6 29 65 
0 36 44 53 54 62 63 55 56 48 40 32 24 16 7 6 14 21 65 
0 36 44 53 52 60 59 58 49 41 33 25 17 18 11 28 29 65 
0 36 44 53 54 62 63 64 56 48 40 32 24 16 7 6 14 21 65 
0 36 37 38 46 54 53 45 44 43 35 27 18 10 11 21 65 
0 37 38 46 54 53 45 44 43 35 36 28 27 18 11 65 
0 36 37 38 46 54 53 45 44 43 35 28 27 18 11 65 
0 28 36 37 38 46 54 53 45 44 43 35 27 18 11 20 21 29 65 
0 36 28 20 21 12 11 10 18 27 35 43 44 45 53 54 38 65 
0 36 37 38 46 54 53 44 43 35 27 26 18 11 20 28 29 65 
0 36 28 20 21 12 11 10 18 26 27 35 43 44 45 53 54 38 65 
0 37 38 39 47 55 54 53 45 44 36 28 27 18 11 65 
0 36 44 45 53 54 55 47 39 38 37 29 21 20 12 11 18 65 
0 36 28 20 12 11 10 18 27 35 43 44 45 53 54 39 38 65 
0 36 35 43 44 45 53 54 55 47 39 31 23 15 14 21 20 28 29 65 
0 36 28 20 12 11 10 18 26 27 35 43 44 53 54 47 38 65 
0 36 35 34 42 43 44 53 54 55 47 39 31 23 15 14 21 20 28 29 65 
0 36 28 20 12 11 10 18 26 34 35 44 52 53 54 39 38 65 
0 36 44 45 53 61 62 54 55 47 39 31 23 15 14 21 20 28 29 65 
0 36 44 45 53 54 55 47 39 31 23 15 14 6 5 21 28 29 65 
0 28 36 44 45 53 54 55 47 39 31 23 15 14 6 21 29 65 
0 36 44 45 53 54 55 47 39 31 23 15 14 6 5 21 29 28 65 
0 36 44 52 53 54 55 47 39 31 23 15 14 6 21 28 29 65 
0 28 36 44 52 53 54 55 47 39 31 23 15 14 6 21 29 65 
0 36 44 52 53 54 55 47 39 31 23 15 14 6 21 29 28 65 
0 28 36 44 52 53 54 55 47 39 31 23 15 7 6 21 29 65 
0 36 44 52 53 54 55 47 39 31 23 15 7 6 21 28 29 65 
0 36 44 52 53 61 62 54 55 48 40 39 31 21 28 29 65 
0 28 36 44 52 53 61 62 54 55 47 39 31 23 14 21 65 
0 36 44 52 53 61 62 54 46 39 31 23 15 7 28 65 
0 36 44 45 53 61 62 54 47 39 31 23 15 7 6 29 65 
0 36 44 52 53 54 62 61 60 59 58 57 49 41 34 28 29 65 
0 36 44 53 54 62 61 60 59 58 57 49 41 33 34 28 29 65 
0 28 36 44 52 53 61 62 54 55 56 48 40 32 16 14 21 65 
0 28 36 44 52 53 54 55 56 48 40 32 24 16 15 7 6 14 21 65 
0 36 44 45 54 55 56 48 40 32 24 16 15 7 6 29 65 
0 36 44 53 54 55 56 48 40 32 24 16 15 7 6 29 65 
0 36 44 45 53 54 55 56 48 40 32 24 16 15 7 6 29 65 
0 36 44 52 53 54 55 56 48 40 32 24 16 15 7 6 29 65 
0 28 20 12 11 10 18 17 25 33 41 49 57 36 65 
0 28 20 12 11 10 9 17 25 33 41 49 57 59 65 
0 36 44 52 53 61 62 63 64 56 48 40 32 24 16 6 14 21 65 
0 28 20 12 4 3 2 1 9 17 25 33 41 49 36 65 
0 36 44 53 54 62 63 55 47 39 31 23 15 7 6 29 65 
0 37 38 46 54 53 45 44 43 35 36 28 27 18 11 65 
0 36 37 38 46 54 53 45 44 43 35 28 27 18 11 65 
0 36 37 38 39 47 55 54 53 45 44 43 35 34 27 28 20 21 29 65 
0 28 36 37 38 46 54 53 44 43 35 34 26 18 11 65 
0 28 27 35 34 26 18 10 11 12 20 21 29 38 46 54 65 
0 36 28 21 20 12 11 10 18 26 34 35 43 44 45 54 38 65 
0 36 28 20 21 12 11 10 18 26 34 35 43 44 45 53 54 46 38 65 
0 37 38 39 47 55 54 53 44 36 28 27 26 18 11 65 
0 36 44 53 54 55 47 39 38 37 29 21 20 12 11 18 26 28 65 
0 36 44 45 53 54 55 47 39 38 29 21 20 12 11 18 26 28 65 
0 36 44 52 53 54 55 47 39 38 29 21 20 12 11 28 65 
0 36 44 43 51 52 53 54 55 47 39 31 23 15 14 21 20 28 29 65 
0 36 44 45 53 61 62 54 55 47 39 31 23 15 14 21 20 28 29 65 
0 36 44 45 53 54 55 47 39 31 23 15 7 6 14 21 20 28 29 65 
0 28 36 44 45 53 54 55 47 39 31 23 15 14 6 21 29 65 
0 36 44 45 53 54 55 47 39 31 23 15 14 6 5 21 28 29 65 
0 36 44 45 53 54 55 47 39 31 23 15 14 6 5 21 29 28 65 
0 36 44 45 53 54 55 47 39 31 23 15 7 6 14 21 20 28 29 65 
0 28 36 44 52 53 54 55 47 39 31 23 15 14 6 21 29 65 
0 36 44 52 53 54 55 47 39 31 23 15 14 6 21 28 29 65 
0 36 44 52 53 54 55 47 39 31 23 15 14 6 21 29 28 65 
0 36 44 52 53 54 55 47 39 31 23 15 7 6 14 21 28 29 65 
0 28 36 44 52 53 54 55 47 39 31 23 15 7 6 21 29 65 
0 36 44 52 53 54 55 47 39 31 23 15 7 6 21 29 28 65 
0 36 44 52 53 54 55 47 39 31 23 15 7 6 21 28 29 65 
0 36 44 45 53 54 55 47 39 40 32 23 15 14 6 28 65 
0 36 44 52 53 54 55 47 39 40 32 23 15 14 6 29 65 
0 36 44 52 53 54 55 47 39 40 32 23 15 7 6 29 65 
0 36 44 52 53 54 55 47 39 40 32 24 15 6 29 65 
0 36 44 52 53 54 62 61 60 59 58 50 49 41 33 34 28 65 
0 36 44 52 53 54 62 61 60 59 58 50 49 41 33 34 28 65 
0 36 44 52 53 54 62 61 60 59 58 57 49 41 33 28 65 
0 36 44 52 53 61 62 54 55 56 48 40 32 23 15 7 6 14 21 65 
0 36 44 52 53 61 62 54 55 56 48 40 32 24 7 14 21 65 
0 36 44 53 54 62 61 60 59 58 57 49 41 33 25 65 
0 28 20 12 11 10 9 17 25 33 41 49 50 59 60 36 65 
0 36 44 52 53 54 62 61 60 59 58 57 49 41 33 28 65 
0 28 20 12 4 3 2 10 9 17 25 33 41 49 59 52 65 
0 28 20 12 4 3 2 1 9 17 25 33 41 49 36 65 
0 36 44 52 53 61 60 59 58 49 41 33 25 65 
0 36 28 20 21 12 11 10 18 27 35 43 44 45 53 54 38 65 
0 28 36 37 38 46 54 53 45 44 43 35 27 18 11 20 21 29 65 
0 28 27 26 18 10 11 12 20 21 29 37 46 54 53 45 44 43 36 65 
0 36 44 53 54 46 38 37 29 21 20 12 11 18 26 28 65 
0 36 44 45 53 54 46 38 29 21 20 12 11 18 26 34 28 65 
0 28 27 35 34 26 18 10 11 12 20 21 29 38 46 54 65 
0 36 28 20 21 12 11 10 18 26 34 35 43 44 45 53 54 46 38 65 
0 36 28 21 20 12 11 10 18 26 34 35 43 44 45 54 38 65 
0 36 44 52 53 54 46 38 29 21 20 12 11 28 65 
0 36 28 20 21 12 11 10 18 26 34 35 43 44 52 53 54 46 38 65 
0 36 28 21 20 12 11 10 18 26 34 35 43 44 52 54 38 65 
0 36 35 34 42 43 44 45 53 54 47 39 31 23 15 14 21 20 28 29 65 
0 36 28 20 27 35 43 44 52 53 54 55 47 39 29 65 
0 36 28 20 12 11 10 18 27 35 43 44 52 53 54 38 65 
0 36 35 43 44 45 53 54 62 55 47 39 31 23 14 21 65 
0 36 35 43 44 52 53 54 55 47 39 31 23 15 6 14 21 28 65 
0 36 35 43 44 52 53 61 54 55 47 39 31 21 28 29 65 
0 36 44 45 53 61 62 54 55 47 39 31 23 15 14 21 20 28 29 65 
0 36 44 45 53 54 55 47 39 31 23 15 7 6 14 21 20 28 29 65 
0 36 44 45 53 54 55 47 39 31 23 15 7 6 14 21 20 28 29 65 
0 36 44 45 53 54 55 47 39 31 23 15 14 6 5 21 29 28 65 
0 28 36 44 45 53 54 55 47 39 31 23 15 14 6 21 29 65 
0 36 44 45 53 54 55 47 39 31 23 15 14 6 5 21 28 29 65 
0 36 44 45 53 61 62 54 55 47 39 31 23 15 14 21 20 28 29 65 
0 36 44 52 53 54 55 47 39 31 23 15 7 6 14 21 28 29 65 
0 36 44 52 53 54 55 47 39 31 23 15 14 6 21 29 28 65 
0 28 36 44 52 53 54 55 47 39 31 23 15 14 6 21 29 65 
0 36 44 52 53 54 55 47 39 31 23 15 14 6 21 28 29 65 
0 36 44 52 53 61 62 54 55 47 39 31 23 15 14 21 28 29 65 
0 36 44 52 53 61 62 54 55 47 39 31 23 15 6 14 21 28 29 65 
0 36 44 52 53 61 54 55 47 39 31 23 14 29 65 
0 36 44 52 53 61 62 54 55 47 39 31 23 15 6 29 65 
0 36 44 52 53 54 55 56 48 39 31 23 15 6 29 65 
0 36 44 52 53 54 62 61 60 59 58 50 49 41 34 27 28 29 65 
0 36 44 45 53 61 62 54 55 56 48 40 32 24 15 14 21 28 29 65 
0 36 44 52 53 61 62 54 55 56 48 40 32 24 14 21 28 29 65 
0 36 44 45 53 61 60 59 58 49 41 33 25 18 11 28 65 
0 36 44 52 53 61 60 59 58 49 41 33 25 28 65 
0 36 44 52 53 61 60 59 58 49 41 33 25 28 65 
0 36 44 52 53 61 60 59 58 49 41 33 25 65 
0 28 20 12 11 10 18 17 25 33 41 49 50 59 65 
0 28 20 12 11 10 18 17 25 33 41 49 57 36 65 
0 28 20 12 11 10 9 17 25 33 41 49 57 59 65 
0 28 20 12 4 3 2 10 17 25 33 41 49 59 60 65 
0 28 20 12 4 3 2 10 9 17 25 33 41 49 59 52 65 
0 28 20 12 4 3 2 1 9 17 25 33 41 49 36 65 
0 37 38 46 54 53 45 44 43 35 36 28 27 18 11 65 
0 36 37 38 46 54 53 45 44 43 35 28 27 18 11 65 
0 36 28 20 21 12 11 10 18 27 35 43 44 45 53 54 38 65 
0 36 37 38 46 54 53 45 44 43 35 27 18 10 11 21 65 
0 36 37 38 39 47 55 54 53 45 44 43 34 35 27 28 20 21 29 65 
0 28 36 37 38 46 54 53 44 43 35 34 26 18 11 65 
0 36 28 21 20 12 11 10 18 26 34 35 43 44 53 54 38 65 
0 36 28 20 21 12 11 10 18 26 34 35 43 44 53 54 46 38 37 65 
0 36 28 20 21 12 11 10 18 26 34 35 43 44 45 53 54 46 38 65 
0 36 28 20 12 11 10 18 27 35 43 44 45 53 54 39 38 65 
0 36 35 34 42 43 44 45 53 54 46 39 31 23 15 14 21 28 29 65 
0 36 28 20 12 11 10 18 26 27 35 43 44 53 54 47 38 65 
0 36 35 43 44 45 53 54 55 47 39 31 23 15 14 21 20 28 29 65 
0 36 28 20 12 11 10 18 26 34 35 43 44 53 54 47 39 38 65 
0 36 35 34 42 43 44 53 54 55 47 39 31 23 15 14 21 20 28 29 65 
0 36 44 43 51 52 53 54 55 47 39 31 23 15 14 21 20 28 29 65 
0 36 44 45 53 61 62 54 55 47 39 31 23 15 14 21 20 28 29 65 
0 36 44 43 52 53 61 62 54 55 47 39 31 23 14 21 65 
0 36 44 52 53 61 62 54 55 47 39 31 23 15 14 21 28 29 65 
0 36 44 45 53 60 61 62 54 55 47 39 31 23 15 14 21 20 28 29 65 
0 36 44 52 53 60 61 62 54 55 47 39 31 23 14 21 28 65 
0 36 44 52 53 54 55 62 61 60 59 50 42 34 27 28 29 65 
0 36 44 52 53 54 62 61 60 59 58 50 42 34 27 28 29 65 
0 36 44 45 53 54 62 61 60 59 58 50 49 41 34 27 28 20 21 29 65 
0 36 44 52 53 54 62 61 60 59 50 42 34 26 18 11 28 65 
0 36 44 53 54 62 61 60 59 58 50 42 34 26 18 11 28 65 
0 36 44 53 54 62 61 60 59 58 50 42 34 26 18 11 28 65 
0 36 44 52 53 54 62 61 60 59 58 57 49 41 34 28 29 65 
0 36 44 53 54 62 61 60 59 58 50 42 34 26 18 11 65 
0 36 44 53 52 60 59 58 57 49 41 33 25 17 18 11 65 
0 28 20 12 11 10 18 17 25 33 41 49 50 59 65 
0 28 20 12 11 10 18 17 25 33 41 49 57 36 65 
0 28 20 12 11 10 9 17 25 33 41 49 57 59 65 
0 36 44 52 53 61 62 63 56 48 40 32 24 16 7 14 21 65 
0 28 20 12 3 2 1 9 17 25 33 41 45 65 
0 36 44 53 54 62 61 60 59 58 50 42 34 26 18 11 65 
0 36 44 53 52 60 59 58 49 41 33 25 17 18 11 28 29 65 
0 36 44 53 52 60 59 58 49 41 33 25 17 18 11 65 
0 36 37 38 46 54 53 45 44 43 35 27 18 10 11 21 65 
0 28 36 37 38 46 54 53 45 44 43 35 27 18 11 20 21 29 65 
0 36 37 38 46 54 53 52 44 43 35 27 18 10 11 21 65 
0 28 36 37 38 46 54 53 52 44 43 35 27 18 11 20 21 29 65 
0 36 35 43 44 52 53 54 46 38 37 29 21 20 28 65 
0 28 36 44 43 35 34 26 18 10 11 12 20 21 29 38 65 
0 28 36 37 38 46 54 45 44 43 35 34 26 18 11 20 21 65 
0 28 36 37 38 46 54 53 44 43 35 34 26 18 11 65 
0 36 28 20 21 12 11 10 18 26 34 35 43 44 45 53 54 46 38 65 
0 36 28 21 20 12 11 10 18 26 34 35 43 44 45 54 38 65 
0 36 28 20 12 11 10 18 26 27 35 43 44 53 54 46 47 39 38 65 
0 36 44 52 53 54 55 47 39 38 37 29 21 20 11 28 65 
0 36 28 27 35 43 44 52 53 54 55 47 39 31 21 29 65 
0 36 28 20 27 35 43 44 52 53 54 55 47 39 29 65 
0 36 35 43 44 45 53 54 62 55 47 39 31 23 14 21 65 
0 36 35 43 44 45 53 54 55 48 47 39 31 23 14 21 28 29 65 
0 36 35 43 44 52 53 61 62 54 46 39 31 21 28 29 65 
0 36 45 46 54 62 61 53 44 43 35 34 26 18 11 20 28 29 65 
0 36 44 45 53 61 62 54 46 38 39 31 23 15 14 21 28 29 65 
0 36 44 45 53 61 62 54 55 46 38 39 31 23 15 14 21 28 29 65 
0 28 36 44 45 53 54 46 38 39 31 23 15 14 6 21 29 65 
0 36 44 45 53 54 46 38 39 31 23 15 14 6 21 29 28 65 
0 36 44 45 53 61 62 54 55 47 39 31 23 15 14 21 20 28 29 65 
0 36 44 45 53 61 62 54 55 47 39 31 23 15 14 21 20 28 29 65 
0 36 44 45 53 54 55 47 39 31 23 15 14 6 5 28 29 65 
0 28 36 44 45 53 54 55 47 39 31 23 15 14 6 21 29 65 
0 36 44 45 53 54 55 47 39 31 23 15 14 6 5 21 29 28 65 
0 36 44 52 53 61 62 54 55 47 39 31 23 15 14 21 28 29 65 
0 36 44 52 53 54 55 47 39 31 23 15 14 6 21 29 65 
0 36 44 52 53 54 55 47 39 31 23 15 14 6 21 28 29 65 
0 28 36 44 52 53 54 55 47 39 31 23 15 14 6 21 29 65 
0 36 44 52 53 54 55 47 39 31 23 15 14 6 21 29 28 65 
0 36 44 52 53 54 55 47 39 31 23 15 7 6 21 29 28 65 
0 36 44 52 53 54 55 47 39 31 23 15 7 6 21 29 65 
0 28 36 44 52 53 54 55 47 39 31 23 15 7 6 21 29 65 
0 36 44 52 53 54 55 47 39 31 23 15 7 6 21 28 29 65 
0 36 44 53 54 62 61 60 59 58 50 42 34 26 18 29 65 
0 36 44 52 53 61 62 54 55 47 39 40 32 24 14 21 28 29 65 
0 36 44 52 53 61 62 54 47 39 31 23 15 7 28 65 
0 36 44 52 53 54 62 61 60 59 58 57 49 41 34 35 28 65 
0 36 44 53 54 62 63 55 56 48 40 32 24 16 15 14 21 20 28 29 65 
0 28 36 44 52 53 61 62 54 55 56 48 40 32 16 14 21 65 
0 36 44 45 53 61 60 59 58 49 41 33 25 17 18 65 
0 36 44 52 53 61 60 59 58 49 41 33 25 28 65 
0 28 20 12 11 10 18 17 25 33 41 49 50 59 65 
0 28 20 12 11 10 18 17 25 33 41 49 57 36 65 
0 28 20 12 11 10 9 17 25 33 41 49 57 59 65 
0 28 20 12 4 3 2 10 9 17 25 33 41 49 59 52 65 
0 28 20 12 4 3 2 1 9 17 25 33 41 49 36 65 
0 36 44 45 53 61 60 59 58 49 41 33 25 17 18 65 
0 28 36 37 38 46 54 53 45 44 43 35 27 18 11 20 21 29 65 
0 37 38 46 54 53 45 44 43 35 36 28 27 18 11 65 
0 36 37 38 46 54 53 45 44 43 35 28 27 18 11 65 
0 36 37 38 46 54 53 44 43 35 34 26 18 11 20 28 29 65 
0 28 36 37 38 46 54 53 44 43 35 34 26 18 11 65 
0 36 37 38 46 54 53 44 43 35 34 26 18 11 20 28 29 65 
0 37 38 46 54 53 44 36 28 27 35 34 26 18 65 
0 36 44 53 54 46 38 37 29 21 20 12 11 18 26 28 65 
0 36 28 20 21 12 11 10 18 26 34 35 43 44 45 53 54 46 38 65 
0 37 38 39 47 55 54 53 44 36 28 27 26 18 11 65 
0 36 28 20 12 11 10 18 26 27 35 43 44 53 54 47 38 65 
0 36 28 20 12 11 10 18 26 34 35 43 44 53 54 47 39 38 65 
0 36 35 43 44 52 53 62 54 55 47 39 31 23 14 21 65 
0 36 44 45 53 61 62 54 55 47 39 31 23 15 14 21 20 28 29 65 
0 36 44 43 51 60 61 53 54 55 47 39 31 23 14 21 28 65 
0 36 44 45 53 61 62 54 55 47 48 39 31 23 15 14 21 28 29 65 
0 36 44 45 53 60 61 62 54 55 47 39 31 23 15 14 21 20 28 29 65 
0 36 44 53 52 60 61 62 54 55 47 39 31 23 15 14 21 28 29 65 
0 36 44 52 53 60 61 62 54 55 47 39 31 23 14 21 28 65 
0 36 44 52 53 61 62 54 55 56 48 39 31 23 15 14 21 28 29 65 
0 28 36 44 53 61 60 59 58 50 42 34 26 18 11 65 
0 36 44 52 53 61 62 54 55 47 39 40 32 24 14 21 28 29 65 
0 28 36 44 52 53 61 62 54 55 56 48 40 32 23 14 21 65 
0 36 44 52 53 61 60 59 58 49 41 33 25 65 
0 36 44 52 53 61 60 59 58 49 41 33 25 65 
0 28 20 12 11 10 18 17 25 33 41 49 50 59 65 
0 28 20 12 11 10 18 17 25 33 41 49 57 36 65 
0 28 20 12 11 10 9 17 25 33 41 49 57 59 65 
0 36 44 52 53 61 62 63 64 56 48 40 32 24 16 14 21 29 65 
0 28 20 12 4 3 2 9 17 25 33 41 49 59 60 45 65 
0 36 37 38 39 47 55 54 53 45 44 43 34 35 27 28 20 21 29 65 
0 36 44 52 53 61 62 54 55 56 48 40 32 24 14 21 28 29 65 
0 36 44 52 53 61 62 54 55 48 40 32 24 23 14 21 28 65 
0 36 44 53 52 60 59 58 49 41 33 25 17 18 11 65 
0 36 44 53 52 60 59 58 49 41 33 25 17 18 11 28 29 65 
0 37 38 46 54 53 45 44 43 35 36 28 27 18 11 65 
0 28 36 37 38 46 54 53 44 43 35 27 26 18 11 65 
0 28 36 37 38 46 54 53 44 43 35 34 26 18 11 65 
0 37 38 39 47 55 54 53 45 44 36 28 27 18 11 65 
0 36 44 45 53 54 55 47 39 38 37 29 21 20 12 11 18 65 
0 36 35 34 42 43 44 45 53 54 46 39 31 23 15 14 21 28 29 65 
0 36 35 34 42 43 44 52 53 54 46 39 31 23 14 21 28 29 65 
0 36 35 43 44 45 53 54 55 47 48 39 31 23 15 14 21 28 29 65 
0 36 44 43 51 52 53 54 55 47 39 31 23 15 14 21 20 28 29 65 
0 36 44 45 53 61 62 54 46 47 39 31 23 15 14 21 20 28 29 65 
0 36 44 45 53 54 46 47 39 31 23 15 7 6 14 21 20 28 29 65 
0 36 44 45 53 61 62 54 55 47 39 31 23 15 14 21 20 28 29 65 
0 28 36 44 45 53 54 55 47 39 31 23 15 14 6 21 29 65 
0 36 44 45 53 54 55 47 39 31 23 15 7 6 14 21 20 28 29 65 
0 36 44 52 53 61 62 54 55 47 39 31 23 15 14 21 28 29 65 
0 28 36 44 52 53 54 55 47 39 31 23 15 14 6 21 29 65 
0 36 44 52 53 54 55 47 39 31 23 15 7 6 14 21 28 29 65 
0 28 36 44 52 53 54 55 47 39 31 23 15 7 6 21 29 65 
0 36 44 52 53 54 55 47 39 31 23 15 7 6 21 28 29 65 
0 28 36 44 45 53 61 62 54 55 47 39 31 23 15 7 6 14 21 65 
0 36 44 52 53 54 62 61 60 59 58 50 42 34 35 28 29 65 
0 36 44 52 53 54 62 61 60 59 58 50 42 34 27 28 29 65 
0 36 44 53 54 62 61 60 59 58 50 42 34 26 18 11 28 65 
0 28 36 44 52 53 61 62 54 55 47 39 32 16 65 
0 36 44 52 53 54 62 61 60 59 58 49 41 33 28 29 65 
0 36 44 52 53 54 55 63 62 61 60 59 49 41 33 34 28 65 
0 36 44 52 53 54 62 61 60 59 58 49 41 33 28 29 65 
0 36 44 45 53 61 54 55 56 48 40 32 24 16 7 6 14 21 65 
0 36 44 52 53 61 62 54 55 48 40 32 24 16 6 14 21 65 
0 36 44 52 53 54 63 56 48 40 32 24 16 7 6 13 21 65 
0 36 44 53 54 63 64 56 48 40 32 24 16 7 6 13 29 65 
0 36 44 53 54 62 61 60 59 50 42 34 26 18 11 28 29 65 
0 36 44 52 53 54 62 61 60 59 58 49 41 33 28 29 65 
0 28 36 37 38 46 54 53 45 44 43 35 27 18 11 20 21 29 65 
0 36 37 38 46 54 53 45 44 43 35 28 27 18 11 65 
0 37 38 46 54 53 45 44 43 35 36 28 27 18 11 65 
0 28 36 37 38 46 54 53 44 43 35 34 26 18 11 65 
0 37 38 39 47 55 54 53 45 44 36 28 27 18 11 65 
0 36 44 45 53 54 55 47 39 38 37 29 21 20 12 11 18 65 
0 37 38 39 47 55 54 53 44 36 28 27 26 18 11 65 
0 36 44 45 53 54 55 47 39 38 29 21 20 12 11 18 26 28 65 
0 28 27 26 18 10 11 12 20 21 29 38 39 47 54 65 
0 36 44 52 53 54 55 47 39 38 29 21 20 12 11 28 65 
0 28 36 44 45 53 54 46 38 39 31 23 15 14 6 21 29 65 
0 36 35 43 44 52 53 61 62 54 46 39 31 21 28 29 65 
0 28 36 44 45 53 54 55 47 39 31 23 15 14 6 21 29 65 
0 28 36 44 52 53 54 55 47 39 31 23 15 14 6 21 29 65 
0 28 36 44 52 53 54 55 47 39 31 23 15 7 6 21 29 65 
0 36 44 45 53 54 62 55 47 39 31 23 15 7 6 29 65 
0 36 44 45 53 62 54 55 47 39 31 23 15 7 6 12 20 28 29 65 
0 36 44 45 53 61 54 55 47 39 31 23 15 7 6 29 65 
0 36 44 45 53 61 62 54 55 47 39 31 23 15 6 12 20 28 29 65 
0 36 44 45 53 54 55 48 47 39 31 23 15 7 6 29 65 
0 36 44 45 53 54 55 47 48 39 31 23 15 7 6 12 20 28 29 65 
0 36 44 52 53 54 62 55 47 39 31 23 7 29 65 
0 36 44 52 53 62 54 55 47 39 31 23 15 7 6 29 65 
0 36 44 52 53 61 54 55 47 39 31 23 7 29 65 
0 36 44 52 53 61 62 54 55 47 39 31 23 15 6 29 65 
0 36 44 52 53 54 55 48 47 39 31 23 15 7 6 29 65 
0 36 44 52 53 54 55 47 48 39 31 23 15 7 6 29 65 
0 36 44 53 54 62 63 55 47 39 31 23 15 7 6 29 65 
0 36 44 45 53 54 55 56 48 40 32 23 15 7 6 12 20 28 29 65 
0 36 44 52 53 54 55 56 48 40 32 23 15 7 6 29 65 
0 36 44 53 54 55 56 48 40 32 24 16 15 6 5 4 29 65 
0 28 20 12 11 10 18 26 34 33 41 49 57 59 60 36 65 
0 28 20 12 11 10 18 17 25 33 41 49 59 60 36 65 
0 36 44 52 53 54 55 56 48 40 32 24 16 15 6 29 65 
0 28 20 12 11 10 18 17 25 33 41 49 57 36 65 
0 28 20 12 11 10 9 17 25 33 41 49 57 59 65 
0 28 20 12 4 3 2 10 9 17 25 33 41 49 59 52 65 
0 28 20 12 4 3 2 1 9 17 25 33 41 49 36 65 
0 28 36 37 38 46 54 53 44 43 35 27 26 18 11 65 
0 28 36 44 45 53 54 46 47 39 31 23 15 14 6 21 29 65 
0 36 44 53 52 60 59 58 49 41 33 25 17 18 11 28 29 65 
0 37 38 46 54 53 45 44 43 35 36 28 27 18 11 65 
0 36 28 20 21 12 11 10 18 26 27 35 43 44 53 54 38 65 
0 36 28 20 12 11 10 18 26 27 35 43 44 53 54 46 38 65 
0 28 35 34 26 18 10 11 12 20 21 29 37 38 46 54 45 65 
0 28 27 34 26 18 10 11 12 20 21 29 37 38 46 54 45 65 
0 37 38 46 54 53 45 44 36 35 34 26 18 11 28 29 65 
0 28 20 21 12 11 10 18 26 34 35 36 44 45 53 54 46 38 37 65 
0 29 28 20 21 12 11 10 18 26 34 35 36 44 45 53 54 46 38 65 
0 37 38 39 47 55 54 53 45 44 36 28 27 18 11 65 
0 28 29 21 20 12 11 10 18 26 34 35 36 44 53 54 46 65 
0 36 44 45 53 54 46 38 39 31 23 15 14 6 21 29 28 65 
0 28 36 44 45 53 54 46 38 39 31 23 15 14 6 21 29 65 
0 36 44 45 53 54 46 38 39 31 23 15 14 6 21 28 29 65 
0 36 44 52 53 54 46 38 39 31 23 15 14 6 21 28 65 
0 28 36 44 52 53 54 46 38 39 31 23 15 14 21 29 65 
0 36 44 52 53 54 46 38 39 31 23 15 14 6 21 28 65 
0 36 44 53 54 46 38 39 31 23 15 14 6 21 28 29 65 
0 28 36 44 53 54 46 38 39 31 23 15 14 6 21 29 65 
0 36 44 52 53 54 62 55 47 39 31 23 7 29 65 
0 36 44 52 53 61 62 54 47 39 31 23 15 7 28 65 
0 36 44 52 53 61 60 59 58 57 49 41 33 25 28 65 
0 28 20 12 11 10 18 17 25 33 41 49 50 59 65 
0 36 44 52 53 54 55 56 48 40 32 24 16 15 7 6 29 65 
0 28 20 12 11 10 18 17 25 33 41 49 57 36 65 
0 28 20 12 11 10 9 17 25 33 41 49 57 59 65 
0 28 20 12 4 3 2 10 9 17 25 33 41 49 59 52 65 
0 28 20 12 4 3 2 1 9 17 25 33 41 49 36 65 
0 36 44 45 53 54 55 47 39 38 29 21 20 12 11 18 26 28 65 
0 36 44 45 53 54 46 47 39 38 29 21 20 12 11 18 26 28 65 
0 28 36 44 53 54 55 47 39 31 23 15 7 6 21 29 65 
0 28 36 44 52 53 54 55 47 39 31 23 15 7 6 21 29 65 
0 36 44 45 53 54 55 47 39 31 23 15 7 6 12 20 21 29 28 65 
0 36 44 52 53 54 55 56 48 40 32 23 15 7 6 29 65 
0 36 44 52 53 54 55 48 40 32 24 16 15 7 6 29 65 
0 36 44 52 53 54 55 47 48 40 32 23 15 7 6 29 65 
0 36 44 52 53 54 55 47 48 40 32 24 23 15 7 6 29 65 
