611
1165.0 679.0 
1045.0 788.0 
1205.0 808.0 
1125.0 728.0 
1195.0 733.0 
1280.0 696.0 
1170.0 729.0 
1385.0 808.0 
1240.0 640.0 
1430.0 803.0 
1380.0 706.0 
1370.0 623.0 
1480.0 689.0 
1500.0 663.0 
1540.0 684.0 
1460.0 592.0 
1325.0 723.0 
1450.0 789.0 
1460.0 785.0 
1480.0 766.0 
1470.0 777.0 
1500.0 648.0 
1335.0 719.0 
1290.0 837.0 
1340.0 866.0 
1215.0 796.0 
1175.0 754.0 
1295.0 735.0 
1325.0 785.0 
1270.0 788.0 
1335.0 771.0 
1335.0 708.0 
1430.0 805.0 
1400.0 762.0 
1425.0 704.0 
1430.0 648.0 
1465.0 640.0 
1425.0 609.0 
1445.0 567.0 
1500.0 616.0 
1435.0 477.0 
1425.0 780.0 
1445.0 768.0 
1455.0 755.0 
1415.0 620.0 
1500.0 663.0 
1240.0 804.0 
1085.0 683.0 
1185.0 760.0 
1335.0 696.0 
1180.0 740.0 
1385.0 747.0 
1335.0 708.0 
1330.0 670.0 
1415.0 682.0 
1460.0 783.0 
1285.0 564.0 
1425.0 607.0 
1465.0 634.0 
1455.0 681.0 
1470.0 697.0 
1440.0 535.0 
1530.0 577.0 
1480.0 539.0 
1435.0 477.0 
1330.0 740.0 
1435.0 581.0 
1465.0 656.0 
1215.0 789.0 
1280.0 830.0 
1340.0 866.0 
1155.0 698.0 
1345.0 822.0 
1185.0 662.0 
1270.0 710.0 
1280.0 695.0 
1360.0 794.0 
1320.0 697.0 
1240.0 678.0 
1235.0 714.0 
1180.0 654.0 
1435.0 763.0 
1375.0 681.0 
1470.0 597.0 
1520.0 626.0 
1440.0 520.0 
1470.0 775.0 
1485.0 622.0 
1485.0 724.0 
1490.0 761.0 
1480.0 766.0 
1495.0 714.0 
1295.0 865.0 
1200.0 763.0 
1170.0 793.0 
1215.0 731.0 
1200.0 778.0 
1240.0 738.0 
1160.0 746.0 
1395.0 799.0 
1230.0 688.0 
1470.0 776.0 
1480.0 764.0 
1505.0 703.0 
1525.0 662.0 
1395.0 532.0 
1405.0 535.0 
1220.0 757.0 
1385.0 804.0 
1400.0 762.0 
1335.0 720.0 
1455.0 757.0 
1320.0 688.0 
1460.0 708.0 
1450.0 723.0 
1355.0 692.0 
1325.0 837.0 
1260.0 796.0 
1085.0 749.0 
1165.0 764.0 
1265.0 756.0 
1200.0 778.0 
1315.0 780.0 
1220.0 767.0 
1325.0 786.0 
1410.0 751.0 
1450.0 789.0 
1455.0 758.0 
1485.0 736.0 
1445.0 566.0 
1395.0 532.0 
1400.0 762.0 
1390.0 774.0 
1495.0 714.0 
1465.0 656.0 
1395.0 731.0 
1490.0 763.0 
1480.0 775.0 
1425.0 705.0 
1340.0 866.0 
1300.0 819.0 
1095.0 754.0 
1200.0 778.0 
1200.0 778.0 
1320.0 748.0 
1400.0 823.0 
1325.0 717.0 
1295.0 662.0 
1325.0 710.0 
1425.0 774.0 
1450.0 789.0 
1450.0 789.0 
1435.0 766.0 
1365.0 687.0 
1340.0 679.0 
1425.0 708.0 
1475.0 740.0 
1460.0 702.0 
1475.0 732.0 
1340.0 585.0 
1525.0 662.0 
1385.0 569.0 
1495.0 586.0 
1480.0 544.0 
1435.0 477.0 
1190.0 784.0 
1350.0 801.0 
1490.0 657.0 
1280.0 783.0 
1095.0 754.0 
1190.0 783.0 
1230.0 656.0 
1190.0 694.0 
1290.0 773.0 
1320.0 746.0 
1260.0 742.0 
1425.0 777.0 
1435.0 766.0 
1460.0 782.0 
1430.0 638.0 
1415.0 620.0 
1420.0 565.0 
1525.0 662.0 
1495.0 586.0 
1460.0 601.0 
1435.0 477.0 
1470.0 777.0 
1480.0 769.0 
1450.0 710.0 
1200.0 761.0 
1335.0 831.0 
1350.0 854.0 
1285.0 814.0 
1185.0 685.0 
1390.0 832.0 
1345.0 712.0 
1325.0 710.0 
1270.0 729.0 
1435.0 766.0 
1455.0 755.0 
1365.0 675.0 
1455.0 759.0 
1420.0 675.0 
1480.0 683.0 
1500.0 646.0 
1490.0 565.0 
1380.0 517.0 
1475.0 493.0 
1525.0 531.0 
1215.0 666.0 
1485.0 716.0 
1410.0 566.0 
1340.0 866.0 
1165.0 764.0 
1285.0 816.0 
1195.0 749.0 
1400.0 829.0 
1410.0 822.0 
1385.0 747.0 
1400.0 769.0 
1405.0 730.0 
1425.0 704.0 
1395.0 726.0 
1435.0 696.0 
1405.0 624.0 
1435.0 687.0 
1505.0 704.0 
1395.0 535.0 
1410.0 564.0 
1495.0 586.0 
1390.0 495.0 
1435.0 477.0 
1270.0 800.0 
1250.0 815.0 
1235.0 785.0 
1235.0 785.0 
1235.0 785.0 
1225.0 695.0 
1255.0 777.0 
1235.0 777.0 
1280.0 776.0 
1290.0 773.0 
1300.0 766.0 
1310.0 755.0 
1305.0 706.0 
1295.0 741.0 
1330.0 745.0 
1335.0 687.0 
1350.0 733.0 
1360.0 724.0 
1430.0 739.0 
1355.0 697.0 
1380.0 706.0 
1415.0 710.0 
1440.0 731.0 
1440.0 731.0 
1400.0 688.0 
1435.0 692.0 
1510.0 745.0 
1485.0 736.0 
1485.0 736.0 
1430.0 658.0 
1470.0 697.0 
1520.0 734.0 
1440.0 646.0 
1465.0 649.0 
1315.0 793.0 
1185.0 817.0 
1200.0 838.0 
1185.0 817.0 
1195.0 812.0 
1200.0 838.0 
1185.0 817.0 
1185.0 817.0 
1185.0 817.0 
1195.0 812.0 
1185.0 823.0 
1200.0 838.0 
1185.0 817.0 
1220.0 833.0 
1220.0 833.0 
1220.0 833.0 
1185.0 817.0 
1195.0 812.0 
1200.0 838.0 
1195.0 812.0 
1185.0 817.0 
1195.0 812.0 
1195.0 812.0 
1185.0 817.0 
1185.0 817.0 
1185.0 817.0 
1185.0 817.0 
1185.0 817.0 
1185.0 817.0 
1185.0 817.0 
1185.0 823.0 
1125.0 799.0 
1125.0 799.0 
1185.0 817.0 
1195.0 812.0 
1160.0 802.0 
1160.0 802.0 
1220.0 820.0 
1220.0 820.0 
1215.0 794.0 
1230.0 815.0 
1230.0 815.0 
1230.0 815.0 
1235.0 841.0 
1255.0 836.0 
1195.0 812.0 
1205.0 807.0 
1195.0 812.0 
1205.0 807.0 
1205.0 807.0 
1195.0 812.0 
1230.0 825.0 
1195.0 812.0 
1205.0 807.0 
1155.0 776.0 
1205.0 807.0 
1195.0 812.0 
1230.0 828.0 
1195.0 812.0 
1230.0 828.0 
1230.0 828.0 
1195.0 812.0 
1195.0 812.0 
1195.0 812.0 
1195.0 812.0 
1195.0 812.0 
1195.0 812.0 
1195.0 812.0 
1195.0 812.0 
1195.0 812.0 
1195.0 812.0 
1195.0 812.0 
1195.0 812.0 
1195.0 812.0 
1155.0 776.0 
1085.0 766.0 
1230.0 825.0 
1135.0 794.0 
1195.0 812.0 
1170.0 797.0 
1170.0 797.0 
1230.0 815.0 
1205.0 804.0 
1205.0 804.0 
1230.0 815.0 
1230.0 815.0 
1240.0 810.0 
1240.0 810.0 
1265.0 831.0 
1230.0 815.0 
1240.0 811.0 
1330.0 817.0 
1260.0 802.0 
1270.0 798.0 
1280.0 804.0 
1265.0 778.0 
1275.0 767.0 
1310.0 759.0 
1430.0 812.0 
1330.0 737.0 
1290.0 698.0 
1295.0 730.0 
1345.0 687.0 
1355.0 677.0 
1330.0 665.0 
1380.0 692.0 
1340.0 653.0 
1350.0 631.0 
1360.0 617.0 
1340.0 628.0 
1370.0 607.0 
1280.0 608.0 
1340.0 628.0 
1280.0 608.0 
1330.0 872.0 
1330.0 872.0 
1330.0 872.0 
1330.0 872.0 
1350.0 863.0 
1350.0 863.0 
1360.0 857.0 
1360.0 857.0 
1360.0 857.0 
1370.0 852.0 
1325.0 782.0 
1320.0 733.0 
1335.0 777.0 
1345.0 767.0 
1300.0 677.0 
1235.0 727.0 
1260.0 743.0 
1330.0 660.0 
1380.0 692.0 
1350.0 640.0 
1350.0 640.0 
1325.0 626.0 
1335.0 613.0 
1345.0 607.0 
1405.0 615.0 
1450.0 589.0 
1460.0 575.0 
1435.0 564.0 
1340.0 867.0 
1315.0 637.0 
1220.0 828.0 
1270.0 848.0 
1270.0 856.0 
1340.0 869.0 
1220.0 829.0 
1230.0 825.0 
1265.0 828.0 
1230.0 824.0 
1300.0 843.0 
1335.0 847.0 
1190.0 703.0 
1235.0 693.0 
1295.0 709.0 
1345.0 743.0 
1330.0 719.0 
1360.0 789.0 
1300.0 677.0 
1395.0 705.0 
1380.0 677.0 
1405.0 704.0 
1360.0 608.0 
1390.0 675.0 
1410.0 730.0 
1430.0 610.0 
1335.0 606.0 
1370.0 603.0 
1290.0 731.0 
1290.0 731.0 
1295.0 757.0 
1310.0 788.0 
1325.0 818.0 
1320.0 792.0 
1330.0 867.0 
1330.0 867.0 
1260.0 784.0 
1335.0 831.0 
1345.0 825.0 
1280.0 776.0 
1290.0 771.0 
1310.0 734.0 
1350.0 796.0 
1350.0 798.0 
1360.0 794.0 
1355.0 753.0 
1350.0 713.0 
1375.0 735.0 
1380.0 678.0 
1395.0 725.0 
1405.0 714.0 
1390.0 686.0 
1425.0 690.0 
1470.0 694.0 
1495.0 699.0 
1500.0 641.0 
1475.0 644.0 
1325.0 826.0 
1255.0 759.0 
1330.0 875.0 
1340.0 867.0 
1280.0 773.0 
1290.0 763.0 
1325.0 767.0 
1275.0 736.0 
1365.0 803.0 
1330.0 796.0 
1290.0 777.0 
1290.0 677.0 
1280.0 678.0 
1310.0 662.0 
1370.0 691.0 
1260.0 622.0 
1275.0 653.0 
1325.0 687.0 
1300.0 673.0 
1245.0 602.0 
1260.0 633.0 
1285.0 647.0 
1385.0 638.0 
1450.0 605.0 
1340.0 632.0 
1370.0 610.0 
1330.0 643.0 
1370.0 619.0 
1290.0 842.0 
1300.0 836.0 
1295.0 819.0 
1310.0 832.0 
1275.0 825.0 
1240.0 730.0 
1240.0 730.0 
1240.0 730.0 
1330.0 821.0 
1295.0 814.0 
1220.0 771.0 
1180.0 731.0 
1385.0 816.0 
1395.0 810.0 
1355.0 771.0 
1290.0 698.0 
1365.0 761.0 
1365.0 761.0 
1240.0 663.0 
1240.0 663.0 
1240.0 663.0 
1310.0 683.0 
1215.0 654.0 
1345.0 685.0 
1355.0 672.0 
1330.0 663.0 
1445.0 763.0 
1375.0 652.0 
1385.0 636.0 
1475.0 715.0 
1405.0 605.0 
1415.0 589.0 
1165.0 837.0 
1340.0 865.0 
1280.0 756.0 
1230.0 722.0 
1230.0 722.0 
1160.0 714.0 
1360.0 857.0 
1360.0 857.0 
1360.0 857.0 
1360.0 857.0 
1170.0 709.0 
1370.0 853.0 
1370.0 853.0 
1370.0 853.0 
1370.0 853.0 
1345.0 840.0 
1300.0 773.0 
1360.0 807.0 
1350.0 742.0 
1375.0 755.0 
1360.0 732.0 
1305.0 733.0 
1360.0 696.0 
1370.0 686.0 
1420.0 731.0 
1310.0 684.0 
1335.0 693.0 
1320.0 674.0 
1345.0 683.0 
1440.0 722.0 
1440.0 722.0 
1430.0 638.0 
1370.0 597.0 
1275.0 581.0 
1325.0 611.0 
1300.0 595.0 
1445.0 745.0 
1265.0 593.0 
1330.0 874.0 
1330.0 874.0 
1240.0 806.0 
1265.0 826.0 
1265.0 744.0 
1235.0 772.0 
1175.0 759.0 
1195.0 719.0 
1240.0 733.0 
1205.0 729.0 
1225.0 715.0 
1320.0 744.0 
1210.0 686.0 
1305.0 715.0 
1240.0 648.0 
1295.0 728.0 
1440.0 799.0 
1450.0 794.0 
1460.0 782.0 
1460.0 782.0 
1470.0 771.0 
1490.0 740.0 
1205.0 725.0 
1170.0 721.0 
1480.0 770.0 
1340.0 766.0 
1215.0 716.0 
1205.0 731.0 
1215.0 727.0 
1365.0 820.0 
1410.0 821.0 
1385.0 811.0 
1395.0 807.0 
1365.0 738.0 
1375.0 734.0 
1425.0 777.0 
1425.0 777.0 
1465.0 726.0 
1445.0 759.0 
1450.0 700.0 
1420.0 648.0 
1475.0 728.0 
1360.0 630.0 
1485.0 701.0 
1480.0 652.0 
1265.0 714.0 
1225.0 722.0 
1380.0 578.0 

0 36 28 29 30 38 39 31 23 22 21 13 14 15 7 6 5 4 3 2 1 9 17 25 33 41 49 57 58 59 60 61 52 51 50 42 34 26 18 10 11 12 20 19 27 44 65 
0 36 35 43 44 52 51 50 42 34 26 18 10 11 12 13 14 21 20 19 27 28 29 38 46 54 55 47 39 31 30 22 23 15 7 6 5 4 3 2 1 9 17 25 33 37 65 
0 36 28 29 30 22 21 20 19 12 13 14 23 15 7 6 5 4 3 11 10 18 17 25 26 27 35 43 44 45 53 52 51 50 42 34 33 41 49 57 58 59 60 61 62 54 46 47 39 38 65 
0 36 44 52 51 43 35 27 28 20 19 18 10 11 12 13 21 29 30 38 39 31 23 15 14 6 5 4 3 2 1 9 17 25 33 26 34 42 41 49 57 50 58 59 54 47 65 
0 28 19 20 13 14 15 7 6 5 4 12 11 3 2 10 18 26 27 35 43 44 36 37 38 39 47 46 45 53 52 51 50 42 34 33 41 49 57 58 59 60 61 62 54 55 40 32 65 
0 36 28 29 30 23 15 14 21 20 12 4 3 2 1 9 17 25 33 41 49 57 58 59 60 61 62 63 64 56 48 40 39 47 55 54 53 52 51 50 42 34 26 18 10 11 19 27 37 65 
0 28 36 37 45 44 52 51 43 42 35 27 26 18 10 11 12 20 21 13 14 15 7 6 5 4 3 2 1 9 17 25 33 34 41 49 50 58 59 60 61 53 54 46 38 39 47 65 
0 36 44 45 46 54 62 61 60 52 59 51 43 35 27 19 20 28 29 21 13 12 11 10 18 26 34 42 50 58 49 41 33 25 17 9 1 2 3 4 5 6 14 15 23 24 32 40 48 56 55 47 39 38 65 
0 28 36 44 43 51 50 42 34 26 27 19 18 17 25 33 41 49 57 58 59 60 61 62 54 53 45 37 38 46 55 56 48 40 39 31 23 14 15 16 8 7 6 5 4 3 9 65 
0 36 35 34 26 18 10 11 12 20 28 29 21 13 5 4 3 2 1 9 17 25 33 41 42 43 44 52 60 61 62 63 64 56 48 40 32 24 16 8 7 6 14 15 23 31 39 47 55 54 53 46 38 45 37 65 
0 36 29 28 20 21 13 12 4 5 6 7 15 23 31 39 40 48 56 64 63 62 61 60 59 58 57 49 41 33 25 17 9 1 2 3 11 10 18 26 34 35 44 43 42 50 51 52 53 54 47 65 
0 36 28 29 21 20 27 35 34 42 41 49 57 58 59 60 61 62 63 64 56 48 40 32 24 16 8 7 6 5 4 3 2 1 9 17 25 26 18 10 11 12 13 14 15 23 31 39 47 65 
0 36 29 28 20 21 13 12 4 5 6 14 15 7 8 16 24 32 40 48 56 64 63 62 61 60 59 58 57 49 41 33 25 17 9 1 2 3 11 10 18 26 34 42 50 51 43 44 52 53 54 55 47 65 
0 36 44 52 60 59 58 57 49 41 33 25 17 9 1 2 3 4 5 6 7 8 16 24 32 40 48 56 64 63 62 61 53 54 55 47 39 31 23 15 14 13 12 11 10 18 26 34 42 50 43 28 29 65 
0 36 28 27 19 11 10 9 1 2 3 4 5 6 7 8 16 24 32 40 48 56 64 63 62 61 60 59 58 57 49 41 33 25 17 18 26 34 42 50 51 52 53 54 55 47 39 31 23 15 14 13 12 20 29 65 
0 36 27 19 20 12 4 5 6 7 8 16 24 32 40 48 56 64 63 62 61 60 59 58 57 49 41 33 25 17 9 1 2 3 11 10 18 26 34 42 50 51 52 53 54 55 47 39 31 23 29 65 
0 36 28 29 21 22 14 15 23 31 39 47 55 54 53 61 62 63 64 56 48 40 32 24 16 8 7 6 5 4 12 20 27 35 34 26 18 10 11 3 2 1 9 17 25 33 41 42 43 44 65 
0 36 35 34 26 18 10 11 12 20 28 29 21 13 5 4 3 2 1 9 17 25 33 41 42 43 44 51 59 60 61 62 63 64 56 48 40 32 24 16 8 7 6 14 15 23 31 39 47 55 54 53 46 38 37 65 
0 36 44 43 51 60 59 58 50 42 41 33 25 17 9 2 3 4 5 6 7 8 16 24 32 40 48 56 64 63 62 61 53 54 55 47 39 31 23 15 14 13 12 11 10 18 26 34 35 27 28 20 21 29 37 65 
0 36 44 43 51 60 59 58 57 49 41 33 25 17 9 2 3 4 5 6 7 8 16 24 32 40 48 56 64 63 62 61 53 54 55 47 39 31 23 15 14 13 12 11 10 18 26 34 35 27 28 20 21 29 37 65 
0 36 44 43 51 60 59 58 50 49 41 33 25 17 9 2 3 4 5 6 7 8 16 24 32 40 48 56 64 63 62 61 53 54 55 47 39 31 23 15 14 13 12 11 10 18 26 34 35 27 28 20 21 29 37 65 
0 36 44 52 60 59 58 57 49 41 33 25 17 9 1 2 3 4 5 6 7 8 16 24 32 40 48 56 64 63 62 61 53 54 55 47 39 31 23 15 14 13 12 11 10 18 26 34 42 43 35 27 28 65 
0 36 28 29 21 13 14 15 23 31 39 47 55 54 53 61 62 63 64 56 48 40 32 24 16 8 7 6 5 4 12 20 27 35 34 26 18 10 11 3 2 1 9 17 25 33 41 42 43 44 65 
0 36 29 28 20 19 27 35 43 44 52 53 45 46 54 62 61 60 59 51 50 42 34 33 25 26 18 10 2 3 11 12 21 22 30 31 23 15 14 13 5 6 7 8 16 24 32 40 48 55 47 39 38 65 
0 36 44 45 46 54 53 52 51 43 35 27 28 29 21 14 22 23 24 16 15 7 6 5 4 12 20 19 11 3 2 10 18 26 34 33 41 42 50 58 59 60 61 62 63 64 56 48 55 47 39 31 30 38 37 65 
0 36 27 28 29 30 22 21 20 12 13 14 15 7 6 5 4 3 2 10 11 19 18 17 25 33 41 49 57 58 59 60 61 62 54 53 52 51 50 42 34 26 35 43 44 45 46 47 39 38 65 
0 36 28 29 30 31 23 15 14 13 21 20 12 4 11 3 2 1 9 17 25 26 18 10 19 27 35 34 33 41 49 57 58 59 51 50 42 43 44 52 60 61 62 54 53 45 46 47 65 
0 36 28 29 30 23 15 14 22 21 20 12 4 3 11 10 18 17 25 33 41 49 57 58 59 60 61 62 63 64 56 48 40 32 24 31 39 47 55 54 53 52 51 50 42 34 26 27 35 44 65 
0 36 28 29 37 45 44 43 51 59 60 61 53 54 46 38 39 47 55 56 48 40 32 24 23 15 14 13 5 4 3 2 1 9 17 25 33 41 49 57 58 50 42 34 35 27 26 18 10 11 12 20 65 
0 36 28 19 11 3 2 10 18 26 27 35 34 25 33 41 42 43 44 52 51 50 49 57 58 59 60 61 53 45 46 38 39 47 55 54 62 63 64 56 48 40 32 31 23 15 7 12 20 29 37 65 
0 28 27 26 18 17 9 1 2 3 4 5 6 7 15 14 13 12 11 19 20 21 29 37 36 35 34 33 41 49 57 58 59 60 61 62 63 64 56 48 40 39 47 55 54 53 52 51 43 44 45 38 65 
0 36 35 27 28 29 21 20 12 11 10 18 26 34 42 50 58 57 49 41 33 25 17 9 1 2 3 4 13 5 6 14 15 7 8 16 24 23 31 39 47 55 63 62 61 60 59 51 43 44 65 
0 36 29 28 20 21 13 12 4 5 6 7 15 16 24 32 40 48 56 55 54 62 61 60 59 58 57 49 41 50 42 34 33 25 17 9 1 2 3 11 10 18 26 27 35 43 44 52 53 45 46 47 39 38 37 65 
0 36 27 20 28 29 21 13 12 4 5 6 7 15 16 24 32 40 48 56 64 63 62 61 60 59 58 50 42 41 33 25 17 9 1 2 3 11 10 18 26 34 35 43 44 52 53 54 55 47 39 38 37 65 
0 36 29 28 20 21 13 12 4 5 6 7 15 23 24 32 40 48 56 64 63 62 61 60 59 58 57 49 41 33 25 17 9 1 2 3 11 10 18 26 34 35 44 43 42 50 51 52 53 54 55 47 65 
0 28 27 36 44 43 35 34 33 41 49 57 58 59 60 61 62 63 64 56 48 40 32 24 16 8 7 6 5 4 3 2 1 9 17 25 26 18 10 11 12 20 21 13 14 15 23 31 39 47 54 65 
0 36 28 27 26 18 17 9 1 2 3 4 5 6 7 8 16 24 32 40 48 56 64 63 62 61 60 59 58 57 49 50 42 41 33 34 35 43 44 52 53 54 55 47 39 31 23 15 14 13 12 11 65 
0 35 43 42 34 33 41 49 57 58 59 60 61 62 63 64 56 48 40 32 24 16 8 7 6 5 4 3 2 1 9 17 25 26 18 10 11 12 20 28 36 44 52 53 54 55 47 39 31 23 65 
0 28 36 35 27 26 25 17 18 10 9 1 2 3 11 12 4 5 6 7 8 16 24 32 40 48 56 64 63 62 61 60 59 58 57 49 41 33 34 42 50 51 52 53 54 55 47 39 31 23 65 
0 36 28 20 21 13 5 6 7 8 16 24 32 40 48 56 64 63 62 61 60 59 58 57 49 41 33 25 17 9 1 2 3 4 12 11 10 18 26 34 42 50 51 52 53 54 55 47 39 31 23 22 30 65 
0 27 35 34 33 41 49 57 58 59 60 61 62 63 64 56 48 40 32 24 16 8 7 6 5 4 3 2 1 9 17 25 26 18 10 11 12 13 14 15 23 31 39 47 55 54 53 51 65 
0 36 35 27 20 28 29 21 13 12 4 5 6 14 15 23 24 32 40 48 56 64 63 62 61 60 59 58 57 49 41 33 25 17 9 1 2 3 11 10 18 26 34 42 43 44 52 53 54 55 47 39 38 37 65 
0 36 35 27 20 28 29 21 13 12 4 5 6 14 15 23 24 32 40 48 56 64 63 62 61 60 59 58 57 49 41 33 25 17 9 1 2 3 11 10 18 26 34 42 50 43 44 52 53 54 55 47 39 38 65 
0 36 35 27 20 28 29 21 13 12 4 5 6 14 15 16 24 32 40 48 56 64 63 62 61 60 59 58 57 49 41 33 25 17 9 1 2 3 11 10 18 26 34 42 50 43 44 52 53 54 55 47 39 38 65 
0 35 43 42 34 33 41 49 50 58 59 60 61 62 63 64 56 48 40 32 24 16 8 7 6 5 4 3 2 1 9 17 25 26 18 10 11 12 20 28 36 44 52 53 54 55 47 39 31 23 65 
0 36 44 52 60 59 58 57 49 41 33 25 17 9 1 2 3 4 5 6 7 8 16 24 32 40 48 56 64 63 62 61 53 54 55 47 39 31 23 15 14 13 12 11 10 18 26 34 42 50 43 28 29 65 
0 36 44 43 42 49 41 33 34 26 27 35 28 20 19 18 10 11 12 4 5 13 21 29 30 38 46 54 55 47 39 31 23 22 14 15 16 24 32 40 48 56 64 63 62 61 60 59 58 51 37 65 
0 36 28 20 19 11 12 13 21 29 38 46 54 55 47 39 32 31 23 22 14 15 7 6 5 4 3 2 1 9 10 18 17 25 33 41 49 57 58 59 51 44 45 37 65 
0 36 28 29 21 22 23 15 14 6 5 4 12 20 19 27 35 34 26 18 10 11 3 2 1 9 17 25 33 41 49 50 57 58 59 60 61 53 52 51 42 43 44 45 46 54 55 47 65 
0 36 28 20 21 13 12 11 10 18 17 9 1 2 3 4 5 6 14 15 7 8 16 24 23 31 39 32 40 48 56 55 47 46 54 53 61 60 59 58 50 42 41 33 34 26 27 35 44 30 65 
0 36 28 29 21 14 15 7 6 5 4 3 2 1 9 17 18 10 11 12 20 19 26 27 35 34 33 41 49 57 58 59 60 61 62 54 53 52 51 50 42 43 44 45 46 47 55 65 
0 36 35 27 28 29 21 20 12 4 3 11 10 2 1 9 17 18 26 34 42 50 58 59 60 61 62 63 64 56 48 40 32 24 16 8 7 6 5 13 14 15 23 31 39 47 55 54 53 52 43 44 65 
0 36 35 27 28 29 21 20 12 4 5 6 13 14 15 7 8 16 24 23 31 39 47 55 63 62 61 60 59 58 57 49 41 33 25 17 9 1 2 3 11 10 18 26 34 42 50 51 43 44 65 
0 36 44 52 60 61 62 63 64 56 48 40 32 24 16 8 7 6 5 4 12 11 10 18 17 25 33 41 49 57 58 59 51 50 42 43 35 34 26 27 28 29 21 14 15 23 31 39 47 65 
0 28 36 44 45 46 54 55 47 39 31 23 15 14 13 4 5 6 7 8 16 24 32 40 48 56 64 63 62 61 60 52 43 35 27 26 34 42 50 51 59 58 57 49 41 33 25 17 18 10 11 12 65 
0 36 35 27 20 28 29 21 13 12 4 5 6 7 14 15 16 24 32 40 48 56 64 63 62 61 60 59 58 57 49 41 33 25 17 9 1 2 3 11 10 18 26 34 42 43 44 45 53 54 55 47 39 38 37 65 
0 36 35 43 44 52 60 61 62 63 64 56 47 55 54 53 45 46 38 39 40 32 24 16 15 7 6 5 4 3 2 1 9 17 25 33 41 49 57 58 59 51 50 42 34 28 65 
0 27 35 34 42 41 49 57 58 59 60 61 62 63 64 56 48 40 32 24 16 8 7 6 5 4 3 2 1 9 17 25 26 18 10 11 12 13 14 15 23 31 39 47 55 54 53 44 36 28 65 
0 28 36 44 45 53 54 55 47 39 31 23 15 14 6 7 8 16 24 32 40 48 56 64 63 62 61 60 59 58 57 49 41 33 25 34 35 27 26 18 17 9 1 2 3 4 5 13 12 11 10 19 65 
0 36 35 42 34 33 41 49 57 58 59 60 61 62 63 64 56 48 40 32 24 16 8 7 6 5 4 3 2 1 9 17 25 26 18 10 11 12 20 28 29 21 13 14 15 23 31 39 47 55 54 44 65 
0 36 35 28 20 12 4 5 6 7 8 16 24 32 40 48 56 64 63 62 61 60 59 58 57 49 41 33 25 17 9 1 2 3 11 10 18 26 34 42 43 44 52 53 54 55 47 39 31 23 13 21 29 65 
0 36 44 52 53 54 55 47 39 40 48 56 64 63 62 61 60 59 58 57 49 50 42 41 33 25 17 9 1 2 3 4 5 6 7 8 16 24 32 31 23 15 14 13 12 11 10 18 27 65 
0 28 27 35 34 33 25 17 26 18 10 9 1 2 3 4 5 6 7 8 16 24 32 40 48 56 64 63 62 61 60 59 58 57 49 41 42 50 51 52 53 54 55 47 39 31 23 15 14 13 12 11 19 65 
0 35 27 26 25 17 9 1 2 3 4 5 6 7 8 16 24 32 40 48 56 64 63 62 61 60 59 58 57 49 41 33 34 42 50 51 52 53 54 55 47 39 31 23 15 14 13 12 11 19 28 65 
0 27 35 34 33 41 49 57 58 59 60 61 62 63 64 56 48 40 32 24 16 8 7 6 5 4 3 2 1 9 17 25 26 18 10 11 12 13 14 15 23 31 39 47 55 54 53 51 65 
0 36 35 27 28 29 21 20 12 4 5 6 13 14 15 7 8 16 24 23 31 39 47 55 63 62 61 60 59 58 57 49 41 33 25 17 9 2 3 11 10 18 26 34 42 50 51 43 44 52 37 65 
0 27 35 34 42 41 49 57 58 59 60 61 62 63 64 56 48 40 32 24 16 8 7 6 5 4 3 2 1 9 17 25 26 18 10 11 12 13 14 15 23 31 39 47 55 54 53 45 44 36 65 
0 36 35 27 20 12 4 5 6 7 8 16 24 32 40 48 56 64 63 62 61 60 59 58 57 49 41 33 25 17 9 1 2 3 11 10 18 26 34 42 43 44 52 53 54 55 47 39 31 23 15 29 65 
0 36 35 27 19 20 28 29 21 22 23 31 30 38 39 47 46 54 55 56 48 40 32 24 16 15 14 6 5 13 12 11 10 9 17 18 26 25 33 41 49 50 42 34 43 44 52 51 58 59 65 
0 36 29 21 20 28 19 27 35 43 44 52 53 45 46 54 62 61 60 59 51 50 42 34 26 25 17 18 10 2 3 11 12 13 5 6 7 8 16 24 32 40 48 56 55 47 39 31 23 22 30 38 37 65 
0 36 44 45 46 54 53 52 51 43 35 27 28 29 21 14 22 23 24 16 15 7 6 5 4 12 20 19 11 3 2 10 18 26 34 33 41 42 50 58 59 60 61 62 63 64 56 48 55 47 39 31 30 38 37 65 
0 36 28 29 30 31 23 22 21 20 12 13 14 15 7 6 5 4 3 2 1 9 17 18 10 11 19 27 35 44 43 42 34 26 25 33 41 49 50 58 59 60 61 62 55 47 65 
0 28 20 12 4 5 6 7 15 14 13 21 22 23 24 32 40 48 47 39 31 30 38 46 54 62 61 53 52 60 59 58 57 49 50 42 34 41 33 25 17 18 10 2 3 11 19 27 35 43 44 36 37 29 65 
0 28 36 45 46 38 39 31 23 22 21 20 12 13 14 15 16 8 7 6 5 4 3 2 1 9 17 18 10 11 19 27 35 34 26 25 33 41 49 57 58 59 60 61 54 44 65 
0 28 29 21 20 19 18 26 27 35 36 44 43 42 34 33 41 49 50 58 59 60 61 62 63 64 56 48 40 32 24 16 8 7 6 5 4 3 11 12 13 14 15 23 31 30 38 39 47 65 
0 36 28 29 21 20 12 4 5 6 7 8 16 24 32 31 23 15 14 13 22 30 38 39 47 48 56 55 54 46 45 53 61 60 59 58 57 49 41 42 34 33 25 17 9 1 10 18 27 65 
0 36 44 43 42 41 33 25 17 9 1 2 3 11 10 18 26 34 35 27 20 28 29 21 13 12 4 5 6 14 15 7 16 24 32 40 39 38 46 47 55 54 62 61 60 59 58 57 49 50 51 45 37 65 
0 36 35 34 26 27 28 29 21 20 12 13 14 15 23 31 39 47 55 54 53 61 62 63 64 56 48 40 32 24 16 8 7 6 5 4 11 10 18 17 25 33 41 49 57 58 59 51 44 65 
0 36 44 52 51 43 35 28 29 21 20 12 13 14 15 16 8 7 6 5 4 3 11 10 2 1 9 17 18 19 27 26 34 33 41 49 57 58 59 60 61 62 54 55 63 64 47 65 
0 36 44 43 35 27 28 29 21 20 12 13 14 15 23 31 32 24 16 8 7 6 5 4 3 11 19 26 18 10 2 1 9 17 25 33 34 42 50 58 59 60 61 62 54 55 63 37 65 
0 36 44 43 35 27 28 29 21 20 12 13 14 15 23 24 16 8 7 6 5 4 3 11 19 26 18 10 2 1 9 17 25 33 34 42 50 58 59 60 61 62 63 64 47 65 
0 36 35 27 20 28 29 21 13 12 4 5 6 7 15 16 24 32 40 48 56 64 63 62 61 60 59 58 57 49 41 33 25 17 9 1 2 10 18 26 34 42 50 51 43 44 52 53 54 55 47 39 38 37 65 
0 36 35 27 28 29 21 20 12 13 14 15 23 24 16 8 7 6 5 4 3 2 10 9 17 25 18 26 34 33 41 49 50 58 59 60 61 62 63 64 56 48 40 32 31 39 47 55 54 44 65 
0 28 36 44 43 51 59 60 61 53 54 62 63 64 56 48 40 32 24 16 8 7 6 5 4 3 2 1 9 17 25 33 41 49 57 58 50 42 34 26 18 10 11 12 13 14 15 23 31 39 47 65 
0 36 44 43 42 50 51 52 53 54 55 56 64 63 62 61 60 59 58 57 49 41 33 34 26 25 17 9 1 2 3 4 5 6 7 8 16 24 32 40 48 47 39 31 23 15 14 13 12 11 10 18 28 65 
0 36 44 52 51 50 42 34 33 41 49 57 58 59 60 61 62 63 64 56 48 40 32 24 16 8 7 6 5 4 3 2 1 9 17 25 26 18 10 11 12 13 14 15 23 31 39 47 38 65 
0 37 36 44 43 42 50 58 57 49 41 33 25 17 9 1 2 3 4 5 6 7 8 16 24 32 40 48 56 64 63 62 61 53 54 55 47 39 31 23 15 14 13 12 11 10 18 26 34 35 27 28 20 21 29 65 
0 36 44 52 51 60 59 58 57 49 41 33 25 17 9 1 2 3 4 5 6 7 8 16 24 32 40 48 56 64 63 62 61 53 54 55 47 39 31 23 15 14 13 12 11 10 18 26 34 35 27 28 65 
0 36 44 43 42 50 59 58 57 49 41 33 25 17 9 1 2 3 4 5 6 7 8 16 24 32 40 48 56 64 63 62 61 53 54 55 47 39 31 23 15 14 13 12 11 10 18 26 34 35 27 28 20 29 65 
0 36 44 43 42 50 51 58 57 49 41 33 25 17 9 1 2 3 4 5 6 7 8 16 24 32 40 48 56 64 63 62 61 53 54 55 47 39 31 23 15 14 13 12 11 10 18 26 34 35 27 28 20 21 29 65 
0 36 44 51 43 42 50 58 57 49 41 33 25 17 9 1 2 3 4 5 6 7 8 16 24 32 40 48 56 64 63 62 61 53 54 46 47 39 31 23 15 14 13 12 11 10 18 26 34 35 27 28 20 21 29 65 
0 36 44 43 51 60 59 58 57 49 41 33 25 17 9 1 2 3 4 5 6 7 8 16 24 32 40 48 56 64 63 62 61 53 54 55 47 39 31 23 15 14 13 12 11 10 18 26 34 35 27 28 21 29 65 
0 36 28 29 21 20 19 27 35 43 44 45 53 46 54 62 61 60 52 51 59 58 50 42 34 33 25 26 18 10 2 3 11 12 13 5 6 7 14 22 30 31 23 15 16 24 32 40 48 55 47 39 38 37 65 
0 36 28 19 20 29 30 22 21 13 12 11 10 18 26 27 35 43 51 52 44 45 46 54 53 61 60 59 58 50 42 34 33 25 17 9 1 2 3 4 5 6 14 15 23 24 32 40 47 65 
0 36 28 29 30 22 23 15 14 13 21 20 12 11 3 2 1 9 17 18 10 19 27 35 34 26 25 33 41 49 50 58 59 60 61 62 54 53 52 51 42 43 44 45 46 47 55 63 38 65 
0 36 28 29 21 20 12 11 10 18 19 26 27 35 44 43 42 34 33 25 17 9 1 2 3 4 5 13 14 15 23 24 32 31 30 38 39 40 48 47 55 63 62 61 60 59 58 54 65 
0 36 28 29 30 23 15 14 21 20 12 4 3 2 1 9 17 25 33 41 49 57 58 59 60 61 62 54 53 52 51 50 42 34 26 18 10 11 19 27 35 43 44 45 46 47 55 63 38 65 
0 36 44 43 35 27 19 20 12 11 10 18 26 34 42 49 41 33 25 17 9 1 2 3 4 5 6 7 15 14 13 21 28 29 30 38 39 40 48 47 55 63 62 61 60 59 58 51 37 65 
0 36 29 21 22 23 15 14 6 5 4 12 20 19 28 27 35 43 44 52 51 50 42 34 26 18 10 11 3 2 1 9 17 25 33 41 49 57 58 59 60 61 53 45 46 54 55 65 
0 36 44 43 35 27 26 25 17 18 10 9 1 2 3 4 12 20 19 28 29 21 14 15 23 24 32 40 48 56 64 63 55 54 62 61 60 59 58 57 49 41 33 34 42 50 51 52 53 45 46 47 39 38 65 
0 36 28 29 21 14 15 7 6 5 4 3 2 1 9 17 25 33 41 49 57 58 59 60 61 62 63 64 56 55 54 53 52 51 42 34 26 18 10 11 12 20 19 27 35 44 37 65 
0 36 27 20 28 29 21 13 12 4 5 6 14 15 7 8 16 24 32 40 48 56 64 63 62 61 60 59 58 50 49 41 33 25 17 9 1 2 3 11 10 18 26 34 35 43 44 52 53 54 55 47 39 38 37 65 
0 36 29 28 20 21 13 12 4 5 6 14 15 7 8 16 24 32 40 48 56 64 63 62 61 60 59 58 57 49 41 33 25 17 9 1 2 3 11 10 18 26 34 35 43 44 52 53 54 55 47 39 46 38 37 65 
0 36 28 20 12 4 5 6 7 8 16 24 32 40 48 56 64 63 62 61 60 59 51 50 58 49 41 33 25 17 9 1 2 3 11 10 18 26 34 42 43 44 52 53 54 55 47 39 31 23 15 14 13 29 65 
0 36 44 52 60 59 58 57 50 49 41 33 25 17 9 1 2 3 4 5 6 7 8 16 24 32 40 48 56 64 63 62 61 53 54 55 47 39 31 23 15 14 13 12 11 10 18 26 34 42 43 35 27 28 65 
0 28 36 44 52 60 61 62 63 64 56 48 40 32 24 16 8 7 6 5 4 3 2 1 9 17 25 33 41 49 57 58 59 51 50 42 34 26 18 10 11 12 13 14 23 31 39 38 65 
0 36 27 35 34 33 41 49 57 58 59 60 61 62 63 64 56 48 40 32 24 16 8 7 6 5 4 3 2 1 9 17 25 26 18 10 11 12 13 14 15 23 31 39 47 55 54 44 65 
0 36 28 29 30 23 15 14 13 21 20 12 5 4 3 2 1 9 17 25 33 41 49 57 58 59 60 61 62 63 55 54 53 52 51 50 42 34 26 18 10 11 19 27 35 43 44 45 38 65 
0 36 44 43 35 27 26 25 17 18 10 9 1 2 3 4 12 20 19 28 29 21 13 14 15 23 32 40 48 56 64 63 55 54 62 61 60 59 58 57 49 41 33 34 42 50 51 52 53 45 46 47 39 38 65 
0 36 35 27 28 29 21 20 12 4 5 6 13 14 15 7 8 16 24 32 40 48 47 55 63 62 61 60 59 58 50 49 41 33 25 17 9 1 2 3 11 10 18 26 34 42 43 44 52 54 39 38 37 65 
0 36 35 27 28 29 21 20 12 4 5 6 13 14 15 7 8 16 24 23 31 39 47 55 64 63 62 61 60 59 58 50 49 41 33 25 17 9 1 2 3 11 10 18 26 34 42 43 44 54 65 
0 36 35 27 28 29 21 20 12 4 5 6 13 14 15 7 8 16 24 32 40 48 56 64 63 62 61 60 59 50 49 41 33 25 17 9 1 2 3 11 10 18 26 34 42 43 44 52 53 54 55 47 39 38 65 
0 36 35 27 28 29 21 20 12 4 5 6 13 14 15 7 8 16 24 23 31 39 47 55 64 63 62 61 60 59 58 57 49 41 33 25 17 9 1 2 3 11 10 18 26 34 42 43 44 65 
0 36 28 20 12 4 5 6 7 8 16 24 32 40 48 56 64 63 62 61 60 59 58 50 42 49 41 33 25 17 9 1 2 3 11 10 18 26 34 35 43 44 52 53 54 55 47 39 31 23 13 21 29 65 
0 36 28 20 12 4 5 6 7 8 16 24 32 40 48 56 64 63 62 61 60 59 58 50 49 41 33 25 17 9 1 2 3 11 10 18 26 27 35 34 42 43 44 52 53 54 55 47 39 31 23 21 29 65 
0 36 35 27 28 29 21 20 12 4 5 6 13 14 15 7 8 16 24 32 31 39 47 55 56 64 63 62 61 60 59 58 50 49 41 33 25 17 9 1 2 3 11 10 18 26 34 42 43 44 65 
0 36 44 43 35 27 19 11 12 4 3 2 10 9 17 18 26 34 42 50 51 59 60 61 52 45 53 54 46 38 30 31 39 47 55 56 48 40 32 24 16 8 7 6 5 13 14 15 23 22 21 20 28 29 65 
0 36 35 43 51 59 58 57 49 41 42 33 34 26 25 17 18 10 11 19 27 28 20 21 13 12 4 5 6 7 15 14 22 29 30 31 23 24 32 40 48 56 55 47 39 38 46 54 53 60 44 65 
0 36 44 52 51 43 35 27 19 26 18 10 11 12 13 22 21 20 28 29 30 38 46 54 55 56 48 47 39 40 32 24 23 15 14 6 5 4 3 2 1 9 17 25 33 37 65 
0 36 28 29 30 31 23 15 14 13 21 20 12 11 3 2 1 9 10 19 27 35 34 26 18 17 25 33 41 42 43 44 45 46 54 53 52 51 50 49 57 58 59 60 61 63 55 47 65 
0 36 28 29 21 22 23 15 7 6 14 13 5 4 12 20 19 27 35 43 44 45 54 53 52 51 50 42 34 26 18 10 11 3 2 1 9 17 25 33 41 49 57 58 59 60 61 63 55 47 65 
0 36 28 29 30 23 15 14 21 20 12 4 3 2 1 9 17 25 33 41 49 57 58 59 60 61 62 54 53 52 51 50 42 34 26 18 10 11 19 27 35 43 44 45 46 47 55 63 38 65 
0 36 44 52 51 43 42 35 27 28 29 21 20 19 18 10 11 12 13 14 15 23 31 32 24 16 8 7 6 5 4 3 2 1 9 17 25 26 34 33 41 49 50 58 59 60 61 53 54 45 38 37 65 
0 36 29 21 20 12 13 14 15 7 6 5 4 3 11 10 9 17 25 26 18 19 28 27 35 34 33 41 49 57 58 59 60 61 62 54 53 52 51 50 42 43 44 45 46 47 55 63 38 65 
0 36 27 19 28 29 21 20 12 13 14 15 16 8 7 6 5 4 3 11 10 2 1 9 17 18 26 25 33 41 49 57 58 59 60 61 62 54 53 52 51 50 42 34 35 43 44 45 46 47 39 38 65 
0 36 29 28 20 21 13 12 4 5 6 14 15 7 8 16 24 32 40 48 56 64 63 62 61 60 59 58 57 49 41 33 25 17 9 10 18 26 34 35 44 43 42 50 51 52 53 54 55 47 39 38 37 65 
0 36 35 27 20 28 29 21 13 12 4 5 6 7 15 16 24 32 40 48 56 64 63 62 61 60 59 58 57 49 41 33 25 17 9 1 2 3 11 10 18 26 34 42 43 44 53 54 55 47 39 38 46 45 37 65 
0 36 28 29 21 20 12 4 5 6 13 14 15 7 8 16 24 32 40 48 56 64 63 62 61 60 59 51 50 49 41 42 34 33 25 17 9 1 2 3 11 10 18 26 27 35 43 44 53 54 55 47 39 38 65 
0 36 35 28 20 12 4 5 6 7 8 16 24 32 40 48 56 64 63 62 61 60 59 58 50 49 41 33 25 17 9 1 2 3 11 10 18 26 34 42 43 44 52 53 54 55 47 39 31 23 15 14 21 29 65 
0 28 36 44 52 51 50 49 57 58 59 60 61 62 63 64 56 48 40 32 24 16 8 7 6 5 4 3 2 1 9 17 25 33 41 42 34 26 18 10 11 12 13 14 15 23 31 39 47 38 65 
0 28 36 44 52 60 61 62 63 64 56 48 40 32 24 16 8 7 6 5 4 3 2 1 9 17 25 33 41 49 57 58 59 51 50 42 34 26 18 10 11 12 13 14 23 31 39 38 65 
0 36 29 28 20 21 13 12 11 3 4 5 6 14 15 16 24 32 40 48 56 64 63 62 61 60 59 58 57 49 41 33 25 17 9 1 10 18 26 27 35 34 42 43 44 52 53 54 55 47 39 38 37 65 
0 36 29 28 20 21 13 12 11 3 4 5 6 14 15 23 16 24 32 40 48 56 64 63 62 61 60 59 58 57 49 41 33 25 17 9 10 18 26 27 35 34 42 43 44 52 53 54 55 47 39 38 37 65 
0 36 35 27 20 12 4 5 6 7 8 16 24 32 40 48 56 64 63 62 61 60 59 58 50 49 41 33 25 17 9 1 2 3 11 10 18 26 34 42 43 44 52 53 54 55 47 39 31 23 15 14 21 29 65 
0 36 35 27 20 12 4 5 6 7 8 16 24 32 40 48 56 64 63 62 61 60 59 58 57 49 41 33 25 17 9 1 2 3 11 10 18 26 34 42 43 44 52 53 54 55 47 39 31 23 15 29 65 
0 28 36 35 27 20 12 11 10 18 26 34 33 25 17 9 1 2 3 4 5 6 7 8 16 24 32 40 48 56 55 63 62 61 60 59 58 50 49 41 42 43 44 45 46 54 47 39 31 23 21 29 65 
0 28 36 35 27 20 12 11 10 18 26 34 33 25 17 9 1 2 3 4 5 6 7 8 16 24 32 40 48 56 64 63 62 61 60 59 58 50 49 41 42 43 44 53 54 46 47 39 31 23 15 14 13 21 29 65 
0 28 36 35 27 20 12 11 10 18 26 34 33 25 17 9 1 2 3 4 5 6 7 8 16 24 32 40 48 56 55 63 62 61 60 59 58 50 49 41 42 43 44 53 54 46 47 39 31 23 15 14 13 21 29 65 
0 28 36 35 27 20 12 11 10 18 26 34 33 25 17 9 1 2 3 4 5 6 7 8 16 24 32 40 48 56 64 63 62 61 60 59 58 50 49 41 42 43 44 52 53 54 47 39 31 23 21 29 65 
0 36 44 45 46 54 53 52 51 43 35 27 28 29 21 14 22 23 24 16 15 7 6 5 4 12 20 19 11 3 2 10 18 26 34 33 41 42 50 58 59 60 61 62 63 64 56 48 55 47 39 31 30 38 37 65 
0 36 44 51 50 42 43 35 27 34 33 25 26 18 17 9 10 11 12 20 28 29 21 13 5 6 7 8 16 24 32 40 48 56 64 63 62 61 60 52 53 45 46 54 55 47 39 31 23 22 30 38 37 65 
0 36 28 29 30 31 23 15 14 13 21 20 12 11 3 2 1 9 10 18 19 27 35 43 44 45 46 55 54 53 52 51 50 42 34 26 17 25 33 41 49 57 58 59 60 47 65 
0 36 28 29 30 23 15 14 21 20 12 4 3 2 1 9 17 25 33 41 49 57 58 59 60 61 62 54 53 52 51 50 42 34 26 18 10 11 19 27 35 43 44 45 46 47 55 63 38 65 
0 36 28 29 21 22 23 15 14 13 20 19 27 35 43 42 34 26 18 10 11 12 5 4 3 2 1 9 17 25 33 41 49 50 58 59 60 61 62 54 53 52 44 45 46 47 55 63 38 65 
0 36 44 43 35 27 26 34 42 50 58 57 49 41 33 25 17 9 1 2 10 18 19 20 12 11 3 4 5 6 7 15 14 13 21 28 29 30 38 39 40 48 56 55 63 62 61 60 52 54 47 65 
0 36 28 29 21 20 12 13 14 6 5 4 3 2 10 18 17 25 33 41 49 42 34 26 27 35 43 44 52 60 61 62 63 64 56 48 40 32 24 16 8 7 15 23 31 39 47 55 54 53 45 46 38 30 37 65 
0 36 35 34 26 27 28 29 21 20 19 18 11 12 13 14 15 23 31 39 47 55 54 53 60 61 62 63 64 56 48 40 32 24 16 8 7 6 5 4 3 2 1 9 17 25 33 42 43 44 65 
0 36 35 27 28 29 21 20 12 11 10 3 2 1 9 17 25 33 41 49 50 42 34 43 44 52 60 61 62 63 64 56 48 40 32 24 16 8 7 6 5 13 14 15 23 31 39 47 65 
0 36 35 27 28 29 21 20 12 4 5 6 13 14 15 7 8 16 24 23 31 39 47 55 63 62 61 60 59 58 57 49 41 33 25 17 9 1 2 3 11 10 18 26 34 42 50 51 44 37 65 
0 36 35 27 20 28 29 21 13 12 4 5 6 7 15 16 24 32 40 48 56 55 63 62 61 60 59 58 57 49 41 33 25 17 9 1 2 3 11 10 18 26 34 42 43 44 52 53 54 46 47 39 38 37 65 
0 36 35 27 20 28 29 21 13 12 4 5 6 7 15 16 24 32 40 48 56 64 63 62 61 60 59 58 57 49 41 33 25 17 9 1 2 3 11 10 18 26 34 42 43 44 45 53 54 55 47 39 38 46 37 65 
0 36 35 27 20 28 29 21 13 12 4 5 6 7 15 16 24 32 40 48 56 64 63 62 61 60 59 58 57 49 41 33 25 17 9 1 2 3 11 10 18 26 34 42 43 44 45 53 54 55 47 39 46 38 37 65 
0 36 28 20 29 21 13 12 4 5 6 7 15 16 24 32 40 48 56 64 63 62 61 60 59 58 57 49 41 42 34 33 25 17 9 1 2 3 11 10 18 26 27 35 43 44 45 53 54 55 47 39 38 37 65 
0 36 28 29 21 20 12 11 3 2 10 18 17 25 33 41 49 57 58 59 60 61 62 63 64 56 48 40 32 24 16 8 7 6 5 13 14 15 23 31 39 47 46 54 53 52 51 34 27 44 65 
0 36 35 34 26 27 28 29 21 20 12 11 3 2 10 18 17 25 33 41 49 57 58 59 60 61 62 63 64 56 48 40 32 24 16 8 7 6 5 13 14 15 23 31 39 47 55 54 44 65 
0 36 35 27 20 28 29 21 13 12 4 5 6 14 15 7 8 16 24 32 40 48 56 64 63 62 61 60 59 58 50 49 41 33 25 17 9 1 2 3 11 10 18 26 34 43 44 52 53 54 55 47 65 
0 36 29 28 20 21 13 12 4 5 6 14 15 7 8 16 24 32 40 48 56 64 63 62 61 60 59 58 50 49 41 33 25 17 9 1 2 3 11 10 18 26 34 42 43 35 44 52 53 54 55 47 39 38 65 
0 36 43 44 52 60 59 58 50 42 41 33 25 17 9 1 2 3 4 5 6 7 8 16 24 32 40 48 56 64 63 62 61 53 54 55 47 39 31 23 15 14 13 12 11 10 18 26 34 35 27 28 29 65 
0 36 44 43 51 52 53 54 46 47 39 31 23 24 32 40 48 56 64 63 62 61 60 59 58 57 49 41 33 34 35 27 28 20 12 11 10 18 26 25 17 9 1 2 3 4 5 6 7 8 16 14 21 29 65 
0 28 36 44 52 60 61 62 53 54 55 63 64 56 48 40 32 24 16 8 7 6 5 4 3 2 1 9 17 25 33 41 49 57 58 59 51 43 42 34 26 18 10 11 12 20 29 65 
0 36 44 52 60 59 58 57 50 49 41 33 25 17 9 1 2 3 4 5 6 7 8 16 24 32 40 48 56 64 63 62 61 53 54 55 47 39 31 23 15 14 13 12 11 10 18 26 34 42 43 35 27 28 65 
0 28 20 27 26 18 17 25 33 41 49 57 58 59 60 61 62 63 64 56 48 40 32 24 16 8 7 6 5 4 3 2 1 9 10 11 12 13 14 15 23 31 39 47 55 54 44 36 65 
0 36 28 27 26 25 17 9 1 2 3 4 5 6 7 8 16 24 32 40 48 56 64 63 62 61 60 59 58 57 49 41 33 34 42 50 51 52 53 54 55 47 39 31 23 15 14 13 12 11 18 19 65 
0 36 35 27 26 25 17 9 1 2 3 4 5 6 7 8 16 24 32 40 48 56 64 63 62 61 60 59 58 57 49 41 33 34 42 50 51 52 53 54 55 47 39 31 23 15 14 13 12 11 19 65 
0 27 35 34 33 41 49 57 58 59 60 61 62 63 64 56 48 40 32 24 16 8 7 6 5 4 3 2 1 9 17 25 26 18 10 11 12 13 14 15 23 31 39 47 55 54 53 51 65 
0 36 28 29 30 23 15 14 13 21 20 12 4 3 2 1 9 17 25 33 41 49 58 59 60 61 62 54 53 52 51 50 42 34 26 18 10 11 19 27 35 43 44 45 46 47 55 63 38 65 
0 36 28 29 30 21 20 12 13 14 15 23 24 16 8 7 6 5 4 3 11 10 18 17 25 33 41 49 42 34 26 27 35 43 44 52 60 61 62 63 64 56 55 54 53 45 46 47 40 32 31 39 38 65 
0 28 36 44 45 53 54 62 61 60 59 58 57 49 41 33 25 17 9 1 2 3 4 5 6 7 8 16 24 32 40 48 56 64 63 55 47 39 31 23 15 14 13 12 11 10 18 26 34 42 43 35 27 65 
0 36 28 29 30 22 23 15 14 13 21 20 12 4 5 6 7 8 16 24 32 40 48 56 55 47 39 38 46 54 53 61 60 59 58 50 42 41 33 34 26 18 10 2 3 11 19 27 35 44 51 65 
0 36 28 29 30 31 23 15 14 13 21 20 12 11 3 2 1 9 10 18 19 27 35 43 44 45 46 55 54 53 52 51 50 42 34 26 17 25 33 41 49 57 58 59 60 47 65 
0 36 28 29 21 30 23 15 14 13 12 20 19 18 10 11 3 2 1 9 17 25 26 27 35 43 44 52 51 50 42 34 33 41 49 57 58 59 60 61 62 54 53 45 46 47 55 63 38 65 
0 36 28 29 30 21 20 12 13 14 15 23 24 16 8 7 6 5 4 3 2 1 9 17 25 33 41 49 57 58 59 60 61 54 53 52 51 50 42 34 26 18 10 11 19 27 37 65 
0 28 19 20 12 13 5 4 3 11 10 2 1 9 18 17 25 33 34 26 27 35 36 37 38 39 47 46 54 53 45 44 43 42 41 49 50 58 59 60 61 62 63 55 40 32 23 65 
0 28 27 26 18 19 20 12 5 4 3 11 10 2 1 9 17 25 33 41 49 50 58 59 60 61 53 54 46 45 44 43 42 34 35 36 37 38 39 47 55 62 63 64 56 48 40 32 31 21 29 65 
0 36 45 44 52 53 54 62 61 60 59 58 57 49 41 33 34 42 50 51 43 35 27 28 20 19 18 10 11 12 4 5 6 7 8 16 24 32 40 48 56 64 63 55 47 46 38 39 31 23 29 65 
0 36 27 28 29 21 20 12 13 14 15 16 8 7 6 5 4 3 11 10 2 1 9 17 18 26 25 33 34 35 44 43 42 50 49 57 58 59 60 61 62 54 53 45 46 47 55 63 38 65 
0 36 35 34 26 27 28 29 21 20 12 11 10 18 17 9 1 2 3 4 5 13 14 6 7 8 16 15 23 24 32 40 39 47 48 56 64 63 62 54 53 61 60 59 58 57 49 41 42 43 44 45 38 37 65 
0 36 27 20 28 29 21 13 12 4 5 6 7 15 16 24 32 40 48 56 64 63 62 61 60 59 58 57 49 41 33 25 17 9 1 2 3 11 10 18 26 34 35 43 44 52 53 54 55 47 39 38 46 37 65 
0 36 27 20 28 29 21 13 12 4 5 6 14 15 7 8 16 24 32 40 48 56 55 63 62 61 60 59 58 57 49 41 33 25 17 9 1 2 3 11 10 18 26 34 35 43 44 52 53 54 46 47 39 38 37 65 
0 28 27 36 44 43 42 41 49 57 58 59 60 61 62 63 64 56 48 40 32 24 16 8 7 6 5 4 3 2 1 9 17 25 33 34 26 18 10 11 12 20 21 13 14 15 23 31 39 47 38 65 
0 35 43 42 34 33 41 49 50 58 59 60 61 62 63 64 56 48 40 32 24 16 8 7 6 5 4 3 2 1 9 17 25 26 18 10 11 12 20 28 36 44 52 53 54 55 47 39 31 23 65 
0 28 36 44 51 43 42 34 33 41 49 57 58 59 60 61 62 63 64 56 48 40 32 24 16 8 7 6 5 4 3 2 1 9 17 25 26 18 10 11 12 13 14 15 23 31 39 47 54 65 
0 36 44 52 60 59 58 57 50 49 41 33 25 17 9 1 2 3 4 5 6 7 8 16 24 32 40 48 56 64 63 62 61 53 54 55 47 39 31 23 15 14 13 12 11 10 18 26 34 42 43 35 27 28 65 
0 36 28 27 26 25 17 9 1 2 3 4 5 6 7 8 16 24 32 40 48 56 64 63 62 61 60 59 58 57 49 41 33 34 42 50 51 52 53 54 55 47 39 31 23 15 14 13 12 11 18 19 65 
0 36 35 27 20 12 4 5 6 7 8 16 24 32 40 48 56 64 63 62 61 60 59 58 57 49 41 33 25 17 9 1 2 3 11 10 18 26 34 42 50 51 52 53 54 55 47 39 31 23 29 65 
0 27 35 34 33 41 49 57 58 59 60 61 62 63 64 56 48 40 32 24 16 8 7 6 5 4 3 2 1 9 17 25 26 18 10 11 12 13 14 15 23 31 39 47 55 54 53 51 65 
0 36 44 45 53 54 55 46 47 39 31 23 24 32 40 48 56 64 63 62 61 60 59 58 57 49 41 42 34 35 27 28 20 12 11 10 18 26 25 17 9 1 2 3 4 5 6 7 8 16 15 14 21 29 37 65 
0 36 44 43 52 53 54 55 47 39 31 23 24 32 40 48 56 64 63 62 61 60 59 58 57 49 41 42 34 35 27 28 20 12 11 10 18 26 25 17 9 1 2 3 4 5 6 7 8 16 15 14 21 29 37 65 
0 36 44 51 52 53 54 55 47 39 31 23 24 32 40 48 56 64 63 62 61 60 59 58 57 49 41 42 34 35 27 28 20 12 11 10 18 26 25 17 9 1 2 3 4 5 6 7 8 16 15 29 37 65 
0 36 29 21 22 14 13 12 11 10 18 19 20 28 27 35 44 43 42 41 33 34 26 25 17 9 1 2 3 4 5 6 7 15 23 31 30 38 39 47 55 63 62 61 60 59 58 51 37 65 
0 36 28 19 20 21 29 30 23 22 14 13 12 11 10 18 26 27 35 34 42 43 44 45 46 54 53 52 51 50 49 41 33 25 17 9 1 2 3 4 5 6 7 15 16 24 32 40 48 56 55 47 39 38 65 
0 36 28 20 21 13 12 11 10 18 19 27 35 43 44 45 37 38 46 53 54 55 47 39 40 48 56 64 63 62 61 60 52 51 50 42 34 26 25 17 9 1 2 3 4 5 6 14 15 23 24 32 31 30 29 65 
0 36 29 21 22 23 15 14 13 5 4 12 11 3 2 1 9 10 18 19 20 28 27 35 34 26 25 33 41 42 43 44 45 46 54 53 52 51 50 49 57 58 59 60 61 62 63 64 55 47 39 38 65 
0 36 35 34 26 27 28 29 21 20 12 13 14 22 23 31 39 40 32 24 16 8 15 7 6 5 4 11 10 18 17 25 33 41 49 50 42 43 44 52 60 61 62 63 64 47 65 
0 36 44 45 46 54 62 61 60 52 51 43 35 28 29 21 13 20 12 11 10 18 19 27 26 34 42 50 58 57 49 41 33 25 17 9 1 2 3 4 5 6 14 15 23 24 32 40 48 56 55 47 39 38 37 65 
0 36 35 27 28 29 21 20 12 13 14 15 23 31 39 47 56 48 40 32 24 16 8 7 6 5 4 3 11 10 2 1 9 17 18 26 34 42 50 58 59 60 61 62 63 64 55 54 53 44 65 
0 36 28 29 21 20 12 4 5 6 13 14 15 7 8 16 24 23 31 39 47 55 63 62 61 60 59 58 57 49 41 33 25 17 9 1 2 3 11 10 18 26 34 35 44 43 42 50 51 37 65 
0 36 27 28 29 21 20 12 13 14 15 23 24 16 8 7 6 5 4 3 11 10 2 1 9 17 25 26 34 35 44 43 42 41 49 57 58 59 60 61 62 54 53 45 46 47 55 63 38 65 
0 36 27 20 28 29 21 13 12 4 5 6 7 15 16 24 32 40 48 56 64 63 62 61 60 59 58 57 49 41 33 25 17 9 1 2 3 11 10 18 26 34 35 43 44 52 53 54 55 47 39 38 46 37 65 
0 36 35 27 20 28 29 21 13 12 4 5 6 14 15 16 24 32 40 48 56 64 63 62 61 60 59 58 57 49 41 33 25 17 9 1 2 3 11 10 18 26 34 42 50 43 44 52 53 54 55 47 39 38 65 
0 36 44 43 35 27 20 28 29 21 13 14 15 23 24 16 8 7 6 5 4 12 11 3 2 1 9 10 18 17 25 33 41 49 50 58 59 60 61 62 63 64 56 48 40 32 31 39 47 38 65 
0 28 36 44 45 53 54 55 47 39 31 23 16 24 32 40 48 56 64 63 62 61 60 59 58 57 49 41 33 25 17 9 1 2 10 18 26 34 42 50 51 43 35 27 20 12 4 5 6 7 15 14 21 29 65 
0 36 35 34 42 41 49 57 58 59 60 61 62 63 64 56 48 40 32 24 16 8 7 6 5 4 3 2 1 9 17 25 26 18 10 11 12 20 28 29 21 13 14 15 23 31 39 47 55 54 44 65 
0 36 43 44 52 60 59 58 57 49 41 33 25 17 9 1 2 3 4 5 6 7 8 16 24 32 40 48 56 64 63 62 61 53 54 55 47 39 31 23 15 14 13 12 11 10 18 26 34 35 27 28 29 65 
0 36 35 34 33 25 17 9 1 2 3 4 5 6 7 8 16 24 32 40 48 56 64 63 62 61 60 59 58 57 49 41 42 43 51 52 44 53 54 55 47 39 31 23 15 14 13 12 11 10 18 27 28 65 
0 36 44 45 53 54 62 61 60 59 58 57 49 41 33 25 17 9 1 2 3 4 5 6 7 8 16 24 32 40 48 56 64 63 55 47 39 31 23 15 14 13 12 11 10 18 26 34 42 50 51 65 
0 36 44 52 60 61 62 63 64 56 48 40 32 24 16 8 7 6 5 13 12 4 3 2 1 9 17 25 33 41 49 57 58 59 51 50 42 34 26 18 10 11 20 21 14 23 39 65 
0 35 27 26 25 17 9 1 2 3 4 5 6 7 8 16 24 32 40 48 56 64 63 62 61 60 59 58 57 49 41 33 34 42 50 51 52 53 54 55 47 39 31 23 15 14 13 12 11 19 65 
0 35 27 19 11 10 9 1 2 3 4 5 6 7 8 16 24 32 40 48 56 64 63 62 61 60 59 58 57 49 41 33 25 17 18 26 34 42 50 51 52 53 54 55 47 39 31 23 15 14 13 12 65 
0 36 35 34 26 27 28 29 21 20 12 13 14 15 23 31 39 40 32 24 16 8 7 6 5 4 3 2 10 18 17 25 33 41 49 50 42 43 44 51 60 61 62 63 64 47 65 
0 36 44 43 51 60 59 58 57 49 41 33 25 17 9 1 2 3 4 5 6 7 8 16 24 32 40 48 56 64 63 62 61 53 54 55 47 39 31 23 15 14 13 12 11 10 18 26 34 35 28 21 29 37 65 
0 28 36 44 52 60 61 62 63 64 56 48 40 32 24 16 8 7 6 5 4 3 2 1 9 17 25 33 41 49 50 58 59 51 43 42 34 26 18 10 11 12 13 14 15 23 31 39 47 65 
0 36 44 45 46 54 53 52 51 43 35 27 28 29 21 14 22 23 24 16 15 7 6 5 4 12 20 19 11 3 2 10 18 26 34 33 41 42 50 58 59 60 61 62 63 64 56 48 55 47 39 31 30 38 37 65 
0 36 28 29 30 31 23 15 14 13 21 20 12 11 3 2 1 9 10 18 17 25 33 34 26 19 27 35 43 44 52 51 50 42 41 49 57 58 59 60 61 53 45 46 54 63 55 47 65 
0 36 35 27 19 20 28 29 21 22 23 15 14 13 5 4 12 11 3 2 10 9 18 17 25 26 34 33 41 49 50 58 59 60 61 53 52 51 42 43 44 45 46 54 62 63 64 56 55 47 39 38 65 
0 36 28 29 21 22 23 15 14 6 5 4 11 12 20 19 18 10 3 2 1 9 17 25 26 27 35 34 33 41 49 57 58 59 60 61 62 54 53 52 51 50 42 43 44 45 46 47 65 
0 36 35 27 28 29 21 20 13 5 4 12 11 18 26 34 33 41 42 50 49 57 58 59 60 61 62 63 64 56 48 40 32 24 16 8 7 6 14 15 23 31 39 47 55 54 53 52 51 43 44 45 46 38 37 65 
0 36 35 27 19 20 28 29 21 13 12 11 10 18 26 25 17 9 1 2 3 4 5 6 7 15 23 24 32 40 48 56 55 47 39 38 46 45 53 54 63 62 61 60 59 58 50 49 41 33 34 42 43 44 37 65 
0 36 28 29 21 20 12 11 3 4 5 6 7 15 14 22 23 24 32 40 39 38 46 53 54 47 48 56 55 63 62 61 60 59 58 57 49 41 42 34 33 25 17 9 1 2 10 18 26 27 35 44 65 
0 36 44 52 51 43 35 27 34 26 18 10 11 12 20 28 29 21 13 14 15 16 8 7 6 5 4 3 2 1 9 17 25 33 41 42 50 58 59 60 61 62 53 54 55 56 48 40 32 23 31 39 38 65 
0 36 44 43 35 27 34 26 18 10 11 2 1 9 17 25 33 41 42 50 58 59 60 61 62 63 64 56 48 40 32 24 16 8 7 6 5 4 12 20 28 29 21 13 14 15 23 31 39 47 55 54 65 
0 36 29 28 20 21 13 12 4 5 6 7 15 23 24 32 40 48 56 64 63 62 61 60 59 58 57 49 41 33 25 17 9 1 2 3 11 10 18 26 34 35 44 43 42 50 51 52 53 54 55 47 65 
0 36 35 28 27 26 34 33 25 17 9 1 2 10 18 19 20 12 11 3 4 5 6 7 8 16 24 32 40 48 56 64 63 62 61 60 59 58 50 42 43 44 52 53 54 55 47 39 31 23 21 29 65 
0 36 27 28 29 21 20 12 11 10 18 26 34 42 43 44 45 53 54 62 61 60 59 58 57 49 41 33 25 17 9 1 2 3 4 5 6 13 14 15 7 8 16 24 32 40 48 56 64 63 55 47 65 
0 28 27 36 44 52 53 61 62 63 64 56 48 40 32 24 16 8 7 6 5 4 3 2 1 9 17 25 33 41 49 57 58 50 42 34 26 18 10 11 12 20 21 13 14 15 23 31 39 47 65 
0 36 28 20 12 13 5 6 7 8 16 24 32 40 48 56 64 63 62 61 60 59 58 57 49 41 42 34 33 25 17 9 1 2 3 11 10 18 26 27 35 43 44 52 53 54 55 47 39 31 23 29 65 
0 36 28 27 26 34 42 43 44 52 60 59 58 57 49 41 33 25 17 18 10 9 1 2 3 4 5 6 7 8 16 24 32 40 48 56 64 63 62 61 53 54 55 47 39 31 23 15 14 13 12 11 20 29 65 
0 28 36 44 52 60 61 62 63 64 56 48 40 32 24 16 8 7 6 5 4 3 2 1 9 17 25 33 41 49 57 58 59 51 43 42 34 26 18 10 11 12 13 14 23 31 39 47 65 
0 28 36 44 52 60 61 53 54 62 63 64 56 48 40 32 24 16 8 7 6 5 4 3 2 1 9 17 25 33 41 49 57 58 59 51 43 42 34 26 18 10 11 12 13 23 31 39 38 65 
0 36 28 27 26 25 17 9 1 2 3 4 5 6 7 8 16 24 32 40 48 56 64 63 62 61 60 59 58 57 49 41 33 34 42 50 51 52 53 54 55 47 39 31 23 15 14 13 12 11 18 19 65 
0 36 44 52 53 60 61 62 63 64 56 48 40 32 24 16 8 7 6 5 4 3 2 1 9 17 25 33 41 49 57 58 59 51 50 42 34 26 18 10 11 12 13 14 23 39 38 65 
0 27 35 34 33 41 49 57 58 59 60 61 62 63 64 56 48 40 32 24 16 8 7 6 5 4 3 2 1 9 17 25 26 18 10 11 12 13 14 15 23 31 39 47 55 54 53 51 65 
0 36 35 27 19 20 28 29 21 22 23 15 7 6 5 4 12 11 3 2 10 9 18 17 25 26 34 33 41 49 50 58 59 60 61 53 52 51 42 43 44 45 46 54 62 63 64 55 47 39 38 65 
0 28 19 27 36 35 43 44 52 51 50 58 59 60 61 53 54 62 63 55 47 46 45 37 38 39 31 23 15 7 6 5 4 3 2 1 9 17 25 33 41 42 34 26 18 10 11 12 20 21 29 65 
0 28 19 27 35 36 44 52 51 43 50 58 59 60 61 53 54 62 63 55 47 46 45 37 38 39 31 23 15 7 6 5 4 3 2 1 9 17 25 33 41 42 34 26 18 10 11 12 20 29 65 
0 28 19 27 35 36 44 52 43 51 50 58 59 60 61 53 54 62 63 55 47 46 45 37 38 39 31 23 15 7 6 5 4 3 2 1 9 17 25 33 41 42 34 26 18 10 11 12 20 29 65 
0 36 28 19 27 35 43 44 52 51 50 58 59 60 61 53 54 62 63 55 47 46 45 37 38 39 31 23 15 7 6 5 4 3 2 1 9 17 25 33 41 42 34 26 18 10 11 12 20 29 65 
0 28 19 27 35 36 44 53 52 51 43 42 41 49 50 58 59 60 61 62 54 55 56 48 47 46 45 37 38 39 31 23 15 14 6 5 4 3 2 1 9 17 25 33 34 26 18 10 65 
0 36 28 27 35 43 44 52 51 50 58 59 60 61 53 54 55 64 56 48 47 46 45 37 38 39 31 23 15 7 6 5 4 3 2 1 9 17 25 33 41 42 34 26 18 10 11 12 20 29 65 
0 28 27 35 36 37 38 30 39 47 48 56 55 46 45 44 43 51 52 53 54 62 61 60 59 58 50 42 41 33 34 26 18 19 20 12 11 10 9 1 2 3 4 5 6 7 8 16 23 29 65 
0 28 27 35 36 37 38 31 39 47 48 56 55 46 45 44 43 51 52 53 54 62 61 60 59 58 50 42 41 33 34 26 18 19 20 12 11 10 9 1 2 3 4 5 6 7 8 16 24 23 29 65 
0 28 27 35 36 37 38 39 47 48 55 46 45 44 43 51 52 53 54 62 61 60 59 58 50 42 41 33 34 26 25 17 18 19 20 12 11 10 9 1 2 3 4 5 6 7 8 16 24 23 29 65 
0 28 20 12 11 19 27 35 36 37 38 39 47 48 56 64 63 55 54 46 45 44 43 51 52 53 62 61 60 59 58 50 49 41 33 34 26 25 17 18 10 2 3 4 5 6 7 8 16 23 29 65 
0 28 20 12 11 19 27 35 36 37 38 39 40 48 56 64 63 55 54 46 45 44 43 51 52 53 62 61 60 59 58 50 49 41 33 34 26 25 17 18 10 2 3 4 5 6 7 8 16 23 29 65 
0 28 20 12 11 19 27 35 36 37 38 39 47 48 56 64 63 55 54 46 45 44 43 51 52 53 62 61 60 59 58 57 49 41 33 34 26 25 17 18 10 2 3 4 5 6 7 8 16 23 65 
0 28 27 19 20 12 11 10 18 26 34 42 50 51 43 35 36 44 45 53 54 46 38 39 48 47 55 62 61 60 59 58 57 49 41 33 25 17 9 1 2 3 4 5 6 7 8 16 23 29 65 
0 28 27 19 20 12 11 10 18 26 34 42 50 51 43 35 36 44 45 53 54 46 38 39 47 48 56 55 63 62 61 60 59 58 49 41 33 25 17 9 1 2 3 4 5 6 7 8 16 23 29 65 
0 28 27 19 20 12 11 10 18 26 34 42 50 51 43 35 36 44 52 53 54 46 38 39 47 48 56 55 63 62 61 60 59 58 49 41 33 25 17 9 1 2 3 4 5 6 7 8 16 23 65 
0 28 27 20 12 11 10 18 26 34 42 50 51 43 35 36 44 45 53 54 46 38 39 47 48 56 55 63 62 61 60 59 58 57 49 41 33 25 17 9 1 2 3 4 5 6 7 8 16 23 29 65 
0 28 27 20 12 11 10 18 26 34 42 50 51 43 35 36 44 52 53 54 46 38 39 47 48 56 55 63 62 61 60 59 58 57 49 41 33 25 17 9 1 2 3 4 5 6 7 8 16 23 29 65 
0 28 27 20 12 11 10 18 26 34 42 50 51 43 35 36 44 45 53 54 46 47 39 40 48 56 55 63 62 61 60 59 58 57 49 41 33 25 17 9 1 2 3 4 5 6 7 8 16 24 23 15 29 65 
0 28 36 35 27 20 12 11 10 18 26 34 42 43 44 52 53 46 54 55 47 39 40 48 56 64 63 62 61 60 59 58 50 49 41 33 25 17 9 1 2 3 4 5 6 7 8 16 23 29 65 
0 28 20 12 11 10 18 26 27 34 42 50 51 43 35 36 44 52 53 54 46 47 39 40 48 56 55 63 62 61 60 59 58 57 49 41 33 25 17 9 1 2 3 4 5 6 7 8 16 23 29 65 
0 28 27 20 12 11 10 18 26 34 42 50 51 43 35 36 44 52 53 54 46 47 39 40 48 56 55 63 62 61 60 59 58 57 49 41 33 25 17 9 1 2 3 4 5 6 7 8 16 24 23 29 65 
0 28 20 12 11 10 18 26 34 42 50 51 43 35 36 44 45 53 54 46 47 39 32 40 48 56 55 63 62 61 60 59 58 57 49 41 33 25 17 9 1 2 3 4 5 6 7 8 16 24 23 21 29 65 
0 28 20 12 11 10 18 26 34 42 50 51 43 35 36 44 45 53 54 46 47 39 40 48 56 55 63 62 61 60 59 58 57 49 41 33 25 17 9 1 2 3 4 5 6 7 8 16 24 32 23 21 29 65 
0 28 20 12 11 10 18 26 34 42 50 51 43 35 36 44 52 53 54 46 47 39 32 40 48 56 55 63 62 61 60 59 58 57 49 41 33 25 17 9 1 2 3 4 5 6 7 8 16 23 29 65 
0 28 20 12 11 10 18 26 34 42 50 51 43 35 36 44 52 53 54 46 47 39 40 48 56 55 63 62 61 60 59 58 57 49 41 33 25 17 9 1 2 3 4 5 6 7 8 16 24 32 23 29 65 
0 36 28 27 20 12 11 10 18 26 34 42 43 44 52 53 54 55 47 39 31 32 40 48 56 64 63 62 61 60 59 58 50 49 41 33 25 17 9 1 2 3 4 5 6 7 8 16 24 23 15 14 13 21 29 65 
0 36 28 20 12 11 10 18 26 34 42 35 43 44 52 53 54 55 47 39 31 32 40 48 56 64 63 62 61 60 59 58 50 49 41 33 25 17 9 1 2 3 4 5 6 7 8 16 24 23 15 14 21 29 65 
0 36 35 28 20 12 11 10 18 26 34 42 43 44 52 53 54 55 47 39 31 32 40 48 56 64 63 62 61 60 59 58 50 49 41 33 25 17 9 1 2 3 4 5 6 7 8 16 24 23 15 14 21 29 65 
0 28 20 12 11 10 18 26 34 42 35 36 44 43 52 53 54 55 47 39 31 32 40 48 56 64 63 62 61 60 59 58 57 49 41 33 25 17 9 1 2 3 4 5 6 7 8 16 24 23 29 65 
0 36 28 20 12 11 10 18 26 34 42 35 43 44 52 53 54 55 47 39 31 32 40 48 56 64 63 62 61 60 59 58 57 49 41 33 25 17 9 1 2 3 4 5 6 7 8 16 24 23 13 21 29 65 
0 36 28 27 20 12 11 10 18 26 34 42 43 44 52 53 54 55 47 39 31 32 40 48 56 64 63 62 61 60 59 58 57 49 41 33 25 17 9 1 2 3 4 5 6 7 8 16 24 23 15 14 13 21 29 65 
0 36 28 20 12 11 10 18 26 34 42 43 44 51 52 53 54 55 47 39 31 32 40 48 56 64 63 62 61 60 59 58 57 49 41 33 25 17 9 1 2 3 4 5 6 7 8 16 24 23 29 65 
0 28 27 20 12 11 10 18 26 34 42 43 44 51 52 53 54 55 47 39 31 32 40 48 56 64 63 62 61 60 59 58 57 49 41 33 25 17 9 1 2 3 4 5 6 7 8 16 24 23 21 29 65 
0 28 27 34 35 36 37 38 39 47 48 56 55 46 45 44 43 51 52 53 54 62 61 60 59 58 50 42 41 33 25 17 18 19 20 12 11 10 9 1 2 3 4 5 6 7 8 16 24 23 21 29 65 
0 36 35 44 45 46 47 55 54 53 52 51 43 42 34 26 27 19 20 28 29 21 14 22 30 31 23 15 7 6 5 13 12 11 10 18 17 25 33 41 49 50 58 59 60 61 62 63 64 37 65 
0 36 44 45 46 47 55 54 53 52 51 43 42 34 26 35 27 19 20 28 29 21 14 22 30 31 23 15 7 6 5 13 12 11 10 18 17 25 33 41 49 50 58 59 60 61 62 63 64 38 37 65 
0 36 44 45 46 47 55 54 53 52 51 43 42 34 35 26 27 19 20 28 29 21 14 22 30 31 23 15 7 6 5 13 12 11 10 18 17 25 33 41 49 50 58 59 60 61 62 63 64 37 65 
0 36 44 45 46 47 55 54 53 52 51 43 42 34 35 26 27 19 20 28 29 21 30 31 23 22 14 15 7 6 5 13 12 11 10 18 17 25 33 41 49 50 58 59 60 61 62 63 64 38 65 
0 36 35 44 45 46 47 55 54 53 52 51 43 42 34 26 27 19 20 21 28 29 30 31 23 22 14 15 7 6 5 13 12 11 10 18 17 25 33 41 49 50 58 59 60 61 62 63 64 38 37 65 
0 36 35 43 44 45 46 47 55 54 53 52 51 42 34 26 27 19 20 21 28 29 30 31 23 22 14 15 7 6 5 13 12 11 10 18 17 25 33 41 49 50 58 59 60 61 62 63 64 37 65 
0 28 36 35 43 44 45 46 47 55 54 53 52 51 42 34 26 27 19 20 21 29 30 31 23 22 14 15 7 6 5 13 12 11 10 18 17 25 33 41 49 50 58 59 60 61 62 63 64 37 65 
0 36 44 45 46 47 55 54 53 52 51 43 42 34 26 35 28 27 19 20 21 29 30 31 23 22 14 15 7 6 5 13 12 11 10 18 17 25 33 41 49 50 58 59 60 61 62 63 64 37 65 
0 28 35 36 44 45 46 47 55 54 53 52 51 43 42 34 26 27 19 20 21 29 30 31 23 22 14 15 7 6 5 13 12 11 10 18 17 25 33 41 49 50 58 59 60 61 62 63 64 38 65 
0 36 44 45 46 47 55 54 53 52 51 42 43 35 34 26 27 28 19 20 21 29 30 31 23 22 14 15 7 6 5 13 12 11 10 18 17 25 33 41 49 50 58 59 60 61 63 40 39 38 65 
0 28 27 35 36 44 45 46 47 55 54 53 52 51 43 42 34 26 19 20 21 29 30 31 23 22 14 15 7 6 5 13 12 11 10 18 17 25 33 41 49 50 58 59 60 61 62 63 64 38 37 65 
0 28 36 35 44 45 46 47 55 54 53 52 51 43 42 34 26 27 19 20 21 29 30 31 23 22 14 15 7 6 5 13 12 11 10 18 17 25 33 41 49 50 58 59 60 61 62 63 64 37 65 
0 36 44 45 46 47 55 54 53 52 51 43 42 34 26 35 27 19 28 20 21 29 30 31 23 22 14 15 7 6 5 13 12 11 10 18 17 25 33 41 49 50 58 59 60 61 62 63 64 39 38 65 
0 28 36 44 45 46 47 55 54 53 52 51 43 42 34 35 27 26 19 20 21 29 30 31 23 22 14 15 7 6 5 13 12 11 10 18 17 25 33 41 49 50 58 59 60 61 62 63 64 39 38 65 
0 28 36 44 45 46 47 55 54 53 52 51 43 42 34 26 35 27 19 20 21 29 30 31 23 22 14 15 7 6 5 13 12 11 10 18 17 25 33 41 49 50 58 59 60 61 62 63 64 39 38 65 
0 36 44 45 46 47 55 54 53 52 51 43 42 34 26 19 27 35 28 20 21 29 30 31 23 22 14 15 7 6 5 13 12 11 10 18 17 25 33 41 49 50 58 59 60 61 62 63 64 37 65 
0 36 35 44 45 46 47 55 54 53 52 51 43 42 34 26 19 27 28 20 21 29 30 31 23 22 14 15 7 6 5 13 12 11 10 18 17 25 33 41 49 50 58 59 60 61 62 63 64 38 65 
0 36 35 44 45 46 47 55 54 53 52 51 43 42 34 26 27 19 20 28 29 21 30 31 23 22 14 15 7 6 5 13 12 11 10 18 17 25 33 41 49 50 58 59 60 61 62 63 64 38 37 65 
0 36 44 45 46 47 55 54 53 52 51 42 43 35 34 26 27 19 20 28 29 21 30 31 23 22 14 15 7 6 5 13 12 11 10 18 17 25 33 41 49 50 58 59 60 61 62 63 64 38 65 
0 28 36 44 45 46 47 55 54 53 52 51 42 43 35 34 26 27 19 20 21 29 30 31 23 22 14 15 7 6 5 13 12 11 10 18 17 25 33 41 49 50 58 59 60 61 62 63 64 37 65 
0 36 44 45 46 47 55 54 53 52 51 42 43 35 34 26 27 19 20 21 28 29 30 31 23 22 14 15 7 6 5 13 12 11 10 18 17 25 33 41 49 50 58 59 60 61 62 63 64 38 65 
0 36 44 45 46 47 55 54 53 52 51 43 42 35 34 26 27 19 20 21 28 29 30 31 23 22 14 15 7 6 5 13 12 11 10 18 17 25 33 41 49 50 58 59 60 61 62 63 64 38 65 
0 36 44 45 46 47 55 54 53 52 51 43 42 35 34 26 19 27 28 20 21 29 30 31 23 22 14 15 7 6 5 13 12 11 10 18 17 25 33 41 49 50 58 59 60 61 62 63 64 37 65 
0 36 44 45 46 47 55 54 53 52 51 43 42 35 34 26 27 19 28 20 21 29 30 31 23 22 14 15 7 6 5 13 12 11 10 18 17 25 33 41 49 50 58 59 60 61 62 63 64 37 65 
0 36 44 45 46 47 55 54 53 52 51 42 43 35 34 26 27 19 28 20 21 29 30 31 23 22 14 15 7 6 5 13 12 11 10 18 17 25 33 41 49 50 58 59 60 61 62 63 64 37 65 
0 36 44 45 46 47 55 54 53 52 51 42 43 35 34 26 19 27 28 20 21 29 30 31 23 22 14 15 7 6 5 13 12 11 10 18 17 25 33 41 49 50 58 59 60 61 62 63 64 37 65 
0 36 35 43 44 45 46 47 55 54 53 52 51 42 34 26 27 19 28 20 21 29 30 31 23 22 14 15 7 6 5 13 12 11 10 18 17 25 33 41 49 50 58 59 60 61 62 63 64 37 65 
0 36 35 43 44 45 46 47 55 54 53 52 51 42 34 26 19 27 28 20 21 29 30 31 23 22 14 15 7 6 5 13 12 11 10 18 17 25 33 41 49 50 58 59 60 61 62 63 64 37 65 
0 36 44 45 46 47 55 54 53 52 51 43 42 34 26 35 27 28 19 20 21 29 30 31 23 22 14 15 7 6 5 13 12 11 10 18 17 25 33 41 49 50 58 59 60 61 62 63 64 37 65 
0 36 44 45 46 47 55 54 53 52 51 43 42 34 35 26 27 28 19 20 21 29 30 31 23 22 14 15 7 6 5 13 12 11 10 18 17 25 33 41 49 50 58 59 60 61 63 40 39 38 65 
0 36 44 45 46 47 55 54 53 52 51 43 42 34 26 27 35 28 19 20 21 29 30 31 23 22 14 15 7 6 5 13 12 11 10 18 17 25 33 41 49 50 58 59 60 61 63 38 65 
0 36 35 43 44 45 46 47 55 54 53 52 51 42 34 26 27 28 19 20 21 29 30 31 23 22 14 15 7 6 5 13 12 11 10 18 17 25 33 41 49 50 58 59 60 61 63 38 65 
0 36 35 43 44 45 46 47 55 54 53 52 51 50 42 34 26 27 28 19 20 21 29 30 31 23 22 14 15 7 6 5 13 12 11 10 18 17 25 33 41 49 58 59 60 61 62 63 64 37 65 
0 36 28 27 35 43 44 45 46 47 55 54 53 52 51 50 42 34 26 19 20 21 29 30 31 23 22 14 15 7 6 5 13 12 11 10 18 17 25 33 41 49 58 59 60 61 62 63 64 38 65 
0 36 28 27 35 43 44 45 46 47 55 54 53 52 51 50 42 34 26 19 20 21 29 30 31 23 22 14 15 7 6 5 13 12 11 10 18 17 25 33 41 49 57 58 59 60 61 63 38 65 
0 28 36 35 43 44 45 46 47 55 54 53 52 51 50 42 34 26 27 19 20 21 29 30 31 23 22 14 15 7 6 5 13 12 11 10 18 17 25 33 41 49 57 58 59 60 61 63 38 65 
0 36 35 43 44 45 46 47 55 54 53 52 51 50 42 34 26 27 19 20 21 28 29 30 31 23 22 14 15 7 6 5 13 12 11 10 18 17 25 33 41 49 57 58 59 60 61 62 63 64 37 65 
0 36 35 43 44 45 46 47 55 54 53 52 51 50 42 34 26 19 27 28 20 21 29 30 31 23 22 14 15 7 6 5 13 12 11 10 18 17 25 33 41 49 57 58 59 60 61 62 63 64 37 65 
0 36 35 43 44 45 46 47 55 54 53 52 51 50 42 34 26 18 19 27 28 20 21 29 30 31 23 22 14 15 7 6 5 13 12 11 10 17 25 33 41 49 57 58 59 60 61 62 63 64 65 
0 36 35 43 44 45 46 47 55 54 53 52 51 50 42 34 26 18 19 27 28 20 21 29 30 31 23 22 14 15 7 6 5 13 12 11 10 9 17 25 33 41 49 58 59 60 61 62 63 64 38 65 
0 36 35 44 45 46 47 55 54 53 52 51 43 42 34 26 18 19 27 28 20 21 29 30 31 23 22 14 15 7 6 5 13 12 11 10 9 17 25 33 41 49 50 58 59 60 61 62 63 64 38 65 
0 28 27 35 36 44 45 46 47 55 54 53 52 51 43 42 34 26 18 19 20 21 29 30 31 23 22 14 15 7 6 5 13 12 11 10 9 17 25 33 41 49 50 58 59 60 61 62 63 64 38 65 
0 28 36 44 45 46 47 55 54 53 52 51 43 42 34 35 27 26 18 19 20 21 29 30 31 23 22 14 15 7 6 5 13 12 11 10 9 17 25 33 41 49 50 58 59 60 61 62 63 64 38 37 65 
0 36 44 45 46 47 55 54 53 52 51 43 42 34 35 27 26 18 19 20 21 28 29 30 31 23 22 14 15 7 6 5 13 12 11 10 9 17 25 33 41 49 50 58 59 60 61 62 63 64 39 38 65 
0 36 35 44 45 46 47 55 54 53 52 51 43 42 34 26 27 19 20 28 29 21 14 22 30 31 23 15 7 6 5 4 12 11 10 18 17 25 33 41 49 50 58 59 60 61 62 63 64 37 65 
0 36 44 45 46 47 55 54 53 52 51 43 42 34 26 35 27 19 20 28 29 21 14 22 30 31 23 15 7 6 5 4 12 11 10 18 17 25 33 41 49 50 58 59 60 61 62 63 64 38 65 
0 36 44 45 46 47 55 54 53 52 51 43 42 34 35 26 27 19 20 28 29 21 14 22 30 31 23 15 7 6 5 4 12 11 10 18 17 25 33 41 49 50 58 59 60 61 62 63 64 37 65 
0 36 35 44 45 46 47 55 54 53 52 51 43 42 34 26 27 19 20 28 29 21 30 31 23 22 14 15 7 6 5 4 12 11 10 18 17 25 33 41 49 50 58 59 60 61 62 63 64 38 65 
0 36 35 44 45 46 47 55 54 53 52 51 43 42 34 26 27 19 20 21 28 29 30 31 23 22 14 15 7 6 5 4 12 11 10 18 17 25 33 41 49 50 58 59 60 61 62 63 64 38 65 
0 36 35 43 44 45 46 47 55 54 53 52 51 42 34 26 27 19 20 21 28 29 30 31 23 22 14 15 7 6 5 4 12 11 10 18 17 25 33 41 49 50 58 59 60 61 62 63 64 37 65 
0 28 36 35 43 44 45 46 47 55 54 53 52 51 42 34 26 27 19 20 21 29 30 31 23 22 14 15 7 6 5 4 12 11 10 18 17 25 33 41 49 50 58 59 60 61 62 63 40 39 38 65 
0 36 44 45 46 47 55 54 53 52 51 43 42 34 26 35 28 27 19 20 21 29 30 31 23 22 14 15 7 6 5 4 12 11 10 18 17 25 33 41 49 50 58 59 60 61 62 63 64 37 65 
0 28 35 36 44 45 46 47 55 54 53 52 51 43 42 34 26 27 19 20 21 29 30 31 23 22 14 15 7 6 5 4 12 11 10 18 17 25 33 41 49 50 58 59 60 61 62 63 64 38 65 
0 36 44 45 46 47 55 54 53 52 51 42 43 35 34 26 27 28 19 20 21 29 30 31 23 22 14 15 7 6 5 4 12 11 10 18 17 25 33 41 49 50 58 59 60 61 63 40 65 
0 28 27 35 36 44 45 46 47 55 54 53 52 51 43 42 34 26 19 20 21 29 30 31 23 22 14 15 7 6 5 4 12 11 10 18 17 25 33 41 49 50 58 59 60 61 62 63 64 38 65 
0 28 36 35 44 45 46 47 55 54 53 52 51 43 42 34 26 27 19 20 21 29 30 31 23 22 14 15 7 6 5 4 12 11 10 18 17 25 33 41 49 50 58 59 60 61 62 63 64 37 65 
0 36 44 45 46 47 55 54 53 52 51 43 42 34 26 35 27 19 28 20 21 29 30 31 23 22 14 15 7 6 5 4 12 11 10 18 17 25 33 41 49 50 58 59 60 61 62 63 64 39 38 65 
0 36 44 45 46 47 55 54 53 52 51 43 42 34 35 28 27 26 19 20 21 29 30 31 23 22 14 15 7 6 5 4 12 11 10 18 17 25 33 41 49 50 58 59 60 61 62 63 64 37 65 
0 28 36 44 45 46 47 55 54 53 52 51 43 42 34 35 27 26 19 20 21 29 30 31 23 22 14 15 7 6 5 4 12 11 10 18 17 25 33 41 49 50 58 59 60 61 62 63 64 39 38 65 
0 28 36 44 45 46 47 55 54 53 52 51 43 42 34 26 35 27 19 20 21 29 30 31 23 22 14 15 7 6 5 4 12 11 10 18 17 25 33 41 49 50 58 59 60 61 62 63 64 39 38 65 
0 36 44 45 46 47 55 54 53 52 51 43 42 34 26 19 27 35 28 20 21 29 30 31 23 22 14 15 7 6 5 4 12 11 10 18 17 25 33 41 49 50 58 59 60 61 62 63 64 37 65 
0 36 35 44 45 46 47 55 54 53 52 51 43 42 34 26 27 19 28 20 21 29 30 31 23 22 14 15 7 6 5 4 12 11 10 18 17 25 33 41 49 50 58 59 60 61 62 63 64 37 65 
0 36 44 45 46 47 55 54 53 52 51 42 43 35 34 26 27 19 20 28 29 21 30 31 23 22 14 15 7 6 5 4 12 11 10 18 17 25 33 41 49 50 58 59 60 61 62 63 64 37 65 
0 28 36 44 45 46 47 55 54 53 52 51 42 43 35 34 26 27 19 20 21 29 30 31 23 22 14 15 7 6 5 4 12 11 10 18 17 25 33 41 49 50 58 59 60 61 62 63 64 37 65 
0 36 44 45 46 47 55 54 53 52 51 42 43 35 34 26 27 19 20 21 28 29 30 31 23 22 14 15 7 6 5 4 12 11 10 18 17 25 33 41 49 50 58 59 60 61 62 63 64 37 65 
0 36 44 45 46 47 55 54 53 52 51 43 42 35 34 26 27 19 20 21 28 29 30 31 23 22 14 15 7 6 5 4 12 11 10 18 17 25 33 41 49 50 58 59 60 61 62 63 64 37 65 
0 36 44 45 46 47 55 54 53 52 51 43 42 35 34 26 19 27 28 20 21 29 30 31 23 22 14 15 7 6 5 4 12 11 10 18 17 25 33 41 49 50 58 59 60 61 62 63 64 37 65 
0 36 44 45 46 47 55 54 53 52 51 43 42 35 34 26 27 19 28 20 21 29 30 31 23 22 14 15 7 6 5 4 12 11 10 18 17 25 33 41 49 50 58 59 60 61 62 63 64 37 65 
0 36 44 45 46 47 55 54 53 52 51 42 43 35 34 26 27 19 28 20 21 29 30 31 23 22 14 15 7 6 5 4 12 11 10 18 17 25 33 41 49 50 58 59 60 61 62 63 64 37 65 
0 36 44 45 46 47 55 54 53 52 51 42 43 35 34 26 19 27 28 20 21 29 30 31 23 22 14 15 7 6 5 4 12 11 10 18 17 25 33 41 49 50 58 59 60 61 62 63 64 37 65 
0 36 35 43 44 45 46 47 55 54 53 52 51 42 34 26 19 27 28 20 21 29 30 31 23 22 14 15 7 6 5 4 12 11 10 18 17 25 33 41 49 50 58 59 60 61 62 63 64 37 65 
0 36 35 43 44 45 46 47 55 54 53 52 51 42 34 26 27 19 28 20 21 29 30 31 23 22 14 15 7 6 5 4 12 11 10 18 17 25 33 41 49 50 58 59 60 61 62 63 64 37 65 
0 36 44 45 46 47 55 54 53 52 51 43 42 34 26 35 27 28 19 20 21 29 30 31 23 22 14 15 7 6 5 4 12 11 10 18 17 25 33 41 49 50 58 59 60 61 62 63 64 37 65 
0 36 44 45 46 47 55 54 53 52 51 43 42 34 35 26 27 28 19 20 21 29 30 31 23 22 14 15 7 6 5 4 12 11 10 18 17 25 33 41 49 50 58 59 60 61 63 40 65 
0 36 44 45 46 47 55 54 53 52 51 43 42 34 26 27 35 28 19 20 21 29 30 31 23 22 14 15 7 6 5 4 12 11 10 18 17 25 33 41 49 50 58 59 60 40 65 
0 36 35 44 45 46 47 55 54 53 52 51 43 42 34 26 27 28 19 20 21 29 30 31 23 22 14 15 7 6 5 4 12 11 10 18 17 25 33 41 49 50 58 59 60 61 62 63 40 39 38 65 
0 36 35 43 44 45 46 47 55 54 53 52 51 42 34 26 27 28 19 20 21 29 30 31 23 22 14 15 7 6 5 4 12 11 10 18 17 25 33 41 49 50 58 59 60 61 63 38 65 
0 36 28 27 35 43 44 45 46 47 55 54 53 52 51 50 42 34 26 19 20 21 29 30 31 23 22 14 15 7 6 5 4 12 11 10 18 17 25 33 41 49 58 59 60 61 62 63 64 37 65 
0 36 28 27 35 43 44 45 46 47 55 54 53 52 51 50 42 34 26 19 20 21 29 30 31 23 22 14 15 7 6 5 4 12 11 10 18 17 25 33 41 49 57 58 59 60 61 63 38 65 
0 28 36 35 43 44 45 46 47 55 54 53 52 51 50 42 34 26 27 19 20 21 29 30 31 23 22 14 15 7 6 5 4 12 11 10 18 17 25 33 41 49 57 58 59 60 61 63 38 65 
0 36 35 43 44 45 46 47 55 54 53 52 51 50 42 34 26 27 19 20 21 28 29 30 31 23 22 14 15 7 6 5 4 12 11 10 18 17 25 33 41 49 57 58 59 60 61 62 63 64 37 65 
0 36 35 43 44 45 46 47 55 54 53 52 51 50 42 34 26 19 27 28 20 21 29 30 31 23 22 14 15 7 6 5 4 12 11 10 18 17 25 33 41 49 57 58 59 60 61 62 63 38 65 
0 36 35 43 44 45 46 47 55 54 53 52 51 50 42 34 26 18 19 27 28 20 21 29 30 31 23 22 14 15 7 6 5 4 12 11 10 17 25 33 41 49 57 58 59 60 61 62 63 38 65 
0 36 35 43 44 45 46 47 55 54 53 52 51 50 42 34 26 18 19 27 28 20 21 29 30 31 23 22 14 15 7 6 5 4 12 11 10 9 17 25 33 41 49 58 59 60 61 62 63 64 37 65 
0 36 35 44 45 46 47 55 54 53 52 51 43 42 34 26 18 19 27 28 20 21 29 30 31 23 22 14 15 7 6 5 4 12 11 10 9 17 25 33 41 49 50 58 59 60 61 62 63 64 37 65 
0 28 27 35 36 44 45 46 47 55 54 53 52 51 43 42 34 26 18 19 20 21 29 30 31 23 22 14 15 7 6 5 4 12 11 10 9 17 25 33 41 49 50 58 59 60 61 62 63 64 38 65 
0 28 36 44 45 46 47 55 54 53 52 51 43 42 34 35 27 26 18 19 20 21 29 30 31 23 22 14 15 7 6 5 4 12 11 10 9 17 25 33 41 49 50 58 59 60 61 62 63 64 38 65 
0 36 44 45 46 47 55 54 53 52 51 43 42 34 35 27 26 18 19 20 21 28 29 30 31 23 22 14 15 7 6 5 4 12 11 10 9 17 25 33 41 49 50 58 59 60 61 62 63 64 39 38 65 
0 36 44 45 46 47 55 54 53 52 51 43 42 34 35 27 26 18 19 20 28 21 29 30 31 23 22 14 15 7 6 5 4 12 11 10 9 17 25 33 41 49 50 58 59 60 61 62 63 64 37 65 
0 36 35 43 44 45 46 47 55 54 53 52 51 50 42 34 26 27 28 20 21 29 30 31 32 23 22 14 15 7 6 5 13 12 11 10 18 17 25 33 41 49 57 58 59 60 61 62 63 64 37 65 
0 36 44 52 51 43 35 34 26 27 19 20 28 29 21 22 14 15 23 24 16 8 7 6 5 4 12 11 10 18 17 25 33 41 49 42 50 58 59 60 61 53 54 62 55 47 48 40 32 31 39 38 37 65 
0 36 35 44 45 46 47 55 54 53 52 51 43 42 34 26 27 19 20 28 29 21 22 14 15 23 24 16 8 7 6 5 4 12 11 10 18 17 25 33 41 49 50 58 59 60 61 62 63 64 37 65 
0 36 35 44 45 46 47 55 54 53 52 51 43 42 34 26 27 19 20 28 29 21 13 14 15 23 24 16 8 7 6 5 4 12 11 10 18 17 25 33 41 49 50 58 59 60 61 62 63 64 37 65 
0 36 44 45 46 47 55 54 53 52 51 43 42 34 35 27 26 18 19 20 28 29 21 14 15 23 16 8 7 6 5 4 12 11 10 9 17 25 33 41 49 50 58 59 60 61 62 63 64 39 38 65 
0 36 35 44 45 46 47 55 54 53 52 51 43 42 34 26 27 20 28 29 21 13 14 15 23 24 16 8 7 6 5 4 12 11 10 18 17 25 33 41 49 50 58 59 60 61 62 63 64 38 65 
0 36 44 45 46 47 55 54 53 52 51 43 35 34 26 18 27 20 28 29 21 13 14 15 23 24 16 8 7 6 5 4 12 11 10 9 17 25 33 41 49 50 58 59 60 61 62 63 64 38 65 
0 28 36 44 45 46 47 55 54 53 52 51 43 42 34 35 27 26 18 19 20 21 14 15 23 24 16 8 7 6 5 4 12 11 10 9 17 25 33 41 49 50 58 59 60 61 62 63 64 39 38 65 
0 36 35 34 42 50 51 59 58 57 49 41 33 25 17 18 26 27 28 29 21 20 12 11 10 9 1 2 3 4 5 6 14 23 15 7 8 16 24 32 40 39 48 47 55 54 62 61 53 52 44 45 46 38 37 65 
0 28 27 35 43 36 44 45 46 47 55 54 53 52 51 50 42 34 26 18 10 11 12 20 21 13 14 15 7 6 5 4 3 2 1 9 17 25 33 41 49 57 58 59 60 61 62 63 40 39 38 65 
0 28 27 36 35 43 44 45 46 47 55 54 53 52 51 50 42 34 26 18 10 11 12 20 21 13 14 15 7 6 5 4 3 2 1 9 17 25 33 41 49 57 58 59 60 61 62 63 64 65 
0 36 28 27 35 43 44 45 46 47 55 54 53 52 51 50 42 34 26 18 10 11 12 20 21 13 14 15 7 6 5 4 3 2 1 9 17 25 33 41 49 57 58 59 60 61 63 40 39 38 65 
0 28 36 44 45 46 47 55 54 53 52 51 43 35 34 26 18 10 11 12 20 21 13 14 15 23 24 16 8 7 6 5 4 3 2 1 9 17 25 33 41 49 50 58 59 60 61 62 63 64 65 
0 28 36 44 45 46 47 55 54 53 52 51 43 42 34 26 18 10 11 12 20 21 13 14 15 23 24 16 8 7 6 5 4 3 2 1 9 17 25 33 41 49 50 58 59 60 61 62 63 64 65 
0 28 36 44 45 46 47 55 54 53 52 43 42 34 26 18 10 11 12 20 21 13 14 15 23 24 16 8 7 6 5 4 3 2 1 9 17 25 33 41 49 50 58 59 60 61 62 63 64 65 
0 28 36 44 45 46 47 55 54 53 52 51 42 34 26 18 10 11 12 20 21 13 14 15 23 24 16 8 7 6 5 4 3 2 1 9 17 25 33 41 49 50 58 59 60 61 62 63 40 39 38 65 
0 28 36 44 45 46 47 55 54 53 52 51 50 42 34 26 18 10 11 12 20 21 13 14 15 23 24 16 8 7 6 5 4 3 2 1 9 17 25 33 41 49 58 59 60 61 62 63 64 65 
0 36 44 45 46 47 55 54 53 52 51 43 42 34 26 18 10 11 12 20 21 13 14 15 23 24 16 8 7 6 5 4 3 2 1 9 17 25 33 41 49 50 58 59 60 61 62 63 64 65 
0 28 36 44 45 46 47 55 54 53 52 51 43 42 34 26 18 10 11 12 13 14 15 23 31 32 24 16 8 7 6 5 4 3 2 1 9 17 25 33 41 49 58 59 60 61 62 63 64 65 
0 28 36 44 45 46 47 55 54 53 52 51 43 42 34 26 18 10 11 12 13 14 15 23 31 32 24 16 8 7 6 5 4 3 2 1 9 17 25 33 41 49 57 58 59 60 61 63 38 65 
0 28 36 44 45 46 47 55 54 53 52 51 50 42 34 26 18 10 11 12 13 14 15 23 31 32 24 16 8 7 6 5 4 3 2 1 9 17 25 33 41 49 58 59 60 61 62 63 64 65 
0 28 36 44 45 46 47 55 54 53 52 51 50 42 34 26 18 10 11 12 13 14 15 23 31 32 24 16 8 7 6 5 4 3 2 1 9 17 25 33 41 49 57 58 59 60 38 65 
0 28 36 44 45 46 47 55 54 53 52 51 43 42 34 26 18 10 11 12 13 14 15 23 31 32 24 16 8 7 6 5 4 3 2 1 9 17 25 33 41 49 57 58 59 60 61 63 38 65 
0 28 36 44 45 46 47 55 54 53 52 51 50 42 34 26 18 10 11 12 13 14 15 23 31 32 24 16 8 7 6 5 4 3 2 1 9 17 25 33 41 49 57 58 59 60 38 65 
0 28 36 37 45 44 43 35 34 42 41 33 25 26 27 20 21 22 14 13 12 11 19 18 10 2 3 4 5 6 7 15 23 24 32 31 39 47 48 56 55 54 62 61 60 59 58 50 51 52 53 46 38 30 29 65 
0 28 27 36 37 45 44 43 35 34 42 41 33 25 26 18 19 20 21 22 14 13 12 11 10 2 3 4 5 6 7 15 23 24 32 31 39 47 48 56 55 54 62 61 60 59 58 50 51 52 53 46 38 30 29 65 
0 28 27 35 36 37 45 44 43 42 34 41 33 25 26 18 19 20 21 22 14 13 12 11 10 2 3 4 5 6 7 15 23 24 32 31 39 47 48 56 55 54 62 61 60 59 58 50 51 52 53 46 38 30 29 65 
0 28 27 35 36 37 45 44 43 42 34 33 25 26 18 19 20 21 22 14 13 12 11 10 2 3 4 5 6 7 15 23 24 32 31 39 47 48 56 55 54 62 61 60 59 58 49 50 51 52 53 46 38 30 29 65 
0 28 27 19 20 21 13 12 11 10 18 26 34 35 36 37 45 44 43 42 41 33 25 17 9 1 2 3 4 5 6 7 14 15 23 31 39 47 48 56 55 54 62 61 60 59 58 50 51 52 53 46 38 30 29 65 
0 28 20 21 14 13 12 11 10 18 19 27 26 34 35 36 37 45 44 43 42 41 33 25 17 9 1 2 3 4 5 6 7 15 23 31 39 47 48 56 55 54 62 61 60 59 58 50 51 52 53 46 38 30 29 65 
0 28 20 21 12 11 10 18 19 27 26 34 35 36 37 45 44 43 42 41 33 25 17 9 1 2 3 4 5 6 7 14 15 23 31 39 47 48 56 55 63 62 61 60 59 58 50 51 52 53 54 46 38 30 29 65 
0 28 20 21 12 11 10 18 19 27 26 34 35 36 37 45 44 43 42 41 33 25 17 9 1 2 3 4 5 6 14 15 23 24 32 31 39 47 48 56 55 54 62 61 60 59 58 50 51 52 53 46 38 30 29 65 
0 28 27 19 20 21 12 11 10 18 26 34 35 36 37 45 44 43 42 41 33 25 17 9 1 2 3 4 5 6 14 15 23 24 32 31 39 47 48 56 55 54 62 61 60 59 58 50 51 52 53 46 38 30 29 65 
0 28 27 26 34 35 36 37 45 44 43 42 41 33 25 17 9 1 2 3 4 12 11 10 18 19 20 21 13 14 6 7 15 23 24 32 31 39 47 48 56 55 54 62 61 60 59 58 50 51 52 53 46 38 29 65 
0 28 20 21 12 11 10 18 19 27 26 34 35 36 37 45 44 43 42 41 33 25 17 9 1 2 3 4 5 6 14 15 23 31 39 40 48 47 55 63 62 61 60 59 58 57 49 50 51 52 54 29 65 
0 28 27 19 20 21 12 11 10 18 26 34 35 36 37 45 44 43 42 41 33 25 17 9 1 2 3 4 5 6 14 15 23 31 39 40 48 47 55 63 62 61 60 59 58 57 49 50 51 52 54 65 
0 28 27 20 21 13 12 11 10 18 26 34 35 36 37 45 44 43 42 41 33 25 17 9 1 2 3 4 5 6 14 15 23 31 39 47 48 56 55 63 62 61 60 59 58 57 49 50 51 52 54 29 65 
0 28 27 20 21 13 12 11 10 18 26 34 35 36 37 45 44 43 42 41 33 25 17 9 1 2 3 4 5 6 7 15 23 31 39 47 48 56 55 63 62 61 60 59 58 57 49 50 51 52 54 29 65 
0 28 20 21 12 11 10 18 26 27 35 36 37 45 44 43 42 41 33 25 17 9 1 2 3 4 5 6 14 15 23 24 32 31 39 40 48 47 55 63 62 61 60 59 58 57 49 50 51 65 
0 28 29 21 20 12 13 14 15 23 24 16 8 7 6 5 4 3 2 1 9 17 25 33 34 26 18 10 11 19 27 35 36 44 43 42 50 49 57 58 59 60 61 53 54 46 47 55 65 
0 28 29 21 20 12 13 14 15 23 24 16 8 7 6 5 4 3 2 1 9 17 25 33 34 26 18 10 11 19 27 35 36 44 43 42 41 49 57 58 59 60 61 53 54 46 47 39 38 65 
0 28 36 44 43 35 27 26 18 17 9 10 11 3 4 12 20 21 13 5 6 14 15 7 8 16 24 23 31 32 40 39 47 55 64 63 62 61 60 59 58 57 49 41 33 34 42 50 51 65 
0 28 36 44 43 35 27 26 18 10 2 11 3 4 12 20 21 13 5 6 14 15 7 8 16 24 23 31 32 40 39 47 55 56 64 63 62 61 60 59 58 57 49 41 33 34 42 50 51 52 54 65 
0 28 36 44 43 35 26 18 17 9 10 11 3 4 12 20 21 13 5 6 14 15 7 8 16 24 23 31 32 40 39 47 55 56 64 63 62 61 60 59 58 57 49 41 33 34 42 50 51 65 
0 28 36 44 43 35 27 19 20 21 12 11 10 18 17 9 1 2 3 4 5 6 14 15 7 8 16 24 32 40 39 47 55 56 64 63 62 61 60 59 58 57 49 41 33 34 42 50 51 65 
0 28 36 44 43 35 27 20 21 13 12 11 10 18 17 9 1 2 3 4 5 6 14 15 7 8 16 24 32 31 39 47 55 56 64 63 62 61 60 59 58 57 49 41 33 34 42 51 65 
0 28 36 44 43 35 27 19 20 12 11 10 18 17 9 1 2 3 4 5 6 14 15 7 8 16 24 23 32 40 39 47 55 56 64 63 62 61 60 59 58 57 49 41 33 34 42 51 65 
0 28 36 44 43 35 27 20 12 11 10 18 17 9 1 2 3 4 5 6 14 15 7 8 16 24 23 31 32 40 39 47 55 56 64 63 62 61 60 59 58 57 49 41 33 34 42 51 65 
0 36 44 43 35 27 26 18 17 9 1 2 3 4 12 20 21 13 5 6 14 15 7 8 16 24 23 31 32 40 39 47 55 56 64 63 62 61 60 59 58 57 49 41 33 34 42 50 51 54 65 
0 28 36 35 27 26 25 17 18 19 11 10 9 1 2 3 4 12 13 5 6 14 15 7 8 16 24 32 23 31 39 47 48 56 64 63 62 61 60 59 58 57 49 41 33 34 42 50 51 52 54 65 
0 28 36 35 27 26 25 17 18 19 11 10 9 1 2 3 4 12 13 5 6 14 15 7 8 16 24 32 31 39 47 40 48 56 64 63 62 61 60 59 58 57 49 41 33 34 42 50 51 52 54 65 
0 28 36 35 27 26 25 17 18 19 11 10 9 1 2 3 4 12 13 5 6 14 15 7 8 16 24 32 40 31 39 47 48 56 64 63 62 61 60 59 58 57 49 41 33 34 42 50 51 54 65 
0 28 27 26 34 35 36 37 45 44 43 42 41 33 25 17 9 1 2 3 4 12 11 10 18 19 20 21 22 14 5 6 7 15 23 31 39 47 48 56 55 54 62 61 60 59 58 50 51 52 53 46 38 30 29 65 
0 28 36 44 43 35 27 20 21 13 12 11 10 18 17 9 1 2 3 4 5 6 14 15 7 8 16 24 23 31 39 47 55 56 64 63 62 61 60 59 58 57 49 41 33 34 42 51 65 
0 28 36 37 38 30 23 15 7 8 16 24 32 31 39 48 47 55 54 46 45 53 61 60 59 58 50 51 52 44 43 35 27 26 34 42 41 33 25 17 18 10 2 3 11 19 20 12 13 21 29 65 
0 28 36 37 38 30 23 15 7 8 16 24 32 31 39 47 48 55 54 46 45 53 61 60 59 58 50 51 52 44 43 35 27 26 34 42 41 33 25 17 18 10 2 3 11 19 20 12 13 6 22 21 29 65 
0 28 20 19 27 26 34 35 36 37 38 39 31 30 22 23 15 7 16 24 32 40 48 47 55 54 46 45 53 62 61 60 59 58 50 51 52 44 43 42 41 33 25 17 18 10 11 12 4 5 14 21 29 65 
0 28 27 26 34 35 36 37 38 30 23 15 7 8 16 24 32 31 39 47 48 56 55 54 46 45 53 62 61 60 59 58 50 51 52 44 43 42 41 33 25 17 18 10 11 19 20 12 4 5 6 14 22 21 29 65 
0 28 20 19 27 26 34 35 36 37 38 30 22 23 15 7 8 16 24 32 39 47 48 56 55 54 46 45 53 62 61 60 59 58 50 51 52 44 43 42 41 33 25 17 18 10 11 12 4 21 29 65 
0 28 20 19 27 26 34 35 36 37 38 30 31 23 15 7 8 16 24 32 39 47 48 56 55 54 46 45 53 62 61 60 59 58 50 51 52 44 43 42 41 33 25 17 18 10 11 12 4 21 29 65 
0 28 27 26 34 35 36 37 38 30 31 23 15 7 8 16 24 32 40 39 47 48 56 55 54 46 45 53 62 61 60 59 58 50 51 52 44 43 42 41 33 25 17 18 10 11 19 20 12 4 21 29 65 
0 28 20 19 27 26 34 35 36 37 38 30 31 23 15 7 8 16 24 32 40 39 47 48 56 55 54 46 45 53 62 61 60 59 58 50 51 52 44 43 42 41 33 25 17 18 10 11 12 21 29 65 
0 28 20 19 27 26 34 35 36 37 38 30 23 15 7 8 16 24 32 40 39 47 48 56 55 54 46 45 53 62 61 60 59 58 50 51 52 44 43 42 41 33 25 17 18 10 11 12 4 5 14 21 29 65 
0 28 20 19 27 26 34 35 36 37 38 31 23 15 7 8 16 24 32 40 39 47 48 56 55 54 46 45 53 62 61 60 59 58 50 51 52 44 43 42 41 33 25 17 18 10 11 12 4 5 14 13 21 29 65 
0 28 20 19 27 35 36 37 38 46 45 44 43 51 50 58 59 60 61 53 54 62 55 56 48 47 39 40 32 31 23 15 14 7 6 5 4 3 2 1 9 17 25 33 41 42 29 65 
0 28 20 19 27 35 36 37 38 46 45 44 43 51 50 58 59 60 61 53 62 54 55 56 48 47 39 40 32 31 23 15 14 7 6 5 4 3 2 1 9 17 25 33 41 42 34 18 65 
0 28 20 19 27 35 36 37 38 46 54 53 45 44 43 51 50 49 57 58 59 60 61 62 63 55 56 48 47 39 32 31 23 15 14 6 5 4 3 2 1 9 17 25 33 41 42 34 26 18 65 
0 28 20 19 27 35 36 37 38 46 54 53 45 44 43 51 50 49 57 58 59 60 61 62 63 55 56 48 47 39 31 32 23 15 14 6 5 4 3 2 1 9 17 25 33 41 42 34 26 18 10 11 65 
0 28 20 19 27 35 36 37 38 46 54 53 45 44 43 51 50 49 57 58 59 60 61 62 63 55 56 48 47 39 40 32 23 15 14 6 5 4 3 2 1 9 17 25 33 41 42 34 26 18 11 65 
0 28 27 20 12 11 10 18 26 34 35 43 44 36 37 38 39 31 23 24 32 40 48 47 46 45 53 54 55 63 62 61 60 52 51 50 49 41 33 25 17 9 1 2 3 4 5 6 7 8 16 21 29 65 
0 28 20 19 27 35 36 45 44 43 51 50 49 57 58 59 60 61 53 54 62 63 55 47 46 38 39 40 32 24 23 15 14 7 6 5 4 3 2 1 9 17 25 33 41 42 34 26 18 65 
0 36 28 20 19 27 35 43 44 45 46 54 53 52 51 50 49 57 58 59 60 61 62 63 55 56 48 47 39 40 32 24 23 15 14 6 5 4 3 2 1 9 17 25 33 41 42 34 26 18 10 11 65 
0 36 28 20 19 27 35 43 44 45 46 54 53 52 51 50 49 57 58 59 60 61 62 63 55 56 48 47 39 40 32 24 23 15 7 6 5 4 3 2 1 9 17 25 33 41 42 34 26 18 11 65 
0 36 28 20 19 27 35 43 44 45 53 52 51 50 49 57 58 59 60 61 62 54 55 56 48 47 39 40 32 24 23 15 7 6 14 5 4 3 2 1 9 17 25 33 41 42 34 26 18 10 11 12 65 
0 28 36 35 44 52 51 50 58 59 60 61 62 54 53 45 46 47 55 63 64 56 48 40 39 31 23 22 14 15 16 8 7 6 5 4 3 2 1 9 17 25 33 41 49 42 34 26 18 65 
0 36 28 20 19 27 35 43 44 45 53 52 51 50 49 57 58 59 60 61 62 54 55 64 56 48 47 39 40 32 24 23 15 7 6 5 4 3 2 1 9 17 25 33 41 42 34 26 18 10 11 65 
0 36 28 20 19 27 35 43 44 45 53 52 51 50 49 57 58 59 60 61 62 54 55 56 48 47 39 40 32 24 23 15 7 6 14 5 4 3 2 1 9 17 25 33 41 42 34 26 18 10 11 12 37 65 
0 28 20 19 27 35 43 44 45 53 52 51 50 49 57 58 59 60 61 62 63 64 56 48 55 47 39 40 32 24 16 23 15 7 6 5 4 3 2 1 9 17 25 33 41 42 34 26 18 10 11 65 
0 28 20 19 27 35 36 44 45 53 52 51 50 49 57 58 59 60 61 62 63 64 56 55 54 47 48 40 39 32 24 23 15 7 6 5 4 3 2 1 9 17 25 33 41 42 34 18 65 
0 28 20 19 27 35 36 44 45 53 52 51 50 49 57 58 59 60 61 62 63 64 56 48 55 47 39 40 32 24 16 23 15 7 6 5 4 3 2 1 9 17 25 33 41 42 34 26 18 65 
0 36 44 52 45 53 61 60 59 51 50 49 41 42 43 35 34 33 25 17 9 1 2 10 11 3 4 5 6 7 15 23 31 39 47 55 63 62 54 46 38 30 22 14 13 12 19 18 26 27 28 65 
0 36 44 45 53 61 60 52 59 51 50 49 41 42 43 35 34 33 25 17 9 1 2 10 11 3 4 5 6 7 15 23 31 39 47 55 63 62 54 46 38 30 22 14 13 12 19 18 26 27 28 65 
0 36 44 52 45 53 61 60 59 51 50 58 57 49 41 42 43 35 34 33 25 17 9 1 2 10 11 3 4 5 6 7 15 23 31 39 47 55 54 46 38 30 22 14 13 12 19 18 26 27 28 37 65 
0 36 44 52 45 53 61 60 59 51 50 58 57 49 41 42 43 35 34 33 25 17 9 1 2 10 11 3 4 5 6 7 15 23 31 39 47 55 54 46 38 30 22 14 13 12 20 19 18 26 27 28 37 65 
0 36 37 45 44 52 53 62 61 60 59 51 50 58 57 49 41 42 43 35 34 33 25 17 9 1 2 10 11 3 4 5 6 14 15 23 31 39 47 55 54 46 38 30 22 21 13 12 20 19 18 26 27 28 65 
0 36 44 52 45 53 62 61 60 59 51 50 58 57 49 41 42 43 35 34 33 25 17 9 1 2 10 11 3 4 5 6 14 15 23 31 39 47 55 54 46 38 30 22 21 13 12 20 19 18 26 27 28 65 
0 36 44 52 45 53 62 61 60 59 51 50 58 57 49 41 42 43 35 27 19 18 26 34 33 25 17 9 1 2 10 11 3 4 5 6 14 15 23 31 39 47 55 54 46 38 30 22 21 13 12 20 28 29 37 65 
0 36 44 45 52 53 62 61 60 59 51 50 58 57 49 41 42 43 35 27 19 18 26 34 33 25 17 9 1 2 10 11 3 4 5 6 14 15 23 31 39 47 55 54 46 38 30 22 21 13 12 20 28 29 37 65 
0 36 28 20 12 11 19 27 35 43 44 45 37 30 38 46 54 53 61 60 52 51 59 58 50 42 41 33 34 26 18 10 2 3 4 5 6 7 8 16 24 32 40 48 56 55 47 39 31 23 29 65 
0 36 35 42 43 44 45 53 52 51 50 49 57 58 59 60 61 62 63 64 56 48 47 55 54 46 38 39 31 23 22 14 15 8 7 6 5 13 12 11 10 9 17 25 33 34 26 18 19 27 28 20 29 37 65 
0 36 35 42 43 44 45 53 52 51 50 49 57 58 59 60 61 62 63 64 56 48 47 55 54 46 38 39 31 23 22 14 15 8 7 6 5 4 12 11 10 9 17 25 33 34 26 18 19 27 28 21 29 37 65 
0 36 28 20 12 11 19 27 35 43 44 45 37 38 46 54 53 61 60 52 51 59 58 50 42 49 41 33 34 26 18 10 2 3 4 5 6 7 8 16 24 32 40 48 56 55 47 39 31 23 29 65 
0 36 28 20 19 27 35 43 44 45 37 38 46 54 62 61 53 52 60 59 58 50 42 49 41 33 34 26 18 10 2 3 11 12 4 5 6 7 8 16 24 32 40 48 56 55 47 39 31 23 29 65 
0 28 20 19 27 35 36 37 38 46 54 62 61 53 45 44 43 51 52 60 59 58 50 42 49 41 33 34 26 18 10 2 3 11 12 4 5 6 7 8 16 24 32 40 48 56 55 47 39 31 23 65 
0 28 20 19 27 26 34 35 36 37 38 46 54 62 61 53 45 44 43 51 60 59 58 50 42 41 33 25 17 18 10 2 3 11 12 4 5 6 7 8 16 24 32 40 48 56 55 47 39 31 23 15 29 65 
0 28 20 19 27 26 34 35 36 37 38 46 54 62 61 60 53 45 44 43 42 50 58 57 49 41 33 25 17 18 10 2 3 11 12 4 5 6 7 8 16 24 32 40 48 56 55 47 39 31 23 21 29 65 
0 28 20 27 26 34 35 36 37 38 46 54 62 61 53 45 44 43 51 52 60 59 58 50 49 41 33 25 17 18 10 2 3 11 12 4 5 6 7 8 16 24 32 40 48 56 55 47 39 31 23 21 29 65 
0 28 20 27 26 34 35 36 37 38 46 54 62 61 53 45 44 43 51 52 60 59 58 57 49 41 33 25 17 18 10 2 3 11 12 4 5 6 7 8 16 24 32 40 48 56 55 47 39 31 23 29 65 
0 28 36 37 38 46 45 44 52 53 54 62 61 60 59 58 50 42 41 33 34 35 27 26 25 17 18 10 9 1 2 3 11 12 4 5 6 7 8 16 24 32 40 48 56 55 47 39 31 23 29 65 
0 28 27 19 20 12 11 10 18 26 34 35 36 44 43 51 52 53 45 46 54 62 61 60 59 58 50 49 41 33 25 17 9 1 2 3 4 5 6 7 16 24 32 40 48 56 55 47 39 31 23 29 65 
0 28 20 12 11 10 18 26 27 35 36 44 43 51 52 53 45 46 54 62 61 60 59 58 50 49 41 33 25 17 9 1 2 3 4 5 6 7 8 16 24 32 40 48 56 55 47 39 38 31 23 65 
0 28 27 20 12 11 10 18 26 34 35 36 44 43 51 52 53 45 46 54 62 61 60 59 58 50 49 41 33 25 17 9 1 2 3 4 5 6 7 8 16 24 32 40 48 56 55 47 39 31 23 29 65 
0 28 27 20 12 11 10 18 26 34 35 36 44 43 51 52 53 45 46 54 62 61 60 59 58 57 49 41 33 25 17 9 1 2 3 4 5 6 7 8 16 24 32 40 48 56 55 47 39 31 23 29 65 
0 28 20 12 11 10 18 26 27 35 36 44 43 51 52 53 54 62 61 60 59 58 57 49 50 42 41 33 25 17 9 1 2 3 4 5 6 7 8 16 24 32 40 48 56 55 47 46 39 31 29 65 
0 28 20 12 19 11 10 18 26 34 35 36 44 43 51 52 53 54 62 61 60 59 58 57 49 50 42 41 33 25 17 9 1 2 3 4 5 6 7 8 16 24 32 40 48 56 55 47 39 31 23 29 65 
0 28 36 44 52 53 54 62 61 60 59 51 50 58 57 49 41 33 34 35 27 26 25 17 18 10 9 1 2 3 11 12 4 5 6 14 15 7 8 16 24 32 40 48 56 64 63 55 47 46 38 39 29 65 
0 28 36 44 45 53 54 62 61 60 59 51 50 58 57 49 41 33 34 35 27 26 25 17 18 10 9 1 2 3 11 12 4 5 6 14 15 7 8 16 24 32 40 48 56 64 63 55 47 39 31 23 30 29 65 
0 28 36 44 52 53 54 62 61 60 59 51 50 58 57 49 41 33 34 35 27 26 25 17 18 10 9 1 2 3 11 12 4 5 6 14 15 7 8 16 24 32 40 48 56 64 63 55 47 39 31 23 30 65 
0 28 36 44 52 53 54 62 61 60 59 51 50 58 57 49 41 33 34 35 26 25 17 18 9 1 2 10 11 3 4 12 13 5 6 14 15 7 8 16 24 32 40 48 56 64 63 55 47 39 31 29 65 
0 28 20 19 27 26 34 35 43 42 51 52 44 36 37 45 53 62 61 60 59 58 50 49 41 33 25 17 18 10 11 12 4 5 6 7 15 14 13 21 22 23 24 32 31 39 47 48 56 55 54 46 38 30 65 
0 36 28 20 19 27 35 43 51 52 44 45 53 62 61 60 59 58 49 50 42 41 33 34 26 25 17 18 10 11 12 4 5 6 7 15 14 13 21 22 23 24 32 31 39 47 48 55 54 38 65 
0 36 28 20 19 27 35 43 51 52 44 45 53 62 61 60 59 58 50 49 41 42 34 33 25 26 17 18 10 11 12 4 5 6 7 15 14 13 21 22 23 24 32 31 39 47 48 56 55 54 46 38 30 29 37 65 
0 36 28 20 19 27 35 43 44 45 53 62 61 60 59 58 51 50 49 41 42 34 26 25 17 18 10 2 3 11 12 4 5 6 7 15 14 13 21 22 23 24 32 31 39 47 48 56 55 54 46 38 30 29 37 65 
0 28 20 27 26 34 35 43 42 50 51 52 44 36 37 45 53 62 61 60 59 58 57 49 41 33 25 17 18 10 11 12 4 5 6 7 15 14 13 21 22 23 24 32 31 39 47 48 55 54 38 65 
0 28 20 19 26 27 35 36 44 43 51 52 53 45 46 54 55 56 64 63 62 61 60 59 58 50 49 41 42 34 33 25 17 18 10 11 12 4 5 6 7 15 14 13 21 22 23 32 31 39 47 65 
0 28 20 19 27 26 34 42 35 36 44 43 51 52 53 45 46 54 55 56 64 63 62 61 60 59 58 50 49 41 33 25 17 18 10 11 12 4 5 6 7 15 14 13 21 22 23 24 32 31 39 47 65 
0 28 20 19 26 27 35 36 44 43 51 52 53 45 46 54 55 64 63 62 61 60 59 58 50 49 41 42 34 33 25 17 18 10 11 12 4 5 6 7 15 14 13 21 22 23 24 32 40 47 65 
0 36 28 20 19 27 35 43 44 52 53 45 46 54 62 61 60 59 58 50 49 41 42 34 33 25 26 17 18 10 11 12 4 5 6 7 15 14 13 21 22 23 24 32 40 48 56 64 63 55 47 39 38 37 65 
0 36 28 20 19 26 27 35 43 44 52 53 45 46 54 55 56 64 63 62 61 60 59 58 50 49 41 42 34 33 25 17 18 10 11 12 4 5 6 7 15 14 13 21 22 23 24 32 40 47 39 38 37 65 
0 36 29 28 20 19 26 27 35 43 44 52 53 45 46 54 55 56 64 63 62 61 60 59 58 50 49 41 42 34 33 25 17 18 10 11 12 4 5 6 7 15 14 13 21 22 23 24 32 40 47 65 
0 36 28 19 27 35 43 44 45 53 52 51 60 61 62 54 55 56 48 47 46 38 39 31 32 24 23 15 14 6 5 4 3 2 1 9 17 25 33 41 49 57 58 50 42 34 26 18 10 65 
0 36 28 19 27 35 43 44 45 53 52 59 60 61 62 54 55 56 48 47 46 38 39 31 32 24 23 15 14 6 5 4 3 2 1 9 17 25 33 41 49 57 58 50 42 34 26 18 37 65 
0 36 28 19 27 35 43 44 53 52 51 59 60 61 62 54 55 56 48 47 46 38 39 31 32 24 23 15 14 6 5 4 3 2 1 9 17 25 33 41 49 57 58 50 42 34 26 18 10 65 
0 36 28 27 35 43 44 45 38 46 54 53 61 62 63 55 64 56 48 47 39 31 32 24 23 15 7 6 14 13 5 4 3 2 1 9 17 25 33 41 49 57 58 50 42 34 26 18 10 11 12 65 
0 36 28 19 27 35 43 44 45 53 52 60 61 62 54 55 63 64 56 48 47 46 38 39 31 32 24 23 15 14 6 5 4 3 2 1 9 17 25 33 41 49 57 58 50 42 34 65 
0 36 28 20 19 27 35 43 44 45 53 52 60 61 62 54 55 63 64 56 48 47 46 38 39 31 32 24 23 15 14 6 5 4 3 2 1 9 17 25 33 41 49 57 58 50 42 34 65 
0 28 20 19 27 36 35 43 44 45 53 52 60 61 62 54 55 63 64 56 48 47 46 38 39 31 32 24 23 15 14 6 5 4 3 2 1 9 17 25 33 41 49 57 58 50 42 34 26 18 65 
0 28 20 19 27 35 43 36 44 45 53 52 60 61 62 54 55 63 64 56 48 47 46 38 39 31 32 24 23 15 14 6 5 4 3 2 1 9 17 25 33 41 49 57 58 50 42 34 18 65 
0 36 28 19 27 35 43 44 45 53 52 60 61 62 54 55 63 64 56 48 47 46 38 39 40 32 24 23 15 14 6 5 4 3 2 1 9 17 25 33 41 49 57 58 50 34 65 
0 36 28 20 19 27 35 43 44 45 53 52 60 61 62 54 55 63 64 56 48 47 46 38 39 40 32 24 23 15 14 6 5 4 3 2 1 9 17 25 33 41 49 57 58 50 34 65 
0 28 20 19 27 36 35 43 44 45 53 52 60 61 62 54 55 63 64 56 48 47 46 38 39 40 32 24 23 15 14 6 5 4 3 2 1 9 17 25 33 41 49 57 58 50 42 34 65 
0 36 28 27 35 43 44 52 51 59 60 61 53 54 46 47 55 63 64 56 48 40 39 31 32 24 23 15 7 6 14 5 4 3 2 1 9 17 25 33 41 49 57 58 50 42 34 26 18 10 65 
0 36 27 35 43 44 52 51 59 60 61 53 54 62 63 55 64 56 48 40 39 31 32 24 23 15 7 6 14 13 5 4 3 2 1 9 17 25 33 41 49 57 58 50 42 34 26 18 10 11 12 65 
0 36 28 27 35 43 44 52 51 59 60 61 53 46 54 55 63 64 56 48 40 39 32 24 23 15 7 6 14 13 5 4 3 2 1 9 17 25 33 41 49 57 58 50 42 34 26 18 37 65 
0 36 28 27 35 43 44 52 51 59 60 61 62 53 54 55 63 64 56 48 47 39 31 32 24 23 15 7 6 14 13 5 4 3 2 1 9 17 25 33 41 49 57 58 50 42 34 26 18 65 
0 36 28 27 35 43 44 52 51 59 60 61 53 46 54 55 63 64 56 48 47 39 32 24 23 15 7 6 14 13 5 4 3 2 1 9 17 25 33 41 49 57 58 50 42 34 26 18 37 65 
0 36 28 27 35 43 44 52 51 59 60 61 53 62 54 55 63 64 56 48 47 39 32 24 23 15 7 6 14 13 5 4 3 2 1 9 17 25 33 41 49 57 58 50 42 34 26 18 10 65 
0 28 27 19 20 12 11 10 18 17 25 26 34 35 42 33 41 49 50 58 59 60 61 62 63 64 56 48 47 55 54 46 45 53 52 51 43 44 36 37 38 39 31 32 24 23 15 7 6 13 22 21 29 65 
0 28 20 12 11 3 2 10 18 19 27 26 25 33 34 35 42 41 49 50 58 59 60 61 62 63 64 56 48 47 55 54 46 45 53 52 51 43 44 36 37 38 39 32 24 23 15 7 6 13 22 21 29 65 
0 28 20 12 11 2 10 18 17 25 33 26 27 35 34 42 41 49 50 58 59 60 61 62 63 64 56 48 47 55 54 46 45 53 52 51 43 44 36 37 38 39 31 32 24 23 15 7 6 13 21 29 65 
0 28 20 12 19 11 3 2 10 18 17 25 26 27 35 34 33 41 42 50 58 59 60 61 62 63 64 56 48 47 55 54 46 45 53 52 51 43 44 36 37 38 39 31 32 24 23 15 7 6 13 21 29 65 
0 28 20 12 19 11 3 2 10 18 17 25 26 27 35 34 42 41 49 50 58 59 60 61 62 63 64 56 48 47 55 54 46 45 53 52 51 43 44 36 37 38 39 31 32 24 23 15 7 13 21 29 65 
0 28 37 36 44 52 51 42 43 35 27 19 20 12 11 10 18 17 25 26 34 33 41 49 50 58 59 60 61 62 63 64 56 48 47 55 54 53 45 46 38 39 40 32 24 23 15 16 8 65 
0 28 35 36 37 44 52 51 43 42 34 26 27 19 20 12 11 10 18 17 25 33 41 49 50 58 59 60 61 62 63 64 56 48 47 55 54 53 45 46 38 39 40 32 24 23 15 16 8 65 
0 28 37 36 35 44 52 51 43 42 34 26 27 19 20 12 11 10 18 17 25 33 41 49 50 58 59 60 61 62 63 64 56 48 47 55 54 53 45 46 38 39 40 32 24 23 15 16 8 65 
0 28 20 12 4 11 3 2 10 18 17 25 26 27 35 34 33 41 42 50 58 59 60 61 62 63 64 56 48 47 55 54 46 45 53 52 51 43 44 36 37 38 39 31 32 24 23 15 7 6 13 21 29 65 
0 28 20 12 4 11 3 2 10 18 17 25 26 27 35 34 42 41 49 50 58 59 60 61 62 63 64 56 48 47 55 54 46 45 53 52 51 43 44 36 37 38 39 31 32 24 23 15 7 13 21 29 65 
0 28 20 12 11 3 2 1 10 18 17 25 26 27 35 34 33 41 49 50 58 59 60 61 62 63 64 56 48 47 55 54 46 45 53 52 51 43 44 36 37 38 39 31 32 24 23 21 29 65 
0 28 20 12 11 3 2 1 9 10 18 17 25 26 27 35 34 33 41 49 50 58 59 60 61 62 63 64 56 48 47 55 54 46 45 53 52 51 43 44 36 37 38 39 32 23 29 65 
0 28 27 19 20 12 11 10 2 1 9 17 18 26 34 33 41 49 50 58 59 60 61 62 63 64 56 48 47 55 54 53 52 51 43 42 35 36 44 45 46 38 39 40 32 24 23 15 16 8 7 14 21 29 65 
0 36 28 20 12 13 5 4 3 11 10 18 17 25 26 27 35 34 33 41 42 50 58 59 60 61 62 63 64 56 48 47 55 54 53 52 51 43 44 45 46 38 39 40 32 24 23 15 16 8 7 14 21 29 65 
0 36 44 52 51 42 43 35 27 28 20 12 11 10 2 1 9 17 18 26 34 33 41 49 50 58 59 60 61 62 63 64 56 48 47 55 54 53 45 46 38 39 40 32 24 23 15 16 8 7 14 29 65 
0 28 36 44 52 51 42 43 35 27 20 12 11 10 2 1 9 17 18 26 34 33 41 49 50 58 59 60 61 62 63 64 56 48 47 55 54 53 45 46 38 39 40 32 24 23 15 16 8 65 
0 28 36 44 52 51 43 35 27 20 12 3 11 10 2 1 9 17 18 26 34 33 41 49 50 58 59 60 61 62 63 64 56 48 47 55 54 53 45 46 38 39 40 32 24 23 15 16 8 7 14 29 65 
0 36 44 52 51 43 35 27 28 20 12 4 11 10 2 1 9 17 18 26 34 33 41 49 50 58 59 60 61 62 63 64 56 48 47 55 54 53 45 46 38 39 40 32 24 23 15 16 8 7 14 29 65 
0 28 36 44 52 51 43 35 27 20 12 11 2 1 9 10 18 17 25 33 34 42 41 49 50 58 59 60 61 62 63 64 56 48 47 55 54 53 45 46 38 39 40 32 24 23 16 65 
0 36 44 52 51 43 35 27 28 20 12 11 2 1 9 10 18 17 25 33 34 42 41 49 50 58 59 60 61 62 63 64 56 48 47 55 54 53 45 46 38 39 40 32 24 23 16 65 
0 28 36 44 52 51 43 35 34 26 27 20 12 11 2 1 9 10 18 17 25 33 41 49 50 58 59 60 61 62 63 64 56 48 47 55 54 53 45 46 38 39 40 32 24 23 16 65 
0 36 44 43 35 27 28 20 12 11 3 2 1 9 10 17 18 26 25 33 34 42 41 49 50 58 59 60 61 62 63 64 56 48 47 55 54 53 45 46 38 39 40 32 24 23 15 16 8 65 
0 28 36 44 43 35 26 27 20 12 11 3 2 1 9 10 18 17 25 33 34 42 41 49 50 58 59 60 61 62 63 64 56 48 47 55 54 53 45 46 38 39 40 32 23 16 65 
0 36 44 43 35 27 28 20 12 13 5 4 3 11 10 2 1 9 17 18 26 34 33 41 49 50 58 59 60 61 62 63 64 56 48 47 55 54 53 45 46 38 39 40 32 24 23 15 16 8 65 
0 28 36 35 27 20 12 13 5 4 3 11 10 2 1 9 17 18 26 34 33 41 49 50 58 59 60 61 62 63 64 56 48 47 55 54 53 52 44 45 46 38 39 40 32 24 23 15 16 8 65 
0 28 36 44 43 42 34 26 27 20 12 4 3 11 2 1 9 10 18 17 25 33 41 49 50 58 59 60 61 62 63 64 56 48 47 55 54 53 45 46 38 39 40 32 24 23 15 16 8 65 
0 36 28 20 12 13 5 4 3 11 10 2 1 9 17 18 26 34 33 41 49 50 58 59 60 61 62 63 64 56 48 47 55 54 53 52 51 43 44 45 46 38 39 40 32 24 23 15 16 8 7 14 21 29 65 
0 28 20 12 13 5 4 3 11 10 2 1 9 17 18 26 34 33 41 49 57 58 59 60 61 62 63 64 56 48 47 55 54 53 52 51 43 35 36 44 45 46 39 40 32 24 23 15 16 8 65 
0 28 20 12 13 5 4 3 11 10 2 1 9 17 25 26 34 33 41 49 57 58 59 60 61 62 63 64 56 48 47 55 54 53 52 51 43 35 36 44 45 46 39 40 32 24 23 15 16 8 65 
0 28 20 12 13 5 4 3 11 10 2 1 9 17 18 26 34 33 41 49 57 58 59 60 61 62 63 64 56 48 47 55 54 53 52 51 50 43 44 45 46 38 39 40 32 24 23 15 16 8 7 14 21 29 65 
0 28 20 12 13 5 4 3 11 10 2 1 9 17 18 26 34 33 41 49 57 58 59 60 61 62 63 64 56 48 47 55 54 53 52 51 50 42 43 44 45 46 39 40 32 24 23 15 16 8 65 
0 28 20 12 13 5 4 3 11 10 2 1 9 17 25 26 34 33 41 49 57 58 59 60 61 62 63 64 56 48 47 55 54 53 52 51 50 42 43 44 45 46 39 40 32 24 23 15 16 8 65 
0 28 20 12 11 10 18 19 27 26 17 25 33 34 42 41 49 50 58 59 51 52 53 61 62 54 55 63 64 56 48 47 46 45 44 43 35 36 37 38 39 31 23 30 22 14 15 16 21 29 65 
0 36 35 34 26 18 19 20 27 28 29 30 21 22 14 15 7 6 5 4 12 11 10 9 17 25 33 41 42 50 58 59 51 43 44 45 46 54 53 52 60 61 62 63 55 47 48 40 32 24 23 31 39 38 37 65 
0 28 20 19 27 26 33 34 42 41 49 58 50 51 59 60 52 53 61 62 54 55 47 46 45 44 43 35 36 37 38 39 31 23 22 14 15 16 8 7 6 5 4 3 2 1 9 17 18 10 11 65 
0 28 20 19 27 26 34 33 41 42 50 49 58 59 51 52 60 53 61 62 54 55 47 46 45 44 43 35 36 37 38 39 31 23 22 14 15 16 8 7 6 5 4 3 2 1 9 17 18 65 
0 28 20 19 27 26 34 33 41 42 49 50 58 59 51 52 60 53 61 62 54 55 47 46 45 44 43 35 36 37 38 39 31 23 22 14 15 16 8 7 6 5 4 3 2 1 9 17 18 65 
0 28 20 12 13 5 4 11 10 18 19 27 26 17 25 33 34 42 41 49 50 58 59 51 52 53 61 62 54 55 63 64 56 48 47 46 45 44 43 35 36 37 38 39 31 23 16 65 
0 36 35 34 26 18 27 19 11 12 20 28 29 21 22 14 15 7 6 5 4 3 2 10 9 17 25 33 41 42 50 58 59 51 43 44 45 46 54 53 52 60 61 62 55 47 48 40 32 24 23 31 39 38 37 65 
0 36 27 35 34 26 18 19 11 12 20 28 29 21 22 14 15 7 6 5 4 3 2 10 9 17 25 33 41 42 50 58 59 51 43 44 45 46 54 53 52 60 61 62 55 47 48 40 32 24 23 31 39 38 37 65 
0 36 35 27 34 26 18 19 11 12 20 28 29 21 22 14 15 7 6 5 4 3 2 10 9 17 25 33 41 42 50 58 59 51 43 44 45 46 54 53 52 60 61 62 55 47 48 40 32 24 23 31 39 38 37 65 
0 36 35 34 27 26 18 19 11 12 20 28 29 21 22 14 15 7 6 5 4 3 2 10 9 17 25 33 41 42 50 58 59 51 43 44 45 46 54 53 52 60 61 62 55 47 48 40 32 24 23 31 39 38 37 65 
0 28 27 26 18 19 20 12 5 4 3 11 10 17 25 33 34 42 41 49 50 58 59 51 52 53 61 62 54 55 63 64 56 48 47 46 45 44 43 35 36 37 38 39 31 23 16 65 
0 36 35 34 26 18 27 19 11 12 20 28 29 21 13 14 15 7 6 5 4 3 2 10 9 17 25 33 41 42 50 58 59 51 43 44 45 46 54 53 52 60 61 62 55 47 48 40 32 24 23 31 39 38 37 65 
0 36 27 35 34 26 18 19 11 12 20 28 29 21 13 14 15 7 6 5 4 3 2 10 9 17 25 33 41 42 50 58 59 51 43 44 45 46 54 53 52 60 61 62 55 47 48 40 32 24 23 31 39 38 37 65 
0 36 35 27 34 26 18 19 11 12 20 28 29 21 13 14 15 7 6 5 4 3 2 10 9 17 25 33 41 42 50 58 59 51 43 44 45 46 54 53 52 60 61 62 55 47 48 40 32 24 23 31 39 38 37 65 
0 36 35 34 27 26 18 19 11 12 20 28 29 21 13 14 15 7 6 5 4 3 2 10 9 17 25 33 41 42 50 58 59 51 43 44 45 46 54 53 52 60 61 62 55 47 48 40 32 24 23 31 39 38 37 65 
0 36 35 34 27 26 18 19 11 12 20 28 29 21 13 14 15 7 6 5 4 3 2 10 9 17 25 33 41 42 50 58 59 51 43 44 45 46 54 53 61 62 63 64 55 47 48 40 32 23 31 39 38 37 65 
0 36 35 34 26 18 27 28 29 21 20 12 13 14 7 6 5 4 3 11 10 9 17 25 33 41 42 50 58 59 51 43 44 45 46 54 53 52 60 61 62 63 55 47 48 40 32 16 31 39 38 65 
0 36 35 34 27 26 18 10 11 12 20 28 29 21 14 15 7 6 5 4 3 2 1 9 17 25 33 41 42 50 58 59 51 43 44 45 46 54 53 52 60 61 62 63 55 47 48 40 32 23 31 39 38 65 
0 36 44 52 51 43 35 27 34 26 18 10 11 12 20 28 29 21 14 15 7 6 5 4 3 2 1 9 17 25 33 41 49 50 58 59 60 61 62 63 55 47 48 40 32 24 23 31 39 38 54 65 
0 36 44 52 51 43 35 34 26 18 10 11 12 20 28 29 21 14 15 7 6 5 4 3 2 1 9 17 25 33 41 42 50 49 58 59 60 61 62 63 55 47 48 40 32 24 23 31 39 38 46 54 65 
0 36 44 52 51 43 35 42 34 26 18 10 11 12 20 28 29 21 14 15 7 6 5 4 3 2 1 9 17 25 33 41 49 50 58 59 60 61 62 63 55 47 48 40 32 24 23 31 39 38 54 65 
0 36 35 43 44 52 51 42 34 26 18 10 11 12 20 28 29 21 14 15 7 6 5 4 3 2 1 9 17 25 33 41 49 50 58 59 60 61 62 63 55 47 48 40 32 23 31 39 38 37 65 
0 28 27 20 12 11 10 18 26 34 35 43 51 52 53 54 55 47 46 45 44 36 37 38 39 40 48 56 64 63 62 61 60 59 58 50 49 41 33 25 17 9 1 2 3 4 5 6 7 8 16 65 
0 28 27 20 12 11 10 18 26 34 42 43 51 52 53 54 55 47 46 45 44 36 37 38 39 40 48 56 64 63 62 61 60 59 58 50 49 41 33 25 17 9 1 2 3 4 5 6 7 8 16 65 
0 28 36 44 45 46 47 55 54 53 52 51 43 35 34 26 18 10 11 12 20 21 13 14 15 7 6 5 4 3 2 1 9 17 25 33 41 49 58 59 60 61 62 63 64 56 48 40 32 23 31 39 38 65 
0 28 36 44 45 46 47 55 54 53 52 51 43 35 34 26 18 10 11 12 20 21 14 15 16 8 7 6 5 4 3 2 1 9 17 25 33 41 49 50 58 59 60 61 62 63 64 32 38 65 
0 28 36 44 45 46 47 55 54 53 52 51 43 35 34 26 18 10 11 12 20 21 13 14 15 16 8 7 6 5 4 3 2 1 9 17 25 33 41 49 50 58 59 60 61 62 63 64 32 38 65 
0 28 36 44 45 46 47 55 54 53 52 51 43 42 34 26 18 10 11 12 20 21 14 15 16 8 7 6 5 4 3 2 1 9 17 25 33 41 49 50 58 59 60 61 62 63 64 32 38 65 
0 28 36 44 45 46 47 55 54 53 52 51 43 42 34 26 18 10 11 12 20 21 13 14 15 16 8 7 6 5 4 3 2 1 9 17 25 33 41 49 50 58 59 60 61 62 63 64 32 38 65 
0 28 36 44 43 35 27 20 12 11 10 18 26 34 42 50 51 52 53 54 46 47 39 31 32 40 48 56 64 63 62 61 60 59 58 57 49 41 33 25 17 9 1 2 3 4 5 6 7 8 16 21 29 65 
0 36 44 43 35 27 28 20 12 11 10 18 26 34 42 50 51 52 53 54 46 47 39 31 32 40 48 56 64 63 62 61 60 59 58 57 49 41 33 25 17 9 1 2 3 4 5 6 7 8 16 21 29 65 
0 28 36 44 43 35 27 20 12 11 10 18 26 34 42 50 51 52 53 54 55 47 39 31 32 40 48 56 64 63 62 61 60 59 58 57 49 41 33 25 17 9 1 2 3 4 5 6 7 8 16 65 
0 28 36 35 27 19 20 12 11 10 18 26 34 42 50 51 52 53 54 55 47 39 31 23 32 40 48 56 64 63 62 61 60 59 58 57 49 41 33 25 17 9 1 2 3 4 5 6 16 65 
0 28 36 44 45 46 55 54 53 52 51 50 42 34 26 18 10 11 12 13 14 15 16 8 7 6 5 4 3 2 1 9 17 25 33 41 49 57 58 59 60 61 62 63 64 38 65 
0 28 36 44 45 46 47 55 54 53 52 51 43 42 34 26 18 10 11 12 13 14 15 16 8 7 6 5 4 3 2 1 9 17 25 33 41 49 57 58 59 60 61 62 63 64 32 38 65 
0 28 36 44 45 46 47 55 54 53 52 51 50 42 34 26 18 10 11 12 13 14 15 16 8 7 6 5 4 3 2 1 9 17 25 33 41 49 57 58 59 60 61 62 63 64 38 65 
0 28 36 44 45 46 47 55 54 53 52 51 43 35 34 26 18 10 11 12 20 21 13 14 15 7 6 5 4 3 2 1 9 17 25 33 41 49 50 58 59 60 61 62 63 64 56 48 40 32 23 31 39 38 65 
0 28 36 44 45 46 47 55 54 53 52 43 42 34 26 18 10 11 12 13 14 15 16 8 7 6 5 4 3 2 1 9 17 25 33 41 49 57 58 59 60 61 62 63 64 38 65 
0 28 36 37 45 44 51 52 53 54 62 61 60 59 58 50 49 41 33 25 17 18 26 34 42 43 35 27 19 20 21 22 14 13 12 11 10 2 3 4 5 6 7 15 23 31 39 47 48 56 55 46 38 30 29 65 
0 28 36 37 45 44 52 53 62 61 60 59 58 51 50 49 41 33 25 17 18 26 34 42 43 35 27 19 20 21 22 14 13 12 11 10 2 3 4 5 6 7 15 23 31 39 47 48 56 55 54 46 38 30 29 65 
0 28 20 12 13 5 4 3 10 11 19 27 35 43 51 50 42 34 26 18 17 25 33 41 49 57 58 59 60 61 62 53 45 44 36 37 38 46 54 55 56 48 47 39 31 32 24 23 22 21 29 65 
0 28 20 12 13 5 4 3 11 10 18 19 27 35 43 51 50 42 34 26 17 25 33 41 49 57 58 59 60 61 62 53 45 44 36 37 38 46 54 55 56 48 47 39 31 32 24 23 15 22 21 29 65 
0 28 20 12 13 14 15 7 6 5 4 3 11 10 18 19 27 35 43 51 50 42 34 26 17 25 33 41 49 57 58 59 60 61 62 53 45 44 36 37 38 46 54 55 56 48 47 39 31 32 65 
0 36 28 20 12 4 3 2 10 11 19 27 35 43 51 50 42 34 26 18 17 25 33 41 49 57 58 59 60 61 62 53 52 44 45 37 38 46 54 55 56 48 47 39 31 32 24 23 13 29 65 
0 28 20 12 5 4 3 2 10 11 19 27 35 43 51 50 42 34 26 18 17 25 33 41 49 57 58 59 60 61 52 53 45 44 36 37 38 46 54 55 56 48 47 39 31 32 23 29 65 
0 28 20 12 13 5 4 3 2 10 11 19 27 35 43 51 50 42 34 26 18 17 25 33 41 49 57 58 59 60 61 52 53 45 44 36 37 38 46 54 55 56 48 47 39 31 32 23 65 
0 28 20 19 27 35 43 42 34 26 18 17 25 33 41 49 58 50 51 59 60 52 53 61 62 54 46 45 44 36 37 38 39 47 55 56 48 40 32 24 23 15 14 6 5 4 3 10 11 65 
0 28 20 19 27 35 43 42 34 26 18 17 25 33 41 49 50 58 59 51 60 52 53 61 62 54 46 45 44 36 37 38 39 47 55 56 48 40 32 24 23 15 14 6 5 3 10 11 65 
0 28 20 19 27 35 43 42 34 26 18 17 25 33 41 49 50 58 59 60 61 62 54 53 45 44 36 37 46 38 39 47 55 63 64 56 48 40 32 24 23 15 14 7 6 3 10 11 65 
0 28 20 19 27 35 43 42 34 26 18 17 25 33 41 49 50 58 59 60 61 62 54 53 45 44 36 37 46 38 39 47 55 63 64 56 48 40 32 24 23 15 7 6 14 5 4 3 10 11 12 65 
0 28 20 19 27 35 43 42 34 26 18 17 25 33 41 49 57 58 59 60 61 62 54 53 45 44 36 37 46 38 39 47 55 63 64 56 48 40 32 24 23 15 14 7 6 3 11 65 
0 28 20 19 27 35 43 42 34 26 18 17 25 33 41 49 57 58 59 60 61 62 54 53 45 44 36 37 46 38 39 47 55 63 64 56 48 40 32 24 23 15 7 6 14 5 4 3 10 11 65 
0 28 27 26 18 17 25 33 41 34 42 50 49 57 58 59 51 52 60 61 62 54 53 45 44 43 35 36 37 38 39 47 55 56 48 40 32 31 23 14 15 7 6 5 4 3 9 65 
0 28 36 35 43 44 52 51 42 34 26 27 19 18 10 11 12 20 21 13 14 15 23 24 16 8 7 6 5 4 3 2 1 9 17 25 33 41 49 50 58 59 60 61 53 54 46 47 39 38 65 
0 36 44 43 52 53 54 62 61 60 59 58 50 49 41 33 25 17 18 26 34 35 27 19 20 28 29 21 13 12 11 10 9 1 2 3 4 5 6 7 14 15 23 24 32 40 48 56 64 63 55 47 39 38 37 65 
0 28 36 44 43 42 50 51 52 53 54 62 61 60 59 58 57 49 41 33 25 17 18 26 34 35 27 19 20 21 13 12 11 10 2 3 4 5 6 7 14 15 23 24 32 40 48 56 64 63 55 47 39 38 29 65 
0 28 36 44 43 42 50 51 52 53 54 62 61 60 59 58 57 49 41 33 25 17 18 26 34 35 27 19 20 21 13 12 11 10 1 2 3 4 5 6 7 15 23 24 32 40 48 56 64 63 55 47 39 38 29 65 
0 28 36 44 43 42 50 51 52 53 54 62 61 60 59 58 57 49 41 33 25 17 18 26 34 35 27 19 20 21 13 12 11 10 2 3 4 5 6 7 8 15 23 24 32 40 48 56 64 63 55 47 39 38 29 65 
0 28 36 44 43 42 50 51 52 53 54 62 61 60 59 58 57 49 41 33 25 17 18 26 34 27 19 20 21 13 12 11 10 9 1 2 3 4 5 6 14 15 23 24 32 40 48 56 64 63 55 47 39 38 29 65 
0 36 44 43 42 50 51 52 53 54 62 61 60 59 58 57 49 41 33 25 17 18 26 34 27 28 20 21 13 12 11 10 9 1 2 3 4 5 6 7 14 15 23 24 32 40 48 56 64 63 55 47 39 38 37 65 
0 28 20 19 27 35 43 42 34 26 18 17 25 33 41 49 50 58 59 51 52 60 61 62 54 53 45 44 36 37 38 46 55 56 48 47 39 32 31 23 15 7 6 5 4 3 10 11 65 
0 28 20 19 27 35 43 42 34 26 18 17 25 33 41 49 50 58 59 51 52 53 61 62 54 46 45 44 36 37 38 39 47 55 64 56 48 40 32 24 23 15 14 6 3 10 11 65 
0 28 36 44 43 42 50 51 52 53 54 62 61 60 59 58 57 49 41 33 25 17 18 26 34 35 27 20 21 13 12 11 10 9 1 2 3 4 5 6 7 15 23 24 32 40 48 56 64 63 55 47 39 38 29 65 
0 36 37 45 53 61 62 54 55 63 64 56 48 47 46 38 39 40 32 24 16 8 7 6 5 13 14 15 23 31 30 22 21 20 12 11 10 18 26 34 33 41 42 43 51 50 58 59 60 52 44 35 27 65 
0 28 35 27 26 18 10 11 12 20 21 13 14 22 23 15 7 6 5 4 3 2 1 9 17 25 33 34 42 43 51 50 58 59 60 52 44 36 37 45 53 61 62 54 55 63 64 47 65 
0 28 27 35 34 26 18 10 11 12 20 21 22 14 15 23 16 7 6 5 4 3 2 1 9 17 25 33 41 42 43 51 50 58 59 60 52 44 36 37 45 53 61 62 54 46 47 55 65 
0 28 27 35 34 26 18 10 11 12 20 21 13 14 15 23 16 7 6 5 4 3 2 1 9 17 25 33 41 42 43 51 50 58 59 60 52 44 36 37 45 53 61 62 54 46 47 55 65 
0 28 36 35 34 26 27 19 18 10 11 12 20 21 14 15 23 24 16 8 7 6 5 4 3 2 1 9 17 25 33 41 42 43 51 50 58 59 60 52 44 45 53 54 62 63 55 46 47 40 39 38 30 29 65 
0 28 27 36 35 34 26 18 10 11 12 20 21 13 14 15 23 24 16 8 7 6 5 4 3 2 1 9 17 25 33 41 42 43 51 50 58 59 60 52 44 45 53 54 62 63 55 46 47 48 40 39 38 30 29 65 
0 36 28 27 35 34 26 18 10 11 12 20 21 22 14 15 23 24 16 8 7 6 5 4 3 2 1 9 17 25 33 41 42 43 51 50 58 59 60 52 44 45 53 61 62 63 55 54 46 47 40 39 38 29 65 
0 36 28 27 35 34 26 18 10 11 12 20 21 13 14 15 23 24 16 8 7 6 5 4 3 2 1 9 17 25 33 41 42 43 51 50 58 59 60 52 44 45 53 61 62 63 55 54 46 47 40 39 38 29 65 
0 28 36 35 34 26 18 10 11 12 20 21 22 14 15 23 24 16 8 7 6 5 4 3 2 1 9 17 25 33 41 42 43 51 50 58 59 60 52 44 45 53 61 62 63 54 46 47 55 40 39 38 65 
0 28 36 35 34 26 18 10 11 12 20 21 13 14 15 23 24 16 8 7 6 5 4 3 2 1 9 17 25 33 41 42 43 51 50 58 59 60 52 44 45 53 61 62 63 54 46 47 55 40 39 38 65 
0 28 20 21 22 23 15 14 13 12 11 10 18 26 27 34 42 43 35 36 44 52 53 54 55 63 62 61 60 59 58 50 49 41 33 25 17 9 1 2 3 4 5 6 7 8 16 24 32 40 47 39 38 29 65 
0 28 20 21 22 23 15 14 13 12 11 10 18 26 27 35 34 42 43 36 44 52 53 54 55 63 62 61 60 59 58 50 49 41 33 25 17 9 1 2 3 4 5 6 7 8 16 24 32 40 47 39 38 29 65 
0 28 20 21 22 23 15 14 13 12 11 10 18 26 34 42 43 35 36 44 45 53 54 55 64 63 62 61 60 59 58 50 49 41 33 25 17 9 1 2 3 4 5 6 7 8 16 24 32 40 48 47 39 38 65 
0 28 20 21 22 23 15 14 13 12 11 10 18 26 34 42 43 35 36 44 52 53 54 55 64 63 62 61 60 59 58 50 49 41 33 25 17 9 1 2 3 4 5 6 7 8 16 24 32 40 47 39 38 29 65 
0 28 20 21 22 23 15 14 13 12 11 10 18 26 34 27 35 36 44 52 53 54 55 56 64 63 62 61 60 59 58 50 49 41 33 25 17 9 1 2 3 4 5 6 7 8 16 24 32 40 47 39 38 65 
0 28 20 21 22 23 15 14 13 12 11 10 18 26 34 42 35 36 44 52 53 54 55 56 64 63 62 61 60 59 58 50 49 41 33 25 17 9 1 2 3 4 5 6 7 8 16 24 32 40 47 65 
0 36 28 20 21 22 23 15 14 13 12 11 10 18 26 34 42 43 44 52 53 54 55 56 64 63 62 61 60 59 58 57 49 41 33 25 17 9 1 2 3 4 5 6 7 8 16 24 32 40 47 39 38 29 65 
0 28 20 21 22 23 15 14 13 12 11 10 18 26 34 42 35 36 44 52 53 54 55 56 64 63 62 61 60 59 58 57 49 41 33 25 17 9 1 2 3 4 5 6 7 8 16 32 47 65 
0 28 27 20 21 22 23 15 14 13 12 11 10 18 26 34 42 43 44 52 53 54 55 56 64 63 62 61 60 59 58 57 49 41 33 25 17 9 1 2 3 4 5 6 7 8 16 24 32 40 47 39 38 29 65 
0 28 20 21 22 23 15 14 13 12 11 10 18 26 34 42 35 43 44 52 53 54 55 56 64 63 62 61 60 59 58 57 49 41 33 25 17 9 1 2 3 4 5 6 7 8 16 24 32 40 47 39 38 65 
0 36 37 45 53 61 62 54 46 38 39 47 55 63 64 56 48 40 32 24 16 8 7 6 5 4 12 13 14 15 23 31 30 22 21 20 19 11 10 18 26 34 42 43 51 50 58 59 60 44 65 
0 28 27 35 34 26 18 10 11 12 20 21 14 15 23 24 16 7 6 5 4 3 2 1 9 17 25 33 41 42 43 51 50 58 59 60 52 44 36 37 45 53 61 62 54 46 47 55 65 
0 28 20 21 22 23 15 14 13 12 11 10 18 26 34 42 35 43 51 52 53 54 55 56 64 63 62 61 60 59 58 57 49 41 33 25 17 9 1 2 3 4 5 6 7 8 16 32 47 65 
