762
385.0 582.0 
405.0 580.0 
460.0 495.0 
415.0 389.0 
485.0 318.0 
590.0 453.0 
485.0 336.0 
500.0 376.0 
580.0 371.0 
475.0 363.0 
535.0 284.0 
575.0 327.0 
515.0 309.0 
545.0 270.0 
525.0 298.0 
525.0 300.0 
595.0 302.0 
490.0 291.0 
520.0 252.0 
495.0 240.0 
545.0 270.0 
510.0 273.0 
485.0 224.0 
520.0 231.0 
400.0 555.0 
455.0 448.0 
445.0 361.0 
470.0 481.0 
545.0 455.0 
555.0 444.0 
575.0 333.0 
515.0 205.0 
390.0 561.0 
430.0 514.0 
415.0 485.0 
455.0 538.0 
465.0 354.0 
395.0 579.0 
410.0 527.0 
335.0 488.0 
360.0 505.0 
420.0 521.0 
480.0 457.0 
510.0 524.0 
395.0 328.0 
510.0 263.0 
530.0 345.0 
535.0 287.0 
495.0 240.0 
515.0 320.0 
545.0 270.0 
655.0 331.0 
550.0 191.0 
510.0 273.0 
540.0 201.0 
380.0 560.0 
450.0 502.0 
405.0 406.0 
435.0 372.0 
555.0 349.0 
650.0 388.0 
510.0 369.0 
515.0 319.0 
395.0 408.0 
515.0 314.0 
490.0 472.0 
505.0 320.0 
465.0 353.0 
485.0 337.0 
475.0 349.0 
495.0 331.0 
385.0 582.0 
340.0 516.0 
400.0 549.0 
435.0 471.0 
480.0 457.0 
510.0 524.0 
435.0 387.0 
525.0 466.0 
450.0 418.0 
485.0 334.0 
555.0 445.0 
550.0 326.0 
525.0 300.0 
595.0 302.0 
490.0 291.0 
495.0 240.0 
515.0 320.0 
545.0 270.0 
550.0 191.0 
510.0 273.0 
660.0 237.0 
430.0 596.0 
425.0 477.0 
355.0 441.0 
400.0 367.0 
475.0 426.0 
545.0 371.0 
500.0 381.0 
515.0 309.0 
410.0 540.0 
415.0 483.0 
440.0 515.0 
530.0 331.0 
540.0 330.0 
560.0 306.0 
510.0 374.0 
385.0 582.0 
395.0 579.0 
380.0 559.0 
425.0 564.0 
460.0 502.0 
480.0 472.0 
385.0 433.0 
495.0 496.0 
435.0 368.0 
495.0 402.0 
515.0 382.0 
490.0 367.0 
500.0 278.0 
585.0 314.0 
525.0 298.0 
495.0 240.0 
545.0 270.0 
475.0 256.0 
565.0 221.0 
420.0 371.0 
505.0 392.0 
535.0 365.0 
510.0 362.0 
500.0 281.0 
480.0 313.0 
515.0 309.0 
480.0 316.0 
515.0 205.0 
390.0 556.0 
395.0 410.0 
375.0 429.0 
385.0 418.0 
490.0 307.0 
385.0 582.0 
395.0 579.0 
365.0 535.0 
380.0 559.0 
390.0 558.0 
400.0 475.0 
505.0 484.0 
495.0 402.0 
440.0 431.0 
460.0 309.0 
555.0 445.0 
590.0 453.0 
475.0 360.0 
480.0 305.0 
450.0 347.0 
580.0 272.0 
535.0 286.0 
585.0 317.0 
525.0 298.0 
520.0 251.0 
525.0 300.0 
495.0 240.0 
545.0 270.0 
515.0 205.0 
475.0 256.0 
485.0 224.0 
410.0 541.0 
545.0 456.0 
455.0 380.0 
465.0 370.0 
500.0 543.0 
490.0 545.0 
425.0 569.0 
430.0 528.0 
385.0 582.0 
340.0 516.0 
350.0 512.0 
420.0 530.0 
455.0 540.0 
410.0 459.0 
475.0 510.0 
480.0 457.0 
430.0 430.0 
495.0 402.0 
415.0 419.0 
515.0 302.0 
560.0 295.0 
570.0 286.0 
540.0 336.0 
535.0 287.0 
495.0 240.0 
545.0 270.0 
550.0 191.0 
510.0 273.0 
590.0 228.0 
425.0 568.0 
445.0 364.0 
565.0 425.0 
530.0 410.0 
560.0 386.0 
480.0 276.0 
585.0 405.0 
540.0 333.0 
545.0 375.0 
385.0 582.0 
345.0 491.0 
485.0 506.0 
410.0 457.0 
480.0 455.0 
505.0 479.0 
445.0 363.0 
430.0 438.0 
465.0 339.0 
520.0 416.0 
540.0 402.0 
590.0 456.0 
540.0 326.0 
575.0 327.0 
550.0 317.0 
580.0 273.0 
615.0 289.0 
495.0 240.0 
515.0 205.0 
510.0 273.0 
485.0 224.0 
345.0 491.0 
555.0 450.0 
500.0 383.0 
650.0 387.0 
535.0 278.0 
520.0 255.0 
425.0 477.0 
365.0 442.0 
440.0 519.0 
410.0 542.0 
420.0 535.0 
385.0 582.0 
395.0 579.0 
415.0 580.0 
385.0 518.0 
335.0 488.0 
435.0 557.0 
455.0 540.0 
365.0 451.0 
390.0 476.0 
435.0 470.0 
420.0 452.0 
450.0 415.0 
455.0 353.0 
530.0 417.0 
515.0 300.0 
475.0 341.0 
505.0 305.0 
545.0 373.0 
550.0 326.0 
525.0 300.0 
525.0 298.0 
525.0 298.0 
545.0 270.0 
550.0 191.0 
510.0 273.0 
485.0 224.0 
540.0 201.0 
390.0 552.0 
445.0 551.0 
545.0 266.0 
540.0 328.0 
530.0 340.0 
495.0 240.0 
480.0 316.0 
385.0 582.0 
395.0 579.0 
380.0 559.0 
390.0 562.0 
375.0 432.0 
405.0 503.0 
490.0 540.0 
480.0 475.0 
480.0 457.0 
405.0 424.0 
515.0 382.0 
500.0 365.0 
450.0 327.0 
465.0 366.0 
530.0 338.0 
555.0 353.0 
535.0 282.0 
540.0 336.0 
515.0 320.0 
495.0 240.0 
545.0 270.0 
550.0 191.0 
510.0 273.0 
595.0 191.0 
445.0 365.0 
435.0 389.0 
490.0 380.0 
475.0 359.0 
545.0 269.0 
465.0 433.0 
525.0 290.0 
385.0 582.0 
345.0 491.0 
410.0 542.0 
395.0 328.0 
470.0 395.0 
515.0 382.0 
490.0 371.0 
575.0 411.0 
500.0 278.0 
510.0 263.0 
545.0 270.0 
540.0 336.0 
495.0 240.0 
515.0 205.0 
510.0 273.0 
540.0 201.0 
345.0 491.0 
430.0 525.0 
450.0 503.0 
400.0 364.0 
430.0 335.0 
405.0 422.0 
545.0 354.0 
555.0 362.0 
520.0 255.0 
445.0 545.0 
565.0 348.0 
585.0 323.0 
490.0 547.0 
405.0 541.0 
355.0 441.0 
420.0 514.0 
385.0 528.0 
415.0 506.0 
425.0 498.0 
435.0 493.0 
495.0 514.0 
505.0 503.0 
495.0 409.0 
515.0 492.0 
535.0 468.0 
505.0 399.0 
510.0 448.0 
485.0 436.0 
560.0 492.0 
535.0 474.0 
530.0 430.0 
555.0 450.0 
530.0 430.0 
450.0 345.0 
460.0 332.0 
550.0 310.0 
535.0 286.0 
570.0 289.0 
600.0 354.0 
575.0 334.0 
515.0 319.0 
560.0 304.0 
630.0 315.0 
670.0 364.0 
625.0 269.0 
635.0 257.0 
650.0 281.0 
660.0 268.0 
475.0 256.0 
490.0 171.0 
540.0 201.0 
435.0 478.0 
505.0 417.0 
515.0 406.0 
350.0 521.0 
440.0 594.0 
360.0 514.0 
405.0 499.0 
375.0 535.0 
435.0 564.0 
415.0 493.0 
440.0 508.0 
395.0 523.0 
440.0 508.0 
480.0 572.0 
460.0 499.0 
445.0 472.0 
425.0 494.0 
435.0 488.0 
450.0 430.0 
460.0 421.0 
470.0 411.0 
430.0 354.0 
440.0 344.0 
530.0 433.0 
545.0 470.0 
555.0 460.0 
525.0 402.0 
535.0 391.0 
580.0 384.0 
590.0 366.0 
630.0 415.0 
555.0 359.0 
580.0 276.0 
485.0 251.0 
555.0 263.0 
680.0 349.0 
505.0 216.0 
540.0 333.0 
560.0 304.0 
365.0 514.0 
390.0 561.0 
400.0 555.0 
375.0 435.0 
410.0 545.0 
375.0 435.0 
405.0 496.0 
455.0 539.0 
470.0 570.0 
415.0 485.0 
450.0 500.0 
410.0 442.0 
480.0 563.0 
450.0 514.0 
475.0 530.0 
485.0 525.0 
475.0 443.0 
395.0 348.0 
440.0 344.0 
505.0 399.0 
525.0 483.0 
510.0 454.0 
495.0 427.0 
495.0 427.0 
520.0 359.0 
505.0 328.0 
605.0 304.0 
670.0 364.0 
570.0 289.0 
635.0 254.0 
690.0 333.0 
635.0 254.0 
700.0 317.0 
540.0 432.0 
495.0 331.0 
480.0 313.0 
515.0 316.0 
530.0 348.0 
515.0 310.0 
405.0 574.0 
315.0 503.0 
385.0 504.0 
365.0 530.0 
370.0 479.0 
360.0 514.0 
405.0 499.0 
415.0 493.0 
410.0 460.0 
470.0 487.0 
475.0 530.0 
480.0 482.0 
485.0 525.0 
465.0 455.0 
475.0 443.0 
500.0 454.0 
480.0 381.0 
415.0 418.0 
475.0 445.0 
450.0 430.0 
495.0 428.0 
490.0 390.0 
525.0 397.0 
540.0 427.0 
480.0 407.0 
480.0 407.0 
515.0 411.0 
495.0 335.0 
495.0 335.0 
535.0 287.0 
520.0 359.0 
530.0 345.0 
540.0 330.0 
535.0 284.0 
560.0 304.0 
540.0 330.0 
605.0 304.0 
640.0 300.0 
635.0 254.0 
680.0 349.0 
625.0 270.0 
645.0 242.0 
700.0 317.0 
670.0 253.0 
510.0 248.0 
520.0 231.0 
390.0 475.0 
460.0 499.0 
445.0 472.0 
540.0 329.0 
670.0 364.0 
360.0 563.0 
355.0 532.0 
315.0 504.0 
320.0 449.0 
325.0 498.0 
330.0 447.0 
375.0 535.0 
385.0 530.0 
430.0 515.0 
395.0 522.0 
405.0 518.0 
480.0 572.0 
450.0 503.0 
460.0 494.0 
425.0 499.0 
460.0 497.0 
435.0 493.0 
445.0 471.0 
515.0 493.0 
505.0 503.0 
450.0 422.0 
440.0 440.0 
445.0 382.0 
475.0 347.0 
460.0 422.0 
490.0 387.0 
500.0 387.0 
500.0 387.0 
565.0 354.0 
570.0 287.0 
570.0 289.0 
620.0 325.0 
575.0 218.0 
670.0 253.0 
490.0 398.0 
535.0 388.0 
670.0 361.0 
610.0 340.0 
530.0 343.0 
360.0 563.0 
355.0 532.0 
345.0 449.0 
360.0 480.0 
400.0 534.0 
375.0 510.0 
355.0 541.0 
365.0 540.0 
375.0 535.0 
330.0 447.0 
375.0 535.0 
375.0 535.0 
430.0 515.0 
385.0 530.0 
385.0 530.0 
440.0 508.0 
395.0 523.0 
405.0 518.0 
460.0 494.0 
425.0 500.0 
435.0 493.0 
465.0 443.0 
485.0 521.0 
445.0 472.0 
455.0 462.0 
455.0 462.0 
505.0 502.0 
515.0 495.0 
550.0 502.0 
550.0 502.0 
485.0 439.0 
485.0 338.0 
545.0 466.0 
580.0 473.0 
515.0 408.0 
535.0 284.0 
620.0 430.0 
580.0 381.0 
555.0 362.0 
595.0 314.0 
620.0 326.0 
560.0 304.0 
630.0 315.0 
690.0 327.0 
700.0 317.0 
495.0 429.0 
515.0 307.0 
525.0 296.0 
680.0 348.0 
525.0 295.0 
350.0 503.0 
380.0 559.0 
340.0 518.0 
430.0 595.0 
430.0 595.0 
415.0 576.0 
410.0 527.0 
345.0 491.0 
350.0 517.0 
375.0 534.0 
415.0 493.0 
440.0 508.0 
440.0 508.0 
480.0 572.0 
405.0 518.0 
480.0 572.0 
460.0 499.0 
460.0 494.0 
445.0 472.0 
435.0 486.0 
455.0 470.0 
530.0 525.0 
490.0 375.0 
440.0 344.0 
520.0 445.0 
440.0 344.0 
495.0 326.0 
535.0 377.0 
550.0 418.0 
600.0 224.0 
510.0 248.0 
520.0 231.0 
500.0 553.0 
515.0 491.0 
525.0 300.0 
535.0 284.0 
575.0 337.0 
535.0 284.0 
495.0 220.0 
515.0 320.0 
510.0 248.0 
495.0 202.0 
530.0 338.0 
540.0 336.0 
410.0 527.0 
405.0 499.0 
375.0 535.0 
330.0 447.0 
415.0 494.0 
375.0 535.0 
415.0 493.0 
385.0 530.0 
450.0 504.0 
440.0 508.0 
395.0 523.0 
440.0 508.0 
440.0 508.0 
470.0 577.0 
395.0 523.0 
440.0 508.0 
460.0 499.0 
480.0 572.0 
405.0 518.0 
445.0 472.0 
425.0 500.0 
480.0 474.0 
455.0 470.0 
530.0 525.0 
475.0 445.0 
545.0 459.0 
560.0 490.0 
440.0 340.0 
485.0 434.0 
570.0 483.0 
555.0 457.0 
515.0 408.0 
525.0 394.0 
505.0 328.0 
515.0 317.0 
620.0 325.0 
495.0 222.0 
605.0 284.0 
575.0 211.0 
665.0 303.0 
635.0 237.0 
350.0 521.0 
485.0 425.0 
505.0 419.0 
525.0 400.0 
480.0 314.0 
500.0 281.0 
420.0 600.0 
430.0 599.0 
430.0 599.0 
325.0 502.0 
375.0 534.0 
415.0 493.0 
450.0 504.0 
440.0 508.0 
470.0 577.0 
440.0 508.0 
470.0 577.0 
465.0 543.0 
460.0 494.0 
355.0 391.0 
435.0 493.0 
475.0 443.0 
475.0 431.0 
445.0 383.0 
515.0 403.0 
530.0 435.0 
535.0 382.0 
555.0 359.0 
550.0 313.0 
530.0 347.0 
515.0 313.0 
525.0 300.0 
520.0 251.0 
495.0 240.0 
515.0 182.0 
550.0 191.0 
670.0 253.0 
460.0 499.0 
445.0 383.0 
555.0 364.0 
545.0 371.0 
530.0 341.0 
460.0 403.0 
600.0 452.0 
355.0 547.0 
365.0 540.0 
415.0 576.0 
415.0 576.0 
415.0 576.0 
375.0 535.0 
330.0 447.0 
375.0 535.0 
375.0 535.0 
435.0 564.0 
385.0 530.0 
385.0 530.0 
415.0 493.0 
440.0 508.0 
480.0 572.0 
460.0 499.0 
415.0 509.0 
445.0 472.0 
425.0 499.0 
435.0 484.0 
475.0 439.0 
455.0 466.0 
430.0 354.0 
440.0 344.0 
450.0 332.0 
495.0 427.0 
535.0 476.0 
530.0 438.0 
505.0 319.0 
535.0 286.0 
535.0 281.0 
520.0 356.0 
505.0 328.0 
520.0 359.0 
565.0 239.0 
485.0 248.0 
490.0 297.0 
495.0 240.0 
505.0 205.0 
575.0 211.0 
525.0 280.0 
535.0 266.0 
510.0 248.0 
520.0 231.0 
505.0 509.0 
505.0 332.0 
515.0 308.0 

0 28 36 37 38 30 39 47 46 54 53 45 44 43 34 35 27 19 18 10 11 20 21 29 65 
0 28 36 37 46 38 39 47 55 54 53 44 43 42 34 35 27 19 18 10 11 20 21 29 65 
0 36 44 43 35 34 26 18 27 28 29 21 20 12 4 5 6 14 15 23 31 32 38 65 
0 28 36 44 45 38 46 54 53 61 60 59 58 50 42 35 27 26 18 11 65 
0 36 35 43 44 53 61 60 59 58 50 42 34 33 25 17 18 11 13 21 65 
0 28 36 44 43 42 34 33 25 17 18 10 2 3 4 12 5 6 7 15 14 13 20 21 29 65 
0 28 36 44 52 53 61 62 54 46 47 48 40 32 24 15 14 7 6 21 65 
0 28 36 44 45 53 61 62 54 55 48 40 39 31 23 15 7 6 5 4 29 65 
0 36 44 45 53 54 55 63 62 61 60 59 58 57 49 41 33 25 17 18 27 28 29 65 
0 28 36 44 52 53 61 62 54 55 47 48 40 32 24 15 7 6 21 29 65 
0 28 36 44 52 53 54 62 61 60 59 58 57 49 41 33 25 17 18 11 65 
0 28 36 44 52 60 61 62 53 54 55 63 64 56 48 40 32 24 23 7 14 21 65 
0 28 36 44 52 53 61 62 54 55 63 64 56 48 40 32 24 16 7 29 65 
0 36 44 52 53 61 62 54 55 63 64 56 48 40 32 24 16 7 6 29 65 
0 28 36 44 52 53 61 62 63 64 56 48 39 40 32 24 16 7 6 29 65 
0 36 44 52 53 54 62 61 60 59 58 57 49 41 33 25 17 9 28 29 65 
0 28 36 44 53 60 61 62 54 55 63 64 56 48 40 32 24 16 7 6 13 21 65 
0 28 36 44 52 53 61 62 63 64 56 48 40 39 32 24 16 7 29 65 
0 36 44 52 53 61 54 62 63 64 56 48 40 32 24 16 7 6 29 65 
0 28 36 44 53 54 62 61 60 59 58 57 49 41 33 25 17 9 65 
0 36 44 52 53 61 62 54 55 63 64 56 48 40 32 24 16 7 6 29 65 
0 36 44 53 54 62 61 60 59 58 57 49 41 33 25 17 9 21 29 65 
0 28 27 18 17 25 33 41 49 57 58 59 60 61 62 48 30 29 65 
0 28 20 12 11 10 9 17 25 33 41 49 57 58 59 60 61 39 38 65 
0 28 36 45 46 38 39 47 55 54 53 44 43 42 34 35 27 26 18 11 20 21 29 65 
0 28 36 44 45 46 54 53 61 60 59 58 50 42 34 35 27 26 18 11 20 21 65 
0 28 36 44 45 53 61 60 51 50 49 41 42 33 34 35 27 26 18 11 65 
0 28 36 43 44 45 53 61 60 51 50 49 41 33 34 35 27 26 18 11 20 21 29 65 
0 28 36 44 43 42 34 26 17 18 10 2 3 11 4 5 6 7 15 14 13 20 21 29 65 
0 28 36 44 43 42 34 26 17 18 10 1 2 3 4 5 6 7 15 14 13 20 21 29 65 
0 28 36 44 52 53 54 61 62 63 64 56 48 40 32 24 16 8 7 6 21 29 65 
0 36 44 52 53 54 62 61 60 59 58 57 49 41 33 25 17 9 65 
0 28 36 37 46 38 39 47 55 54 53 44 43 42 34 35 27 26 18 11 20 21 29 65 
0 28 36 45 46 39 47 55 54 53 52 44 43 42 34 35 27 26 18 10 11 20 21 65 
0 28 36 37 38 39 47 55 54 53 44 43 35 34 33 25 26 27 18 11 20 21 65 
0 28 36 45 46 47 55 54 53 52 44 43 35 34 33 25 26 27 18 10 11 20 21 29 65 
0 28 36 44 53 54 62 61 60 59 51 50 41 33 34 35 27 26 18 11 65 
0 36 37 38 46 47 55 54 53 45 44 43 42 34 35 27 28 19 18 10 11 20 21 29 65 
0 28 36 37 46 38 39 47 55 54 53 52 44 43 35 34 26 27 18 10 11 20 21 65 
0 36 35 44 43 42 34 26 18 10 11 12 13 21 20 28 29 38 39 37 65 
0 36 35 44 43 42 34 26 18 10 11 12 13 21 20 28 29 38 46 54 45 65 
0 28 27 36 37 38 46 54 53 52 44 43 42 35 34 33 25 17 18 11 20 21 29 65 
0 28 36 44 45 53 60 51 50 49 41 33 34 42 43 35 27 26 18 10 11 20 21 65 
0 28 36 44 45 53 60 51 43 42 50 49 41 33 34 35 27 26 18 10 11 12 20 21 29 65 
0 28 36 44 52 53 61 60 59 58 50 42 33 34 43 35 27 26 65 
0 28 36 44 52 53 61 62 54 55 48 40 32 24 16 8 7 6 4 65 
0 28 36 44 52 53 60 61 62 54 55 48 40 32 24 16 8 7 6 21 29 65 
0 28 36 44 53 54 62 61 60 59 58 57 49 41 33 25 17 9 11 20 65 
0 28 36 44 53 54 62 61 60 59 58 57 49 41 33 25 17 9 65 
0 36 44 53 54 62 61 60 59 58 57 49 41 33 25 17 9 20 28 29 65 
0 36 44 52 53 61 62 54 55 63 64 56 48 40 32 24 16 7 6 29 65 
0 36 44 52 60 61 62 63 64 56 48 40 32 24 16 8 7 6 5 4 12 20 28 29 65 
0 28 20 12 4 3 2 1 9 17 25 33 41 49 57 59 60 54 52 65 
0 36 44 53 54 62 61 60 59 58 57 49 41 33 25 17 9 21 29 65 
0 28 20 12 4 3 2 1 9 17 25 33 41 49 57 59 60 39 38 65 
0 36 37 38 46 47 55 54 53 45 44 43 42 34 35 28 27 26 18 11 20 21 29 65 
0 28 36 45 46 47 55 54 53 52 44 43 42 35 34 33 25 17 18 11 20 21 29 65 
0 28 36 37 38 39 47 55 54 53 44 43 42 35 34 33 25 17 18 11 65 
0 28 36 44 45 53 60 59 58 50 42 41 33 34 43 35 27 26 18 11 65 
0 36 44 45 53 54 55 62 61 60 59 58 57 49 41 33 34 26 18 11 20 21 65 
0 36 44 45 53 60 61 62 54 55 56 48 40 32 24 16 8 7 6 5 4 12 20 28 29 65 
0 28 36 44 53 61 62 54 55 63 64 56 48 47 39 31 23 15 7 6 29 65 
0 28 36 44 53 54 62 61 60 59 58 57 49 41 33 25 17 9 21 29 65 
0 28 36 37 38 46 47 55 54 53 44 43 42 35 34 33 25 17 18 11 65 
0 28 36 44 53 54 55 62 61 60 59 58 57 49 41 33 34 26 18 11 65 
0 28 36 44 45 53 54 62 61 60 59 50 41 33 34 35 27 26 18 11 20 21 29 65 
0 28 36 44 53 54 62 61 60 59 58 57 49 41 33 34 27 26 18 11 65 
0 28 36 44 52 53 54 62 61 60 59 50 41 33 34 35 27 26 18 11 65 
0 28 36 44 45 53 54 62 61 60 59 58 49 41 33 34 27 26 18 11 65 
0 28 36 44 53 54 62 61 60 59 58 50 41 33 34 35 27 26 18 11 65 
0 28 36 44 53 54 62 61 60 59 58 50 49 41 33 34 27 26 18 11 65 
0 28 36 37 38 30 39 47 46 54 53 45 44 43 34 35 27 19 18 10 11 20 21 29 65 
0 36 28 29 30 23 15 14 21 20 12 11 10 18 26 27 35 43 44 45 37 65 
0 28 36 37 38 39 47 55 54 53 52 44 35 43 42 34 27 26 18 11 20 21 29 65 
0 28 20 12 11 10 18 26 27 35 36 44 45 54 46 47 39 40 32 23 14 21 65 
0 28 36 44 45 53 60 51 50 49 41 33 34 42 43 35 27 26 18 10 11 20 21 65 
0 28 36 44 45 53 60 51 43 42 50 49 41 33 34 35 27 26 18 10 11 12 20 21 29 65 
0 28 36 44 52 53 61 60 59 58 50 42 43 35 27 34 25 17 18 29 65 
0 36 44 43 35 34 26 27 28 20 12 11 10 1 2 3 4 5 6 7 14 13 21 29 65 
0 36 44 52 53 54 46 38 39 40 32 24 23 14 15 7 6 13 21 28 29 65 
0 36 44 52 53 62 54 46 38 39 40 32 24 23 15 7 6 5 4 29 65 
0 36 44 45 53 54 55 63 62 61 60 59 58 57 49 41 33 34 35 27 28 20 21 29 65 
0 28 36 44 53 54 62 61 60 59 58 57 49 41 33 25 17 18 11 4 29 65 
0 36 44 52 53 54 62 61 60 59 58 57 49 41 33 25 17 9 28 29 65 
0 28 36 44 53 60 61 62 54 55 63 64 56 48 40 32 24 16 7 6 13 21 65 
0 28 36 44 52 53 61 62 63 64 56 48 40 39 32 24 16 7 29 65 
0 28 36 44 53 54 62 61 60 59 58 57 49 41 33 25 17 9 65 
0 36 44 53 54 62 61 60 59 58 57 49 41 33 25 17 9 20 28 29 65 
0 36 44 52 53 61 62 54 55 63 64 56 48 40 32 24 16 7 6 29 65 
0 28 20 12 4 3 2 1 9 17 25 33 41 49 57 59 60 54 52 65 
0 36 44 53 54 62 61 60 59 58 57 49 41 33 25 17 9 21 29 65 
0 28 27 26 25 33 41 49 57 58 59 60 61 62 63 64 56 48 40 32 16 22 29 65 
0 36 37 38 46 47 55 54 53 45 44 43 42 34 35 27 26 18 10 11 12 21 20 28 29 65 
0 28 36 45 46 39 47 55 54 53 61 60 52 44 43 35 27 26 18 11 20 21 65 
0 28 36 37 46 38 39 47 55 54 53 52 51 44 43 35 27 26 18 11 65 
0 28 36 44 45 53 61 60 59 58 50 42 33 34 43 35 27 26 21 65 
0 28 36 44 45 53 61 60 59 58 50 43 42 41 33 34 35 27 18 11 20 21 65 
0 28 36 44 45 53 61 62 54 55 47 48 40 39 32 24 16 15 6 5 4 29 65 
0 28 36 44 52 53 61 62 54 55 47 48 40 39 32 24 16 15 6 21 29 65 
0 28 36 44 52 53 61 62 54 55 63 64 56 48 40 32 24 16 7 29 65 
0 28 36 45 46 38 39 47 55 54 53 60 52 44 43 35 27 26 18 11 20 21 29 65 
0 28 36 37 46 39 47 55 54 53 61 60 52 44 43 35 27 26 18 11 20 21 65 
0 28 36 45 46 39 47 55 54 62 61 60 52 44 43 35 27 26 18 11 20 21 29 65 
0 28 36 44 45 53 61 62 54 55 47 39 40 32 24 16 15 6 5 4 11 65 
0 28 36 44 52 53 61 62 54 55 64 56 48 40 32 24 16 15 6 4 29 65 
0 36 44 52 53 61 62 54 55 56 48 39 40 32 24 16 15 7 6 4 29 65 
0 28 36 44 52 53 61 62 54 55 48 39 40 32 24 16 15 7 6 21 29 65 
0 28 36 37 38 30 39 47 46 54 53 45 44 43 34 35 27 19 18 10 11 20 21 29 65 
0 36 37 38 46 47 55 54 53 45 44 43 42 34 35 27 28 19 18 10 11 20 21 29 65 
0 36 37 38 39 47 55 54 53 45 44 43 35 34 26 27 28 19 18 11 20 21 29 65 
0 28 36 37 38 46 47 55 54 62 61 53 45 44 43 34 35 27 18 10 11 20 21 29 65 
0 36 44 43 42 34 26 18 10 11 20 28 29 21 12 13 14 15 23 24 32 39 38 65 
0 36 44 43 35 34 26 18 10 11 12 4 5 6 7 15 23 31 39 30 21 28 29 65 
0 28 36 44 43 35 27 26 18 10 11 12 20 21 13 14 6 15 32 38 65 
0 28 36 44 53 52 43 51 59 58 50 49 41 42 34 35 27 26 18 10 11 20 21 29 65 
0 28 36 44 53 52 43 51 59 58 50 42 41 33 34 35 27 26 18 11 65 
0 28 36 44 43 35 27 26 25 17 18 10 11 4 5 6 7 15 23 14 13 21 65 
0 28 36 44 43 35 27 26 34 33 25 17 9 10 11 12 4 5 6 7 14 21 65 
0 28 36 44 43 35 34 26 18 17 9 10 3 4 5 6 7 15 14 13 21 65 
0 28 36 44 52 53 61 62 54 55 48 40 32 24 16 15 7 6 4 65 
0 28 36 44 52 60 61 62 53 54 55 63 64 56 48 40 32 24 16 6 14 21 65 
0 28 36 44 52 53 61 54 62 63 64 56 48 40 32 24 16 7 6 29 65 
0 28 36 44 53 54 62 61 60 59 58 57 49 41 33 25 17 9 65 
0 36 44 52 53 61 62 54 55 63 64 56 48 40 32 24 16 7 6 29 65 
0 36 44 52 53 61 60 59 58 57 49 41 33 25 17 9 21 29 65 
0 28 20 12 4 3 2 10 9 17 25 33 41 49 57 58 59 60 39 38 65 
0 36 28 29 21 20 12 13 14 15 7 6 5 4 11 18 17 26 34 65 
0 28 36 44 43 35 27 26 34 33 25 17 18 11 4 5 6 7 15 14 13 21 65 
0 28 36 44 43 42 34 33 25 18 17 9 10 11 4 5 6 7 15 14 13 21 65 
0 28 36 44 52 53 54 62 61 60 59 50 42 34 33 25 17 18 11 4 29 65 
0 28 36 44 52 53 54 62 61 60 59 58 49 41 33 25 17 18 11 65 
0 28 36 44 52 53 54 62 61 60 59 58 49 41 33 34 25 17 29 65 
0 28 36 44 45 53 54 62 61 60 59 58 49 41 33 34 25 17 18 11 65 
0 28 36 44 53 54 62 61 60 59 58 49 41 33 25 17 9 21 29 65 
0 36 44 52 53 54 62 61 60 59 58 57 49 41 33 25 17 9 65 
0 28 36 37 38 39 47 48 55 54 46 45 44 43 35 34 26 27 18 11 20 21 29 65 
0 28 36 37 38 39 47 48 56 55 62 54 45 44 43 35 34 26 18 11 65 
0 28 36 37 38 39 47 48 55 62 54 46 45 44 43 35 34 26 18 11 65 
0 28 36 37 38 39 40 48 55 62 54 46 45 44 43 35 34 26 18 11 65 
0 28 36 44 53 54 62 61 60 59 58 49 41 33 25 17 18 4 29 65 
0 28 36 37 38 30 39 47 46 54 53 45 44 43 34 35 27 19 18 10 11 20 21 29 65 
0 36 37 38 46 47 55 54 53 45 44 43 42 34 35 27 28 19 18 10 11 20 21 29 65 
0 28 36 44 43 35 34 26 27 19 18 10 11 12 20 21 29 38 46 47 54 45 65 
0 36 37 38 39 47 55 54 53 45 44 43 35 34 26 27 28 19 18 11 20 21 29 65 
0 28 36 37 38 39 47 55 54 53 45 44 35 43 42 34 27 26 18 11 20 21 29 65 
0 28 36 35 34 43 44 45 53 54 46 38 39 32 24 23 15 14 6 21 29 65 
0 36 45 46 54 62 61 53 52 44 43 35 34 33 25 17 18 10 11 12 13 21 28 29 65 
0 28 36 44 43 35 27 26 25 17 18 10 11 4 5 6 7 15 23 14 13 21 65 
0 28 36 35 44 45 46 54 55 56 48 40 39 31 23 14 15 7 6 21 29 65 
0 36 28 27 35 43 44 52 53 61 60 59 58 49 41 33 25 17 18 65 
0 36 44 45 53 54 55 63 62 61 60 59 58 57 49 41 33 34 35 27 28 20 21 29 65 
0 28 36 44 43 42 34 33 25 17 18 10 2 3 4 12 5 6 7 15 14 13 20 21 29 65 
0 28 36 44 45 53 61 54 55 56 48 40 39 32 24 16 7 6 21 29 65 
0 28 36 44 52 53 61 62 54 55 48 39 40 32 24 16 7 6 21 65 
0 28 36 44 52 53 61 62 54 55 48 40 39 32 24 16 7 21 29 65 
0 36 44 52 53 61 62 63 64 56 48 40 32 24 16 15 14 6 5 4 29 65 
0 36 44 52 53 61 62 54 55 63 64 56 48 40 32 24 15 7 6 29 65 
0 28 36 44 52 60 61 62 54 55 63 64 56 48 40 39 32 24 16 6 14 21 65 
0 28 36 44 52 53 61 62 63 64 56 48 39 40 32 24 16 7 6 29 65 
0 28 36 44 52 53 54 62 61 60 59 58 57 49 41 33 25 17 9 65 
0 36 44 52 53 54 62 61 60 59 58 57 49 41 33 25 17 9 28 29 65 
0 28 36 44 53 54 62 61 60 59 58 57 49 41 33 25 17 9 65 
0 36 44 52 53 61 62 54 55 63 64 56 48 40 32 24 16 7 6 29 65 
0 36 44 52 53 54 62 61 60 59 58 57 49 41 33 25 17 9 65 
0 36 44 52 53 61 60 59 58 57 49 41 33 25 17 9 21 29 65 
0 28 27 18 17 25 33 41 49 57 58 59 60 61 62 48 30 29 65 
0 28 36 37 38 39 47 55 54 61 53 45 44 43 35 42 34 26 18 11 20 21 29 65 
0 36 44 43 51 52 53 54 55 47 39 40 32 24 23 15 14 6 5 4 12 20 28 29 65 
0 28 36 44 45 53 61 54 55 47 39 40 32 23 24 16 7 6 21 29 65 
0 28 36 44 45 53 61 54 55 47 39 48 40 32 24 16 7 6 21 29 65 
0 28 20 21 13 12 11 10 18 26 34 42 43 36 44 45 53 61 62 54 55 47 39 38 29 65 
0 28 36 37 46 54 55 63 62 61 53 52 44 43 35 42 34 26 18 10 11 12 20 21 29 65 
0 28 36 37 38 39 47 55 54 61 53 45 44 43 42 34 35 27 18 10 11 20 21 29 65 
0 28 36 37 38 39 47 55 54 62 61 53 44 35 43 42 34 26 18 11 20 21 29 65 
0 28 36 37 38 30 39 47 46 54 53 45 44 43 34 35 27 19 18 10 11 20 21 29 65 
0 36 28 29 30 23 15 14 21 20 12 11 10 18 26 27 35 43 44 45 37 65 
0 36 44 43 42 34 35 27 26 18 10 11 12 13 21 20 28 29 38 39 37 65 
0 36 27 20 28 29 21 13 12 11 10 18 26 34 42 43 44 45 53 62 54 46 38 65 
0 28 27 36 37 38 39 47 55 54 53 45 44 35 34 33 25 17 18 10 11 20 21 29 65 
0 28 36 35 44 43 34 26 18 10 11 12 20 21 13 14 15 23 32 39 38 65 
0 36 37 38 46 54 53 61 60 52 44 43 35 27 28 20 12 4 5 6 7 14 21 29 65 
0 28 36 44 45 53 60 51 50 49 41 33 34 42 43 35 27 26 18 10 11 20 21 65 
0 36 28 27 35 43 44 52 53 54 46 47 48 40 39 31 23 15 6 4 29 65 
0 28 36 44 43 35 27 26 25 17 18 10 11 4 5 6 7 15 23 14 13 21 65 
0 28 36 44 45 53 54 46 38 39 32 24 23 14 15 16 7 6 21 29 65 
0 36 44 52 53 54 62 63 64 56 48 40 39 31 23 16 15 7 6 29 65 
0 28 36 44 45 53 61 62 54 55 48 40 32 24 16 8 7 6 5 4 11 65 
0 36 44 52 53 61 62 55 56 48 40 32 24 16 8 7 15 14 6 4 29 65 
0 36 44 53 54 62 61 60 59 58 57 49 41 33 25 17 9 11 20 28 29 65 
0 28 36 44 53 54 62 61 60 59 58 57 49 41 33 25 17 9 11 20 65 
0 28 36 44 53 54 62 61 60 59 58 57 49 41 33 25 17 9 65 
0 36 44 52 53 61 62 54 55 63 64 56 48 40 32 24 16 7 6 29 65 
0 28 20 12 4 3 2 1 9 17 25 33 41 49 57 59 60 54 52 65 
0 36 44 53 54 62 61 60 59 58 57 49 41 33 25 17 9 21 29 65 
0 36 44 43 42 50 49 41 33 25 17 9 1 2 3 4 5 6 7 16 30 65 
0 28 27 36 37 38 39 47 55 54 53 45 44 43 35 34 26 17 18 10 11 20 21 29 65 
0 36 28 27 35 43 44 52 53 61 60 59 58 50 42 41 34 26 18 11 65 
0 28 36 44 43 42 34 26 33 25 17 18 10 11 12 4 5 6 7 15 14 13 20 21 65 
0 28 36 45 44 43 35 34 33 25 17 18 10 11 12 4 5 6 7 15 14 13 21 65 
0 28 36 44 43 42 41 34 33 25 17 18 10 11 12 4 5 6 7 15 14 13 21 65 
0 28 20 21 12 11 10 18 17 25 33 41 49 57 59 60 61 54 37 65 
0 36 44 45 53 54 62 61 60 59 58 50 49 41 33 25 17 10 18 26 27 28 20 21 65 
0 36 44 52 53 54 62 61 60 59 58 57 49 41 33 25 17 18 11 28 29 65 
0 36 44 52 53 54 62 61 60 59 58 50 49 41 33 25 17 18 11 20 28 29 65 
0 28 36 37 38 30 39 47 46 54 53 45 44 43 34 35 27 19 18 10 11 20 21 29 65 
0 36 28 27 35 44 43 42 34 26 18 10 11 12 20 21 29 38 39 47 65 
0 36 44 43 42 34 26 27 28 29 21 20 12 5 6 14 15 23 24 32 40 39 38 37 65 
0 36 28 29 21 13 12 11 10 18 17 25 33 34 35 43 44 45 53 54 38 65 
0 28 36 44 45 53 60 51 50 42 43 35 27 26 34 33 25 17 18 10 11 20 21 65 
0 36 45 46 54 53 52 44 43 35 34 33 25 17 18 10 2 3 11 12 13 21 28 29 65 
0 28 36 44 52 53 60 59 58 50 41 33 34 42 43 35 27 26 18 11 65 
0 28 36 44 45 53 54 55 47 48 40 39 38 30 23 15 14 7 6 21 29 65 
0 28 36 44 53 52 51 50 59 58 57 49 41 33 34 35 27 26 18 11 65 
0 36 44 43 35 34 33 25 17 9 10 18 27 28 20 12 4 5 6 7 14 22 21 65 
0 36 44 45 53 54 62 61 60 59 58 57 49 41 33 34 35 27 28 20 12 13 21 65 
0 36 44 43 42 50 49 41 33 34 26 18 10 2 3 4 5 6 7 15 14 21 20 28 29 65 
0 28 36 44 52 53 61 54 55 56 48 40 32 24 16 8 7 6 14 4 29 65 
0 28 36 44 52 60 61 62 53 54 55 63 64 56 48 40 32 24 23 7 14 21 65 
0 28 36 44 51 60 61 53 54 55 56 48 40 32 24 16 8 7 6 4 29 65 
0 36 44 52 53 61 62 63 64 55 56 48 40 32 24 16 15 7 6 4 29 65 
0 28 36 44 53 60 61 62 63 64 56 48 40 32 24 16 8 7 6 5 4 29 65 
0 28 36 44 53 54 62 61 60 59 58 57 49 41 33 25 17 9 65 
0 36 44 52 53 54 62 61 60 59 58 57 49 41 33 25 17 9 65 
0 36 44 53 54 62 61 60 59 58 57 49 41 33 25 17 9 21 29 65 
0 28 27 18 17 25 33 41 49 57 58 59 60 61 62 48 30 29 65 
0 36 28 27 35 44 43 42 34 26 18 10 11 12 20 21 29 38 39 47 65 
0 36 44 43 42 50 49 41 33 34 26 18 10 11 12 4 5 6 7 15 14 21 28 29 65 
0 28 36 44 45 53 61 62 54 55 56 48 40 39 32 24 15 7 6 21 29 65 
0 36 44 45 53 54 61 62 63 64 56 48 40 32 24 16 15 7 6 5 4 12 20 28 29 65 
0 36 44 53 61 62 54 55 63 64 56 48 47 39 31 23 15 7 6 4 65 
0 36 44 53 54 62 61 60 59 58 57 49 41 33 25 17 9 20 21 65 
0 28 36 37 38 39 47 55 54 53 44 43 35 27 34 33 25 17 18 11 20 21 65 
0 28 36 44 45 46 38 39 47 55 54 53 52 43 35 27 34 26 18 11 65 
0 28 36 45 46 38 39 47 55 54 53 44 43 35 34 33 25 17 18 11 20 21 29 65 
0 28 36 37 38 39 47 55 54 61 53 52 44 43 35 34 26 27 18 11 20 21 29 65 
0 28 36 45 46 38 39 47 55 54 61 53 52 44 43 35 34 26 18 11 20 21 29 65 
0 28 36 37 38 30 39 47 46 54 53 45 44 43 34 35 27 19 18 10 11 20 21 29 65 
0 36 37 38 46 47 55 54 53 45 44 43 42 34 35 27 28 19 18 10 11 20 21 29 65 
0 28 36 37 38 39 47 55 54 53 45 44 43 42 34 35 27 18 10 11 12 20 21 29 65 
0 36 28 20 12 11 10 18 27 35 43 44 53 54 46 38 39 31 23 14 22 29 65 
0 36 35 44 43 42 34 26 18 10 11 12 13 21 20 28 29 38 39 37 65 
0 28 36 37 46 38 39 47 55 54 62 61 53 52 44 43 35 27 18 10 11 20 21 29 65 
0 28 27 36 37 38 39 47 55 54 53 45 44 35 34 33 25 17 18 10 11 20 21 29 65 
0 28 36 44 45 46 39 47 54 53 52 51 43 35 27 26 18 10 4 29 65 
0 28 20 12 11 10 18 17 25 33 34 35 43 44 36 37 38 39 31 21 29 65 
0 28 27 18 26 34 42 43 44 36 37 38 39 40 32 24 23 15 14 6 21 29 65 
0 28 36 35 34 43 44 52 53 54 46 47 39 31 23 16 15 7 6 21 29 65 
0 28 36 44 43 35 27 26 18 10 11 4 5 6 7 16 15 23 14 13 29 65 
0 36 44 45 53 61 60 59 58 50 42 34 35 28 27 26 25 17 18 11 65 
0 36 44 43 35 34 33 25 17 9 10 18 26 27 28 20 12 4 5 6 7 14 21 65 
0 36 44 45 53 54 62 61 60 59 58 57 49 41 33 34 26 18 11 21 65 
0 28 36 44 52 53 61 62 54 46 38 39 40 32 24 16 7 14 6 21 65 
0 36 35 43 44 53 61 60 59 58 57 49 41 33 25 17 18 11 13 29 65 
0 36 44 45 53 54 62 61 60 59 58 57 49 41 33 25 17 18 11 20 28 29 65 
0 28 36 44 53 54 62 61 60 59 58 57 49 41 33 25 17 18 11 4 29 65 
0 36 44 52 53 54 62 61 60 59 58 57 49 41 33 25 17 9 28 29 65 
0 28 36 44 52 53 61 54 62 63 64 56 48 40 32 24 16 7 6 29 65 
0 28 36 44 52 53 61 62 63 64 56 48 39 40 32 24 16 7 6 29 65 
0 36 44 52 53 61 62 54 55 63 64 56 48 40 32 24 16 7 6 29 65 
0 28 20 12 4 3 2 1 9 17 25 33 41 49 57 59 60 54 52 65 
0 36 44 53 54 62 61 60 59 58 57 49 41 33 25 17 9 21 29 65 
0 28 27 18 17 25 33 41 49 57 58 59 60 61 62 48 30 29 65 
0 28 20 12 4 3 2 1 9 17 25 33 41 49 57 59 60 39 38 65 
0 28 36 37 38 39 47 55 62 54 53 45 44 43 34 35 27 19 18 11 20 21 29 65 
0 28 36 45 46 38 39 47 55 54 62 61 53 52 44 43 35 27 18 10 11 20 21 29 65 
0 36 44 53 54 62 61 60 59 58 57 49 41 33 25 17 18 11 13 21 65 
0 28 36 44 52 53 54 62 63 64 56 48 40 32 24 23 15 7 6 4 29 65 
0 28 36 44 52 53 61 62 63 64 56 48 40 32 24 23 15 7 6 21 29 65 
0 28 36 44 53 54 62 61 60 59 58 57 49 41 33 25 17 9 65 
0 28 36 44 53 54 62 61 60 59 58 49 41 33 25 17 9 21 29 65 
0 28 36 37 38 30 39 47 46 54 53 45 44 43 34 35 27 19 18 10 11 20 21 29 65 
0 36 37 38 46 47 55 54 53 45 44 43 42 34 35 27 28 19 18 10 11 20 21 29 65 
0 28 19 27 36 37 38 39 47 55 54 53 45 44 43 35 34 26 18 11 20 21 29 65 
0 28 36 37 38 39 47 55 54 53 45 44 43 35 27 34 26 18 10 11 20 21 29 65 
0 28 36 37 38 39 48 47 55 54 53 52 44 43 34 35 27 26 18 11 65 
0 28 36 35 27 26 34 42 43 44 52 53 54 46 47 39 31 23 15 14 21 29 65 
0 36 44 45 46 54 53 52 51 50 42 34 35 27 26 25 17 18 10 11 12 20 21 29 28 65 
0 36 35 43 44 53 54 46 38 39 47 55 56 48 40 32 24 23 15 14 21 28 29 65 
0 28 36 44 45 53 60 51 50 49 41 33 34 42 43 35 27 26 18 10 11 20 21 65 
0 28 27 35 36 44 52 53 54 46 38 39 32 24 16 15 7 6 21 29 65 
0 28 36 44 43 35 27 26 34 33 25 17 9 10 11 12 4 5 6 7 14 21 65 
0 28 36 44 52 60 61 62 53 54 55 63 64 56 48 39 31 23 14 13 29 65 
0 28 36 44 52 53 61 62 54 46 38 39 32 24 16 15 7 6 11 65 
0 28 36 44 52 60 61 62 53 54 55 63 64 56 48 47 39 31 21 29 65 
0 28 36 44 45 53 54 62 61 60 59 58 57 49 41 33 25 17 18 20 21 65 
0 28 36 44 52 53 61 62 63 64 55 56 48 47 39 40 32 24 23 7 14 29 65 
0 36 44 52 53 54 55 63 64 56 48 39 40 32 24 16 8 7 6 29 65 
0 36 44 53 54 62 61 60 59 58 57 49 41 33 25 17 9 11 20 28 29 65 
0 36 44 53 54 62 61 60 59 58 57 49 41 33 25 17 9 20 28 29 65 
0 28 36 44 53 54 62 61 60 59 58 57 49 41 33 25 17 9 65 
0 36 44 52 53 61 62 54 55 63 64 56 48 40 32 24 16 7 6 29 65 
0 28 20 12 4 3 2 1 9 17 25 33 41 49 57 59 60 54 52 65 
0 36 44 53 54 62 61 60 59 58 57 49 41 33 25 17 9 21 29 65 
0 36 44 52 51 59 58 57 49 41 33 25 17 9 2 3 4 5 6 7 65 
0 28 36 44 45 53 61 60 59 58 49 41 42 34 43 35 27 26 18 11 65 
0 28 36 44 52 53 61 60 59 58 49 41 42 34 43 35 27 26 18 29 65 
0 28 36 44 45 53 61 62 54 46 38 39 32 24 16 15 7 6 5 4 29 65 
0 28 36 44 45 53 61 62 54 46 39 32 24 16 15 7 6 5 4 29 65 
0 36 44 52 53 61 62 63 55 56 48 40 39 32 24 16 8 7 6 29 65 
0 28 36 44 45 53 61 60 59 50 41 33 34 42 43 35 27 26 18 11 20 21 65 
0 36 44 52 53 61 62 54 63 55 47 39 40 32 24 16 8 7 6 28 65 
0 28 36 37 38 30 39 47 46 54 53 45 44 43 34 35 27 19 18 10 11 20 21 29 65 
0 36 28 27 35 44 43 42 34 26 18 10 11 12 20 21 29 38 39 47 65 
0 28 36 37 46 38 39 47 55 54 62 61 53 44 43 35 27 26 18 11 20 21 29 65 
0 28 36 44 52 53 61 60 59 58 50 42 33 34 43 35 27 26 65 
0 28 36 35 44 45 46 54 55 56 48 40 39 31 23 15 7 6 5 4 29 65 
0 28 36 44 43 35 27 26 34 33 25 17 9 10 11 12 4 5 6 7 14 21 65 
0 28 36 44 43 35 34 26 18 17 9 1 2 10 11 12 4 5 6 14 21 65 
0 36 44 45 53 61 60 59 58 50 49 41 33 34 35 27 28 20 12 4 5 6 14 21 65 
0 28 36 44 52 53 61 62 54 55 48 40 32 24 16 15 7 6 4 65 
0 28 36 44 52 53 61 62 54 55 48 40 32 24 16 8 7 6 4 65 
0 36 44 52 53 61 62 54 55 63 64 56 48 40 32 24 16 7 6 29 65 
0 36 44 53 54 62 61 60 59 58 57 49 41 33 25 17 9 11 20 28 29 65 
0 28 36 44 53 54 62 61 60 59 58 57 49 41 33 25 17 9 65 
0 36 44 52 53 54 62 61 60 59 58 57 49 41 33 25 17 9 65 
0 36 44 53 54 62 61 60 59 58 57 49 41 33 25 17 9 21 29 65 
0 28 20 12 4 3 2 1 9 17 25 33 41 49 57 59 60 39 38 65 
0 36 28 27 35 44 43 42 34 26 18 10 11 12 20 21 29 38 39 47 65 
0 28 36 37 38 39 47 55 54 62 61 53 44 43 35 27 26 17 18 11 20 21 29 65 
0 28 36 45 46 47 55 54 62 61 53 44 43 35 27 26 18 17 9 11 20 21 29 65 
0 28 36 44 45 46 39 47 54 53 52 51 50 42 34 26 18 17 9 65 
0 28 36 44 51 52 53 60 59 58 50 42 41 33 34 35 27 26 18 65 
0 36 28 27 35 43 44 52 53 54 55 47 39 31 23 15 7 6 4 29 65 
0 28 36 44 43 35 34 33 25 17 9 1 2 10 11 12 4 5 6 7 14 21 65 
0 28 36 44 52 53 54 55 56 48 39 40 32 24 16 15 7 6 14 5 4 29 65 
0 36 44 53 54 62 61 60 59 58 57 49 41 33 25 17 9 20 21 65 
0 28 36 37 38 46 47 55 54 62 61 53 44 43 35 27 26 17 18 10 11 20 21 29 65 
0 28 36 44 45 53 61 62 54 55 48 40 32 24 16 15 8 7 6 5 4 29 65 
0 28 36 44 52 53 61 62 54 55 56 48 40 32 24 16 8 7 6 5 4 29 65 
0 28 36 45 46 47 55 54 62 61 53 52 44 43 35 27 26 17 18 10 11 12 20 21 29 65 
0 28 20 21 22 23 15 14 13 12 11 18 19 27 36 35 43 44 45 53 54 46 38 37 65 
0 28 36 44 37 46 38 39 47 55 54 53 52 51 43 35 27 26 18 11 65 
0 36 28 20 12 11 10 18 19 27 35 43 44 45 46 54 55 47 39 31 23 14 21 65 
0 36 28 20 12 11 10 18 26 27 35 43 44 45 46 54 55 47 39 31 21 29 65 
0 28 20 12 11 10 18 26 27 35 36 44 45 53 62 54 55 47 39 31 21 29 65 
0 28 20 12 11 10 18 26 27 35 36 44 53 61 62 54 46 47 39 31 21 29 65 
0 28 20 12 11 10 18 26 27 35 36 44 53 61 62 54 55 47 39 31 21 29 65 
0 28 20 12 11 10 18 26 27 36 44 52 60 61 53 54 55 47 39 31 23 14 21 29 65 
0 28 20 12 11 10 18 26 27 36 44 52 60 61 62 54 55 47 39 31 23 14 21 29 65 
0 28 27 35 36 44 43 42 41 33 34 26 18 10 11 12 4 5 6 7 14 21 65 
0 28 36 44 43 42 50 51 60 61 53 54 55 47 39 31 23 15 7 6 12 20 21 29 65 
0 28 27 35 36 44 43 42 34 33 25 17 18 10 11 12 4 5 6 7 15 14 21 29 65 
0 28 36 44 43 35 27 26 34 33 25 17 18 10 11 12 4 5 6 7 14 21 65 
0 36 44 43 35 27 26 34 33 25 17 18 10 11 12 4 5 6 7 14 21 28 29 65 
0 28 36 44 43 42 50 58 59 60 53 54 55 47 39 31 23 15 7 6 21 29 65 
0 28 36 44 43 42 50 59 60 61 53 54 55 47 39 31 23 15 7 6 5 12 20 21 29 65 
0 28 36 44 43 42 50 58 59 60 61 53 54 47 39 31 23 15 7 6 12 20 21 29 65 
0 36 44 43 35 34 42 41 33 25 17 18 10 11 12 4 5 6 7 14 21 28 29 65 
0 36 44 43 42 50 49 41 33 34 26 18 10 11 12 4 5 6 7 15 14 21 28 29 65 
0 28 36 44 43 42 50 49 41 33 34 26 18 10 11 12 4 5 6 7 14 21 29 65 
0 28 36 44 52 53 54 62 61 60 59 58 50 41 33 34 26 18 29 65 
0 28 36 44 52 53 54 62 61 60 59 58 50 49 41 33 26 18 29 65 
0 28 36 44 52 53 54 55 63 62 61 60 59 58 50 41 33 25 17 18 11 65 
0 28 36 44 52 53 54 55 63 62 61 60 59 58 49 41 33 25 17 18 65 
0 28 36 44 52 53 54 55 63 62 61 60 59 58 57 49 41 33 25 17 18 65 
0 28 36 44 45 53 60 61 62 54 55 56 48 40 32 24 16 15 7 6 5 4 29 65 
0 28 36 44 52 53 54 61 62 63 55 56 48 40 32 24 16 15 7 6 4 29 65 
0 28 36 44 53 54 62 61 60 59 58 57 49 41 33 25 17 9 21 29 65 
0 28 36 44 52 53 60 61 62 63 64 56 48 40 32 24 16 15 7 6 29 65 
0 28 36 44 53 52 60 61 62 63 64 56 48 40 32 24 16 15 7 6 5 4 29 65 
0 36 44 53 52 60 61 62 63 64 56 48 40 32 24 16 15 7 6 5 4 12 20 28 29 65 
0 36 44 52 53 60 61 62 63 64 56 48 40 32 24 16 15 7 6 5 4 29 65 
0 36 44 51 59 60 61 62 63 64 56 48 40 32 24 16 15 7 6 5 4 29 65 
0 36 44 43 51 59 60 61 62 63 64 56 48 40 32 24 16 15 7 6 5 4 29 65 
0 36 44 52 51 59 60 61 62 63 64 56 48 40 32 24 16 15 7 6 5 4 29 65 
0 36 44 52 53 61 60 59 58 57 49 41 33 25 17 9 21 29 65 
0 28 20 12 11 3 2 1 9 17 25 33 41 49 57 59 60 65 
0 28 20 12 4 3 2 1 9 17 25 33 41 49 57 59 60 39 38 65 
0 28 36 44 43 42 34 26 18 10 11 12 20 21 14 15 23 31 39 47 54 38 65 
0 28 36 44 51 50 58 59 60 61 53 54 55 47 39 31 23 15 7 6 21 29 65 
0 28 36 44 51 50 58 59 60 61 62 54 55 47 39 31 23 15 7 6 21 29 65 
0 36 28 20 12 11 10 18 27 35 43 44 45 53 54 46 38 39 31 21 29 65 
0 28 20 21 12 11 10 18 26 27 36 35 34 42 43 44 45 53 54 55 47 39 38 37 29 65 
0 36 28 20 12 11 10 18 27 35 43 44 45 46 54 55 47 39 31 21 29 65 
0 36 28 20 12 11 10 18 26 27 35 43 44 45 53 54 46 39 31 23 14 21 65 
0 36 28 20 12 11 10 18 26 27 35 43 44 45 53 54 46 38 39 31 21 29 65 
0 36 28 20 12 11 10 18 26 34 35 43 44 45 53 54 46 38 39 31 23 14 21 29 65 
0 36 44 45 53 54 46 38 39 31 23 15 14 21 20 12 11 18 26 34 35 28 65 
0 36 28 20 12 11 10 18 26 27 35 43 44 45 53 54 55 47 39 31 23 14 21 65 
0 28 20 12 11 10 18 26 27 35 36 43 44 45 53 54 55 47 39 31 21 29 65 
0 28 20 12 11 10 18 26 27 35 43 36 44 45 53 54 55 47 39 31 23 14 21 65 
0 36 28 20 12 11 10 18 26 34 35 43 44 45 53 54 55 47 39 31 23 15 14 21 29 65 
0 36 44 45 53 54 55 47 39 31 23 15 14 21 20 12 11 10 18 26 34 35 28 65 
0 36 44 52 53 54 55 47 39 31 23 15 14 21 20 12 11 18 26 34 35 28 65 
0 28 20 12 11 3 2 10 18 27 35 36 44 45 53 54 55 47 39 31 21 29 65 
0 28 20 12 11 3 2 10 18 26 27 35 36 44 53 54 55 47 39 31 21 29 65 
0 28 36 44 45 53 54 55 47 39 31 23 15 14 6 5 4 12 11 18 29 65 
0 28 36 44 52 53 54 55 47 39 31 23 15 14 6 5 4 12 11 18 29 65 
0 28 36 44 52 53 54 55 47 39 31 23 15 7 6 5 4 12 11 18 29 65 
0 28 36 44 52 53 54 55 47 39 31 23 15 14 6 5 4 18 11 65 
0 28 36 44 52 53 54 55 47 39 31 23 15 7 6 5 4 18 11 65 
0 28 36 44 43 51 59 60 61 53 54 46 47 39 32 24 23 15 7 6 5 21 29 65 
0 28 36 44 43 51 59 60 61 53 54 55 47 39 32 24 23 15 7 6 12 20 21 29 65 
0 28 36 44 45 53 61 62 54 55 56 48 47 39 32 24 23 15 7 6 12 20 21 29 65 
0 28 36 44 52 53 61 62 54 55 56 48 47 39 32 24 23 15 7 6 21 29 65 
0 28 36 44 52 53 61 62 54 55 56 48 40 39 32 24 23 15 7 6 21 29 65 
0 28 36 44 52 53 60 61 62 54 55 56 48 40 32 24 23 15 7 6 5 21 29 65 
0 28 36 44 52 53 60 61 62 63 55 56 48 40 32 24 23 15 7 6 5 21 29 65 
0 28 36 44 53 52 60 61 62 63 55 56 48 40 32 24 23 15 7 6 5 12 20 21 29 65 
0 28 36 44 52 53 54 55 62 63 64 56 48 40 32 24 16 15 7 6 21 29 65 
0 36 44 52 53 61 62 54 55 64 56 48 40 32 24 16 8 7 6 4 29 65 
0 28 36 44 53 54 62 61 60 59 58 50 49 41 33 25 17 9 65 
0 36 44 53 54 62 61 60 59 58 50 49 41 33 25 17 9 2 4 29 65 
0 36 44 53 52 60 61 62 63 64 56 48 40 32 24 16 8 7 6 5 4 12 20 28 29 65 
0 36 44 52 53 54 62 61 60 59 58 50 49 41 33 25 17 9 65 
0 28 36 44 52 53 61 62 54 55 64 56 48 40 32 24 16 15 7 6 29 65 
0 36 44 52 53 61 62 54 55 64 56 48 40 32 24 23 15 7 6 4 29 65 
0 28 27 35 36 37 38 30 39 47 46 54 53 45 44 43 34 26 18 11 20 21 65 
0 28 27 35 36 37 46 38 39 47 55 54 53 44 43 42 34 26 18 11 20 21 29 65 
0 28 27 35 36 45 46 38 39 47 55 54 53 44 43 42 34 26 18 11 20 21 29 65 
0 28 27 35 36 37 38 39 47 55 62 54 53 44 43 42 34 26 18 11 65 
0 28 27 35 36 37 38 39 47 48 55 54 53 44 43 42 34 26 18 11 20 21 29 65 
0 28 27 35 36 37 38 39 47 55 54 62 53 44 43 42 34 26 18 11 65 
0 28 27 35 36 37 38 39 47 55 54 61 53 44 43 42 34 26 18 11 20 21 65 
0 36 37 38 39 47 55 54 62 61 53 45 44 43 35 34 26 18 10 11 12 21 28 29 65 
0 28 20 21 12 11 10 18 26 34 35 27 36 44 45 53 61 62 54 55 47 39 38 37 29 65 
0 37 38 39 47 55 54 62 61 53 45 44 36 28 27 35 34 26 18 11 20 21 65 
0 36 44 45 53 61 62 54 55 47 39 38 37 29 21 20 12 11 10 18 26 34 35 65 
0 28 27 35 36 37 38 39 47 55 54 62 61 53 44 43 42 34 26 18 11 65 
0 28 27 35 36 45 46 47 55 54 62 61 53 44 43 42 34 26 18 10 11 12 20 21 29 65 
0 36 44 43 51 52 53 54 55 47 39 31 23 15 14 21 20 12 11 18 26 28 29 65 
0 36 44 45 53 61 62 54 46 47 39 31 23 15 14 21 20 12 11 18 26 27 28 29 65 
0 36 44 45 53 61 62 54 55 47 39 31 23 15 14 21 20 12 11 18 26 27 28 29 65 
0 36 44 52 53 61 62 54 55 47 39 31 23 15 14 21 20 12 11 18 26 28 65 
0 28 36 44 52 53 61 54 55 47 39 31 23 15 14 6 12 11 65 
0 28 36 44 52 53 61 62 54 47 39 31 23 15 14 6 5 12 11 65 
0 28 36 44 43 50 58 59 60 61 62 53 54 55 47 39 31 23 15 14 13 21 65 
0 28 36 44 43 42 50 58 59 60 61 53 54 46 39 31 23 15 7 6 12 20 21 29 65 
0 28 36 44 45 46 47 55 54 62 61 60 59 58 49 41 34 26 18 11 20 21 29 65 
0 28 36 44 43 51 59 60 61 53 54 62 55 47 39 31 23 15 7 6 21 29 65 
0 28 36 44 43 51 59 60 61 53 54 55 48 47 39 31 23 15 7 6 21 29 65 
0 28 36 44 52 53 54 62 63 64 56 48 39 32 24 16 15 7 6 21 29 65 
0 28 36 44 53 54 62 55 63 64 56 48 40 32 24 16 7 6 21 29 65 
0 28 36 44 53 60 61 62 63 64 56 48 40 32 24 16 15 7 6 5 4 29 65 
0 36 44 53 52 60 61 62 63 64 56 48 40 32 24 16 15 7 6 5 4 12 20 28 29 65 
0 28 36 44 52 53 60 61 62 63 64 56 48 40 32 24 16 8 7 6 29 65 
0 36 44 52 53 60 61 62 63 64 56 48 40 32 24 16 8 7 6 5 4 29 65 
0 36 44 53 52 60 61 62 63 64 56 48 40 32 24 16 8 7 6 5 4 12 20 21 29 65 
0 36 44 52 53 60 61 62 63 64 56 48 40 32 24 16 8 7 6 5 4 29 65 
0 28 20 12 11 3 4 5 6 7 15 16 24 32 40 48 56 64 63 62 61 60 52 44 36 65 
0 28 36 44 53 54 55 63 62 61 60 59 58 49 41 42 34 26 18 11 20 21 29 65 
0 28 36 44 45 53 54 55 62 61 60 59 58 49 41 33 34 26 18 11 65 
0 28 36 44 52 53 54 62 61 60 59 58 49 41 33 34 25 17 29 65 
0 28 36 44 52 53 54 62 61 60 59 58 57 49 41 33 34 25 17 29 65 
0 28 36 44 53 54 62 55 63 64 56 48 40 32 24 16 15 7 6 21 29 65 
0 28 36 44 52 53 54 62 61 60 59 58 49 41 33 34 26 17 18 11 65 
0 36 28 20 12 11 10 18 19 27 35 43 44 45 53 54 46 38 30 23 15 14 21 29 65 
0 36 44 43 35 34 26 18 10 11 12 20 27 28 21 29 30 38 39 37 65 
0 36 28 20 12 11 10 18 26 27 35 43 44 45 53 54 46 38 30 23 14 21 65 
0 28 20 27 35 36 37 38 46 47 55 54 53 45 44 43 42 34 26 18 11 29 65 
0 28 20 27 35 36 37 38 39 47 55 54 53 45 44 43 42 34 26 18 11 65 
0 36 28 20 12 11 10 18 27 35 43 44 45 46 54 55 47 39 31 21 29 65 
0 36 28 20 12 11 10 18 26 27 35 43 44 45 53 54 46 39 31 23 14 21 65 
0 36 44 45 53 54 46 38 39 31 23 15 14 21 20 12 11 18 26 34 35 28 65 
0 36 44 52 53 54 46 38 39 31 23 15 14 21 20 12 11 18 26 34 28 65 
0 36 44 45 53 54 46 47 39 31 23 15 14 6 5 12 11 10 18 26 27 28 29 65 
0 36 44 45 53 61 62 54 46 47 39 31 23 15 14 21 20 12 11 18 26 27 28 29 65 
0 36 44 45 53 54 55 47 39 31 23 15 14 6 5 12 11 10 18 26 27 28 29 65 
0 36 44 45 53 61 62 54 55 47 39 31 23 15 14 21 20 12 11 18 26 27 28 29 65 
0 36 44 52 53 54 55 47 39 31 23 15 14 6 5 12 11 18 26 27 28 29 65 
0 36 44 52 53 61 62 54 55 47 39 31 23 15 14 21 20 12 11 18 26 28 65 
0 28 27 35 36 44 53 54 62 61 60 59 58 50 43 42 34 26 18 10 11 20 21 65 
0 28 36 44 45 46 39 47 55 54 62 61 60 59 58 50 42 34 26 18 11 65 
0 28 36 35 43 44 52 53 61 54 55 47 39 40 32 24 23 14 21 29 65 
0 28 36 35 43 44 52 60 53 54 55 47 39 40 32 24 23 15 14 6 21 29 65 
0 28 36 35 43 44 53 61 54 62 63 55 47 39 31 23 15 7 6 21 29 65 
0 28 36 35 44 52 60 61 53 54 55 47 39 40 32 24 23 15 14 6 21 29 65 
0 28 36 44 45 53 61 62 54 55 47 48 40 39 32 23 15 14 6 4 29 65 
0 28 36 44 45 53 60 61 62 54 55 47 39 40 32 23 15 14 6 5 4 29 65 
0 28 36 44 45 53 60 61 62 54 55 47 39 40 32 24 23 15 14 6 5 21 29 65 
0 28 36 44 52 53 61 62 54 55 47 48 40 39 32 23 15 14 6 21 29 65 
0 28 36 44 52 53 60 61 62 54 55 47 39 40 32 23 15 14 6 21 29 65 
0 28 36 44 52 53 60 61 62 54 55 47 39 40 32 24 23 15 14 6 21 29 65 
0 28 36 44 52 53 61 62 54 55 47 48 39 40 32 24 15 7 6 21 65 
0 28 36 44 52 53 61 62 54 55 47 48 40 39 32 24 15 7 6 21 65 
0 28 36 44 53 54 62 61 60 59 58 57 49 41 33 25 17 26 18 11 65 
0 28 36 44 52 53 61 62 54 55 64 56 48 40 32 24 15 7 6 21 29 65 
0 28 36 44 52 53 61 62 63 64 56 48 39 32 24 16 15 7 6 21 29 65 
0 28 36 44 52 53 61 62 63 55 56 48 40 39 32 24 16 15 7 6 29 65 
0 36 44 52 53 61 62 63 55 56 48 40 39 32 24 16 15 7 6 29 65 
0 28 36 44 53 52 60 61 62 63 64 56 48 40 32 24 15 7 6 4 29 65 
0 28 36 44 52 53 60 61 62 63 64 56 48 40 32 24 15 7 6 21 29 65 
0 28 36 44 53 60 61 62 63 64 56 48 40 32 24 16 15 7 6 5 4 29 65 
0 28 36 44 53 52 60 61 62 63 64 56 48 40 32 24 16 8 7 6 5 4 29 65 
0 36 44 52 53 60 61 62 63 64 56 48 40 32 24 16 8 7 6 5 4 29 65 
0 36 44 53 52 60 61 62 63 64 56 48 40 32 24 16 8 7 6 5 4 12 20 28 29 65 
0 36 44 51 59 60 61 62 63 64 56 48 40 32 24 23 15 7 6 5 4 29 65 
0 36 44 51 59 60 61 62 63 64 56 48 40 32 24 16 8 7 6 5 4 29 65 
0 28 20 12 11 3 4 5 6 7 15 16 24 32 40 48 56 64 63 62 61 60 52 44 36 65 
0 36 44 52 51 59 60 61 62 63 64 56 48 40 32 24 16 8 7 6 5 4 29 65 
0 28 20 12 11 10 18 17 25 33 41 49 57 58 59 60 61 39 38 65 
0 28 20 12 11 10 9 17 25 33 41 49 57 58 59 60 61 39 38 65 
0 28 36 44 43 35 34 26 18 10 11 12 20 21 14 15 23 31 39 46 45 65 
0 36 44 45 53 54 55 47 39 31 23 15 14 21 20 12 11 10 18 26 34 35 28 65 
0 36 44 52 53 54 55 47 39 31 23 15 14 21 20 12 11 18 26 34 35 28 65 
0 36 44 52 53 61 62 54 55 47 39 40 32 24 23 15 7 6 5 4 29 65 
0 36 44 53 52 60 61 62 63 64 56 48 40 32 24 16 15 7 6 5 4 12 20 28 29 65 
0 28 20 12 11 10 18 19 27 35 43 44 36 37 45 53 54 46 38 30 14 21 29 65 
0 28 20 12 11 10 18 26 27 35 43 44 36 37 45 53 54 46 38 30 14 29 65 
0 28 20 12 11 10 18 26 27 35 43 44 36 37 45 54 46 38 39 29 65 
0 28 20 12 11 10 18 26 27 35 44 36 37 45 53 54 46 38 39 65 
0 28 20 12 11 10 18 26 27 35 36 44 37 45 53 54 46 38 39 29 65 
0 28 20 12 11 10 18 26 27 35 36 43 44 45 53 54 46 38 39 65 
0 36 28 20 12 11 10 18 26 27 35 43 44 45 53 54 46 38 39 31 21 29 65 
0 28 20 12 11 10 18 26 34 27 35 36 44 45 53 54 46 38 39 31 21 29 65 
0 28 20 12 11 10 18 26 34 35 27 36 44 45 53 54 46 38 39 31 23 14 21 65 
0 28 20 12 11 10 18 26 27 35 36 44 45 53 54 55 47 46 39 31 21 29 65 
0 28 20 12 11 10 18 26 34 27 35 36 44 45 53 54 55 47 39 31 21 29 65 
0 28 20 12 11 10 18 26 34 35 27 36 44 45 53 54 55 47 39 31 23 15 14 21 29 65 
0 28 20 12 11 10 18 26 27 34 35 36 44 45 53 54 55 47 39 31 23 14 21 65 
0 28 20 12 11 10 18 26 34 35 27 36 44 52 53 54 55 47 39 31 23 14 21 65 
0 28 20 12 11 10 18 26 34 35 36 44 45 53 61 62 54 46 39 31 21 29 65 
0 28 20 12 11 10 18 27 35 36 44 45 53 54 55 47 39 31 23 15 7 14 21 65 
0 28 20 12 11 10 18 26 27 35 36 44 53 61 62 54 55 47 39 31 21 29 65 
0 28 20 12 11 10 18 26 27 35 36 44 53 54 55 47 39 31 23 7 14 21 65 
0 28 20 12 11 10 18 26 34 35 36 44 53 54 55 47 39 31 23 15 7 6 14 21 65 
0 28 20 12 11 10 18 26 27 36 44 52 60 61 62 54 55 47 39 31 23 14 21 29 65 
0 28 36 35 43 44 52 60 61 53 54 62 55 47 39 31 23 15 14 4 29 65 
0 28 36 44 45 53 61 62 54 55 47 46 38 39 32 23 15 7 6 21 29 65 
0 28 36 44 52 53 61 62 54 55 47 46 38 39 32 23 15 7 6 21 65 
0 28 36 44 43 51 60 61 53 62 54 55 47 39 31 23 15 7 6 4 65 
0 28 36 44 43 51 60 61 53 54 55 48 47 39 31 23 15 7 6 21 29 65 
0 28 36 44 43 51 59 60 61 53 54 55 48 39 31 23 15 7 6 4 29 65 
0 28 36 44 52 60 61 53 54 55 56 48 40 39 32 23 15 7 6 21 29 65 
0 28 36 44 52 53 61 62 54 55 56 48 40 39 32 23 15 7 6 21 29 65 
0 28 36 44 52 53 60 61 62 54 55 56 48 40 32 23 15 7 6 5 4 29 65 
0 28 36 44 52 53 54 63 62 61 60 59 58 57 49 41 33 25 17 18 11 65 
0 28 36 44 52 53 54 55 63 62 61 60 59 58 57 49 41 33 25 17 18 65 
0 28 36 44 52 51 59 60 61 62 54 55 56 48 40 32 24 16 8 7 6 5 29 65 
0 28 20 12 4 3 2 10 9 17 25 33 41 49 50 58 59 60 61 54 65 
0 36 44 52 51 59 60 61 62 63 64 56 48 40 32 24 16 8 7 6 5 4 29 65 
0 28 36 44 52 53 60 61 62 54 55 47 39 32 24 23 15 7 6 21 29 65 
0 28 36 44 45 53 60 61 62 54 55 47 39 32 24 23 15 7 6 5 4 29 65 
0 36 44 53 52 60 61 62 63 55 56 48 40 32 24 16 8 7 6 5 4 12 20 28 29 65 
0 28 36 44 52 53 60 61 62 63 55 56 48 40 32 24 23 15 7 6 5 4 29 65 
0 28 36 44 52 53 61 54 62 63 55 56 48 40 32 24 23 15 7 6 29 65 
0 28 20 12 11 10 18 19 27 35 43 44 36 37 45 53 54 46 38 30 14 21 29 65 
0 28 20 12 11 10 18 26 27 35 43 44 36 37 45 53 54 46 38 30 14 29 65 
0 28 19 27 35 36 37 38 39 47 55 54 53 45 44 43 34 26 18 11 65 
0 28 20 19 27 35 36 37 38 39 47 55 54 53 45 44 43 34 26 18 11 65 
0 36 37 38 39 47 55 54 53 45 44 43 35 34 26 18 10 11 12 19 27 28 29 65 
0 28 20 19 27 36 37 38 39 47 55 54 53 45 44 43 35 34 26 18 11 21 65 
0 28 20 12 11 10 18 19 27 35 43 44 36 37 45 53 54 46 39 31 21 29 65 
0 28 20 12 11 10 18 26 27 35 43 44 36 37 45 53 54 46 39 31 21 29 65 
0 36 28 20 12 11 10 18 26 27 35 43 44 45 53 54 46 38 39 31 21 29 65 
0 28 20 12 11 10 18 26 27 35 36 43 44 45 53 54 46 38 39 65 
0 28 20 12 11 10 18 26 27 36 35 43 44 45 53 54 46 38 39 31 21 29 65 
0 28 20 12 11 10 18 26 27 35 43 36 44 45 53 54 46 38 39 31 21 29 65 
0 28 20 12 11 10 18 26 34 35 27 36 44 45 53 54 46 38 39 31 23 14 21 65 
0 28 20 12 11 10 18 26 34 27 35 36 44 45 53 54 46 38 39 31 21 29 65 
0 28 20 12 11 10 18 26 27 34 35 36 44 45 53 54 46 38 39 31 21 29 65 
0 36 28 20 12 11 10 18 26 27 35 43 44 45 53 54 55 47 39 31 23 14 21 65 
0 28 20 12 11 10 18 26 34 27 35 36 44 45 46 54 55 47 39 31 21 29 65 
0 28 20 12 11 10 18 26 34 27 35 36 44 45 53 54 55 47 39 31 21 29 65 
0 28 20 12 11 10 18 26 34 35 27 36 44 52 53 54 55 47 39 31 23 14 21 65 
0 28 20 12 11 10 18 26 34 35 36 44 53 61 62 54 46 38 39 31 21 29 65 
0 28 20 12 11 10 18 26 27 35 36 44 53 61 62 54 55 47 39 31 21 29 65 
0 28 36 37 38 39 47 55 54 62 61 53 44 35 34 33 25 17 18 11 20 21 65 
0 36 28 27 35 43 44 52 60 61 53 54 55 47 39 31 23 15 14 6 12 20 21 29 65 
0 36 28 27 35 43 44 52 53 61 62 54 55 47 39 31 23 15 14 6 21 29 65 
0 36 28 27 35 43 44 52 60 61 53 54 55 47 39 31 23 15 7 6 21 29 65 
0 36 28 27 35 43 44 52 53 61 62 54 55 47 39 31 23 15 7 6 21 29 65 
0 28 36 44 43 42 50 51 60 61 53 54 55 47 39 31 23 15 14 6 12 20 21 29 65 
0 28 36 44 43 42 50 58 59 60 53 54 55 47 39 31 23 15 14 6 12 20 21 29 65 
0 28 36 44 43 42 50 59 60 61 53 54 55 47 39 31 23 15 14 6 5 12 20 21 29 65 
0 28 36 44 43 42 50 58 59 60 61 53 54 55 47 39 31 23 15 14 5 12 20 21 29 65 
0 28 36 44 43 50 58 59 60 61 53 54 55 47 39 31 23 15 14 6 21 29 65 
0 28 36 44 52 53 61 62 54 55 56 48 47 39 31 23 15 7 6 11 65 
0 28 36 44 45 53 60 61 62 54 55 56 48 47 39 31 23 15 7 6 12 20 21 29 65 
0 28 36 44 43 51 59 60 61 53 54 55 56 48 39 31 23 15 7 6 5 12 20 21 29 65 
0 28 36 44 52 53 60 61 62 54 55 56 48 47 39 31 23 15 7 6 21 29 65 
0 28 36 44 52 53 54 62 61 60 59 58 57 49 41 33 25 17 18 11 65 
0 28 36 44 53 52 60 61 62 54 55 56 48 40 32 24 16 15 14 6 5 12 20 21 29 65 
0 28 36 44 52 53 60 61 62 54 55 56 48 40 32 24 16 15 14 6 5 21 29 65 
0 28 36 44 52 60 61 62 54 55 64 56 48 40 32 24 16 15 14 6 21 29 65 
0 28 36 44 53 60 61 62 63 64 56 48 40 32 24 16 15 14 6 5 4 29 65 
0 28 36 44 53 52 60 61 62 63 64 56 48 40 32 24 16 8 7 6 5 21 29 65 
0 28 36 44 52 53 60 61 62 63 64 56 48 40 32 24 16 15 7 6 29 65 
0 28 36 44 53 52 60 61 62 63 64 56 48 40 32 24 16 15 7 6 5 4 29 65 
0 28 20 12 11 3 4 5 6 14 15 16 24 32 40 48 56 64 63 62 61 60 52 44 36 65 
0 28 20 12 11 3 4 5 6 7 15 16 24 32 40 48 56 64 63 62 61 60 52 44 36 65 
0 28 36 44 43 50 58 59 60 61 53 54 55 47 39 31 23 15 7 6 21 29 65 
0 28 36 44 52 53 54 55 62 61 60 59 58 50 49 41 33 25 18 11 65 
0 28 36 44 52 53 54 55 62 61 60 59 58 57 49 41 33 25 18 11 65 
0 36 44 53 52 60 61 62 63 64 56 48 40 32 24 16 15 7 6 5 4 12 20 21 29 65 
0 28 36 44 52 53 61 54 62 63 64 56 48 40 32 24 15 7 6 21 65 
0 28 20 21 12 11 10 18 26 27 35 43 44 36 37 38 46 45 53 54 39 65 
0 28 19 27 36 37 38 39 47 55 54 53 45 44 43 35 34 26 18 11 20 21 29 65 
0 28 36 44 43 35 34 26 27 19 18 10 11 12 20 21 29 38 39 47 37 65 
0 28 20 21 12 11 10 18 19 27 26 34 35 43 44 36 37 45 53 54 55 47 39 38 29 65 
0 28 27 19 20 21 12 11 10 18 26 34 35 43 44 36 37 45 53 54 55 47 39 38 29 65 
0 28 27 36 37 38 39 47 55 54 53 45 44 43 35 42 34 26 18 10 11 20 21 29 65 
0 28 20 21 12 11 10 18 26 27 35 34 42 43 44 36 37 45 53 54 47 39 38 65 
0 36 28 27 35 44 43 42 34 26 18 10 11 12 20 21 29 38 39 47 65 
0 28 27 35 36 44 43 42 34 26 18 10 11 12 20 21 29 38 39 47 37 65 
0 28 20 12 11 10 18 26 27 35 43 44 36 37 46 54 55 47 39 31 21 29 65 
0 36 44 45 53 54 46 38 39 31 23 15 14 21 20 12 11 18 26 34 35 28 65 
0 28 20 12 11 10 18 26 27 35 43 36 44 45 53 54 55 47 39 31 23 14 21 65 
0 36 28 20 12 11 10 18 26 27 35 43 44 45 53 54 55 47 39 31 23 14 21 65 
0 36 28 20 12 11 10 18 26 34 35 43 44 45 53 54 55 47 39 31 23 15 14 21 29 65 
0 28 20 12 11 10 18 26 34 27 35 36 44 45 53 54 55 47 39 31 21 29 65 
0 28 20 12 11 10 18 26 34 35 27 36 44 45 53 54 55 47 39 31 23 15 14 21 29 65 
0 36 44 45 53 54 55 47 39 31 23 15 14 21 20 12 11 10 18 26 34 35 28 65 
0 28 20 12 11 10 18 26 34 35 27 36 44 52 53 54 55 47 39 31 23 14 21 65 
0 36 44 52 53 54 55 47 39 31 23 15 14 21 20 12 11 18 26 34 35 28 65 
0 28 20 12 11 10 18 26 27 35 36 44 52 60 61 54 55 47 39 31 21 29 65 
0 28 20 12 11 3 2 10 18 26 34 35 36 44 53 54 55 47 39 31 14 29 65 
0 28 20 12 4 3 2 10 18 26 34 35 36 44 53 54 55 47 39 31 23 15 14 21 29 65 
0 28 36 44 45 53 54 55 47 39 31 23 15 7 6 5 4 3 10 18 11 65 
0 28 36 44 52 53 54 55 47 39 31 23 15 7 6 5 4 18 11 65 
0 28 36 44 45 53 54 62 61 60 59 58 50 43 34 33 25 17 18 11 20 21 29 65 
0 28 36 44 52 53 54 55 47 39 31 23 15 7 6 5 4 18 11 65 
0 28 36 44 52 53 54 62 61 60 59 58 50 43 34 33 25 17 18 11 65 
0 36 44 52 53 54 62 61 60 59 58 50 42 34 33 25 17 18 11 20 21 28 65 
0 28 36 44 53 54 63 62 61 60 59 58 50 42 34 33 25 17 18 11 20 21 29 65 
0 28 20 12 4 3 2 9 17 25 33 41 49 57 58 59 60 61 47 39 38 65 
0 28 20 12 11 10 18 17 25 33 41 49 57 58 59 60 61 39 38 65 
0 28 20 12 11 10 9 17 25 33 41 49 57 58 59 60 61 39 38 65 
0 28 20 12 11 2 10 18 26 34 35 36 44 45 53 54 55 47 39 31 23 15 14 21 29 65 
0 28 36 44 45 53 54 55 62 61 60 51 43 35 34 33 25 17 18 10 11 20 21 29 65 
0 28 36 44 52 53 54 62 61 60 59 58 49 41 34 33 25 17 18 11 65 
0 28 36 44 52 53 54 63 62 61 60 59 58 49 41 33 25 17 18 11 65 
0 28 36 44 53 54 63 62 61 60 59 58 57 49 41 33 25 17 18 11 20 21 65 
0 28 36 44 52 53 54 62 61 60 59 58 57 49 41 33 25 17 18 11 65 
0 28 20 12 11 3 2 1 9 17 25 33 41 49 57 59 60 29 65 
0 36 44 53 54 62 61 60 59 58 57 49 41 33 25 17 9 20 28 29 65 
0 28 20 12 11 10 18 17 25 33 41 49 57 58 59 60 61 39 38 65 
0 28 20 12 3 2 1 9 17 25 33 41 49 57 59 60 54 37 65 
0 36 44 45 54 62 61 60 59 58 57 49 41 33 25 17 9 11 20 28 29 65 
0 36 44 53 54 62 61 60 59 58 57 49 41 33 25 17 9 11 20 28 29 65 
0 28 20 21 12 11 10 18 26 27 35 34 42 43 44 36 37 45 53 54 47 39 38 65 
0 36 28 20 12 11 10 18 26 27 35 43 44 45 53 54 46 39 31 23 14 21 65 
0 36 28 20 12 11 10 18 26 27 35 43 44 45 53 54 46 38 39 31 21 29 65 
0 28 20 12 11 10 18 26 27 35 36 43 44 45 53 54 46 38 39 65 
0 36 28 20 12 11 10 18 27 35 43 44 45 53 54 55 47 39 31 23 14 21 65 
0 28 20 12 11 10 18 26 27 35 43 44 36 45 53 54 46 38 39 31 21 29 65 
0 36 44 45 53 54 46 38 39 31 23 15 14 21 20 12 11 18 26 34 35 28 65 
0 28 20 12 11 10 18 26 34 35 36 43 44 45 53 54 46 38 39 31 21 29 65 
0 36 44 45 53 54 46 47 39 31 23 15 14 21 20 12 11 10 18 26 34 35 28 65 
0 28 20 12 11 10 18 26 34 27 35 36 44 45 53 54 46 47 39 31 23 14 21 65 
0 28 20 12 11 10 18 26 27 35 43 44 36 45 53 54 55 47 39 31 21 29 65 
0 36 28 20 12 11 10 18 26 27 35 43 44 45 53 54 55 47 39 31 23 14 21 65 
0 28 20 12 11 10 18 26 27 35 43 36 44 45 53 54 55 47 39 31 23 14 21 65 
0 28 27 20 12 11 10 18 26 34 35 36 44 45 53 54 46 47 39 31 23 15 14 21 29 65 
0 28 20 12 11 10 18 26 27 35 36 43 44 45 53 54 55 47 39 31 21 29 65 
0 28 20 12 11 10 18 26 27 36 35 43 44 45 53 54 55 47 39 31 23 14 21 65 
0 36 44 45 53 54 55 47 39 31 23 15 14 21 20 12 11 10 18 26 34 35 28 65 
0 36 28 20 12 11 10 18 26 34 35 43 44 45 53 54 55 47 39 31 23 15 14 21 29 65 
0 28 20 12 11 10 18 26 34 27 35 36 44 45 53 54 55 47 39 31 21 29 65 
0 36 44 52 53 54 55 47 39 31 23 15 14 21 20 12 11 18 26 34 35 28 65 
0 28 20 12 11 10 18 26 34 35 36 44 53 61 62 54 46 38 39 31 21 29 65 
0 28 20 12 11 10 18 17 25 26 34 35 36 44 53 54 46 47 39 31 23 14 21 65 
0 28 20 12 11 3 2 10 18 26 34 35 36 44 53 54 55 47 39 31 14 29 65 
0 28 20 12 4 3 2 10 18 26 34 35 36 44 53 54 55 47 39 31 23 15 14 21 29 65 
0 28 27 35 36 44 52 60 61 53 54 55 47 39 40 32 24 23 15 14 21 29 65 
0 36 44 45 53 54 55 63 62 61 60 59 58 50 42 34 26 18 10 11 12 21 28 29 65 
0 36 44 45 53 54 55 63 62 61 60 59 58 50 42 34 26 18 10 11 12 20 21 29 28 65 
0 28 36 44 45 53 54 62 55 47 39 31 23 15 7 6 5 4 11 65 
0 28 36 35 44 45 53 61 62 54 55 56 48 47 39 31 23 15 7 6 21 29 65 
0 28 36 44 43 51 59 60 61 53 54 55 47 39 40 32 24 23 15 14 5 12 20 21 29 65 
0 28 36 44 53 52 60 61 62 54 55 56 48 47 39 31 23 15 7 6 12 20 21 29 65 
0 28 36 44 52 53 60 61 62 54 55 56 48 47 39 31 23 15 7 6 21 29 65 
0 28 36 44 43 51 59 60 61 53 54 55 47 39 40 32 24 23 15 7 6 29 65 
0 28 36 44 52 53 54 62 61 60 59 58 50 49 41 33 25 17 18 29 65 
0 28 36 44 52 53 54 62 61 60 59 58 57 49 41 33 25 17 18 29 65 
0 28 36 44 52 51 59 60 61 62 54 55 56 48 40 32 24 16 8 7 6 5 29 65 
0 28 20 12 11 3 2 10 18 17 25 33 41 49 57 59 60 54 65 
0 28 36 44 51 50 58 59 60 61 62 63 64 56 48 40 32 24 16 7 14 21 65 
0 28 20 12 4 3 2 10 9 17 25 33 41 49 57 58 59 60 54 52 65 
0 36 44 43 50 58 59 60 61 62 63 64 56 48 40 32 24 16 8 7 6 13 21 29 65 
0 36 44 51 50 58 59 60 61 62 63 64 56 48 40 32 24 16 7 6 13 21 65 
0 36 28 20 12 11 10 18 27 35 43 44 45 53 54 46 38 39 31 21 29 65 
0 28 36 44 45 53 46 54 55 62 61 60 59 58 50 42 34 26 18 11 20 21 65 
0 28 36 44 43 51 60 61 53 54 55 47 39 40 32 24 23 15 7 6 21 29 65 
0 28 36 44 45 53 54 62 61 60 59 58 49 41 33 25 17 18 11 20 21 29 65 
0 28 36 44 52 53 54 62 61 60 59 58 49 41 33 25 17 18 29 65 
0 28 36 44 52 53 54 62 61 60 59 58 49 41 33 25 17 18 11 65 
0 36 28 20 21 12 11 10 18 19 27 35 34 42 43 44 45 53 54 46 47 39 38 37 29 65 
0 28 20 21 12 11 10 18 26 27 36 35 34 42 43 44 45 53 54 46 47 39 38 37 29 65 
0 36 28 20 21 12 11 10 18 26 27 35 34 42 43 44 45 53 54 46 47 39 38 37 29 65 
0 28 20 12 11 10 18 27 35 43 44 36 37 38 46 54 55 47 39 29 65 
0 28 20 12 11 10 18 26 27 35 43 44 36 37 46 54 55 47 39 31 21 29 65 
0 36 44 45 53 54 46 38 39 31 23 15 14 21 20 12 11 18 26 34 35 28 65 
0 36 44 45 53 54 46 47 39 31 23 15 14 21 20 12 11 10 18 26 34 35 28 65 
0 28 20 12 11 10 18 26 27 35 43 36 44 45 53 54 55 47 39 31 23 14 21 65 
0 28 27 20 12 11 10 18 26 34 35 36 44 45 53 54 46 47 39 31 23 15 14 21 29 65 
0 28 20 12 11 10 18 26 34 27 35 36 44 45 53 54 46 47 39 31 23 14 21 65 
0 28 20 12 11 10 18 26 34 35 27 36 44 45 53 54 46 47 39 31 23 15 14 21 29 65 
0 36 28 20 12 11 10 18 26 34 35 43 44 52 53 54 55 47 39 31 23 14 21 29 65 
0 28 20 12 11 10 18 26 34 35 27 36 44 52 53 54 55 47 39 31 23 14 21 65 
0 28 20 12 11 10 18 26 27 35 36 44 52 53 61 54 47 39 65 
0 28 20 12 11 10 18 26 27 35 36 44 53 61 62 54 55 47 39 31 21 29 65 
0 36 44 52 53 61 62 54 55 47 39 31 23 15 14 21 20 12 11 18 26 28 65 
0 28 20 21 13 12 11 10 18 17 25 26 34 35 36 44 53 61 62 54 47 38 65 
0 28 20 12 11 10 18 17 25 33 41 42 34 35 36 44 53 61 54 38 65 
0 28 36 44 43 51 60 61 53 54 55 56 48 39 31 23 15 14 6 5 4 29 65 
0 28 36 44 52 53 54 62 61 60 59 58 57 49 41 42 34 27 18 11 20 21 29 65 
0 28 36 44 43 51 60 61 53 54 55 56 48 40 32 23 15 14 6 5 4 29 65 
0 28 36 44 52 53 61 62 54 55 63 64 56 48 40 32 24 23 15 14 6 29 65 
0 36 44 52 53 61 62 54 55 63 64 56 48 40 32 24 23 15 14 6 29 65 
0 28 36 44 53 54 62 61 60 59 58 50 49 41 33 25 17 9 11 20 29 65 
0 28 36 44 52 53 61 62 54 55 64 56 48 40 32 24 16 7 6 29 65 
0 36 44 52 53 54 62 61 60 59 58 57 49 41 33 25 17 9 28 29 65 
0 28 36 44 52 53 54 62 61 60 59 58 57 49 41 33 25 17 9 65 
0 28 36 44 53 54 62 61 60 59 58 57 49 41 33 25 17 9 65 
0 28 20 12 11 3 2 1 9 17 25 33 41 49 57 59 60 52 65 
0 28 20 12 4 3 2 1 9 17 25 33 41 49 57 59 60 54 52 65 
0 36 44 52 51 59 60 61 62 63 64 56 48 40 32 24 16 8 7 6 5 4 29 65 
0 36 44 45 53 54 55 47 39 31 23 15 14 21 20 12 11 10 18 26 34 35 28 65 
0 28 20 12 11 10 18 17 25 33 41 42 34 35 36 44 53 61 54 38 65 
0 28 36 44 52 53 60 61 62 54 55 56 48 40 32 23 15 14 6 5 4 29 65 
0 28 36 44 52 53 54 61 62 63 64 56 48 40 32 24 23 15 14 6 21 29 65 
0 28 36 44 52 53 54 61 62 63 64 56 48 40 32 24 23 15 14 6 29 65 
0 28 20 12 11 10 18 17 25 33 41 42 34 35 36 44 45 53 61 54 38 65 
0 28 36 44 45 53 60 61 62 54 55 56 48 40 32 24 23 15 14 6 5 12 20 21 29 65 
0 28 20 12 11 10 18 27 35 43 44 36 37 45 53 54 46 38 39 31 21 29 65 
0 28 20 12 11 10 18 26 27 35 43 44 36 37 45 53 54 46 39 31 21 29 65 
0 28 27 36 37 38 39 47 55 54 53 45 44 35 43 42 34 26 18 10 11 20 21 29 65 
0 28 27 36 37 38 39 47 55 54 53 45 44 43 35 42 34 26 18 10 11 20 21 29 65 
0 28 36 37 46 38 39 47 55 54 53 52 44 43 42 34 35 27 18 10 11 20 21 29 65 
0 36 28 20 12 11 10 18 26 27 35 43 44 45 53 54 46 38 39 31 21 29 65 
0 28 20 12 11 10 18 26 27 35 36 43 44 45 53 54 46 38 39 65 
0 28 20 12 11 10 18 26 27 36 35 43 44 45 53 54 46 38 39 31 21 29 65 
0 28 20 12 11 10 18 26 27 35 43 36 44 45 53 54 46 38 39 31 21 29 65 
0 36 28 20 12 11 10 18 26 34 35 43 44 45 53 54 46 38 39 31 23 14 21 29 65 
0 28 20 12 11 10 18 26 34 27 35 36 44 45 53 54 46 38 39 31 21 29 65 
0 28 20 12 11 10 18 26 27 34 35 36 44 45 53 54 46 38 39 31 21 29 65 
0 36 44 45 53 54 46 38 39 31 23 15 14 21 20 12 11 18 26 34 35 28 65 
0 36 28 20 12 11 10 18 26 27 35 43 44 45 53 54 55 47 39 31 23 14 21 65 
0 36 28 20 12 11 10 18 26 34 35 43 44 45 53 54 55 47 39 31 23 15 14 21 29 65 
0 36 44 45 53 54 55 47 39 31 23 15 14 21 20 12 11 10 18 26 34 35 28 65 
0 28 20 12 11 10 18 26 34 27 35 36 44 52 53 54 55 47 39 31 21 29 65 
0 36 44 52 53 54 55 47 39 31 23 15 14 21 20 12 11 18 26 34 35 28 65 
0 28 20 12 11 10 18 26 34 42 35 36 44 52 53 54 55 47 39 31 21 29 65 
0 28 36 35 27 26 34 42 43 44 53 54 55 47 39 31 23 15 7 6 21 29 65 
0 36 44 52 53 54 62 63 55 47 39 31 23 15 14 21 20 12 11 18 26 28 65 
0 28 36 35 34 43 44 45 53 61 62 54 55 47 39 31 23 15 7 6 21 29 65 
0 28 36 44 52 53 54 55 47 39 31 23 15 14 6 5 4 18 11 65 
0 28 36 44 52 53 54 55 47 39 31 23 15 7 6 5 4 18 11 65 
0 28 36 44 52 53 54 55 62 61 60 59 58 50 42 34 26 18 11 65 
0 28 36 44 43 51 59 60 53 61 62 54 55 47 39 31 23 15 7 6 21 29 65 
0 28 36 44 43 51 59 60 61 53 62 54 55 47 39 31 23 15 7 6 12 20 21 29 65 
0 28 36 44 45 53 54 55 63 62 61 60 59 58 49 41 34 26 18 11 20 21 29 65 
0 28 36 44 52 53 54 55 63 62 61 60 59 58 49 41 34 26 18 11 65 
0 28 36 44 52 53 54 55 63 62 61 60 59 58 49 41 33 25 17 18 65 
0 28 36 44 52 53 54 61 62 63 55 56 48 40 32 24 15 7 6 4 65 
0 28 36 44 52 53 61 54 62 63 55 56 48 40 32 24 15 7 6 21 29 65 
0 28 36 44 52 53 54 62 61 60 59 58 50 49 41 33 25 17 18 29 65 
0 36 44 52 53 54 62 61 60 59 58 50 49 41 33 25 17 18 20 28 29 65 
0 36 44 52 53 61 54 62 63 55 56 48 40 32 24 16 15 7 6 4 65 
0 28 36 44 52 53 54 62 61 60 59 58 49 41 33 25 17 9 65 
0 36 44 52 53 54 62 61 60 59 58 49 41 33 25 17 9 28 29 65 
0 28 36 44 53 54 62 61 60 59 58 57 49 41 33 25 17 9 65 
0 28 20 12 11 3 2 10 9 17 25 33 41 49 57 59 60 54 65 
0 28 20 12 4 3 2 10 9 17 25 33 41 49 57 58 59 60 54 52 65 
0 28 20 12 11 10 9 17 25 33 41 49 57 58 59 60 61 39 38 29 65 
0 28 20 12 11 10 18 17 25 33 41 49 50 58 59 60 61 62 39 38 65 
0 28 20 12 11 10 18 17 25 33 41 49 57 58 59 60 61 39 38 65 
0 28 20 12 11 10 9 17 25 33 41 49 57 58 59 60 61 39 38 65 
0 28 36 35 34 42 43 44 53 61 62 54 55 47 39 31 23 15 7 6 12 20 21 29 65 
0 28 36 44 52 53 54 55 62 61 60 59 58 49 41 33 25 17 18 29 65 
0 28 36 44 45 53 54 55 62 61 60 59 58 49 41 33 25 17 18 11 65 
