535
1505.0 891.0 
1395.0 758.0 
1415.0 834.0 
1500.0 862.0 
1510.0 764.0 
1470.0 820.0 
1525.0 830.0 
1470.0 752.0 
1455.0 554.0 
1485.0 683.0 
1515.0 638.0 
1455.0 554.0 
1440.0 699.0 
1410.0 562.0 
1545.0 724.0 
1555.0 718.0 
1500.0 612.0 
1520.0 758.0 
1560.0 638.0 
1395.0 783.0 
1415.0 834.0 
1305.0 785.0 
1440.0 778.0 
1325.0 607.0 
1430.0 718.0 
1530.0 762.0 
1435.0 755.0 
1550.0 739.0 
1545.0 707.0 
1480.0 664.0 
1525.0 637.0 
1485.0 695.0 
1535.0 616.0 
1520.0 774.0 
1475.0 726.0 
1345.0 808.0 
1350.0 845.0 
1490.0 775.0 
1275.0 736.0 
1445.0 741.0 
1490.0 753.0 
1450.0 710.0 
1540.0 760.0 
1485.0 600.0 
1480.0 669.0 
1550.0 669.0 
1510.0 614.0 
1425.0 833.0 
1515.0 889.0 
1365.0 716.0 
1430.0 773.0 
1335.0 671.0 
1500.0 807.0 
1525.0 824.0 
1455.0 666.0 
1500.0 758.0 
1545.0 711.0 
1495.0 658.0 
1495.0 682.0 
1525.0 638.0 
1580.0 716.0 
1500.0 612.0 
1495.0 682.0 
1445.0 803.0 
1435.0 876.0 
1445.0 803.0 
1470.0 715.0 
1505.0 806.0 
1480.0 768.0 
1505.0 659.0 
1475.0 730.0 
1455.0 624.0 
1520.0 606.0 
1525.0 637.0 
1565.0 694.0 
1570.0 743.0 
1545.0 712.0 
1475.0 600.0 
1485.0 703.0 
1455.0 802.0 
1470.0 816.0 
1370.0 680.0 
1455.0 742.0 
1365.0 665.0 
1355.0 678.0 
1465.0 729.0 
1540.0 781.0 
1390.0 691.0 
1475.0 605.0 
1480.0 669.0 
1500.0 614.0 
1420.0 610.0 
1410.0 804.0 
1380.0 728.0 
1425.0 727.0 
1460.0 820.0 
1300.0 785.0 
1475.0 707.0 
1520.0 795.0 
1400.0 662.0 
1440.0 684.0 
1420.0 742.0 
1460.0 599.0 
1480.0 660.0 
1550.0 669.0 
1445.0 658.0 
1395.0 851.0 
1435.0 817.0 
1375.0 792.0 
1415.0 834.0 
1440.0 767.0 
1505.0 717.0 
1445.0 727.0 
1475.0 638.0 
1520.0 695.0 
1525.0 637.0 
1480.0 664.0 
1490.0 639.0 
1415.0 844.0 
1500.0 693.0 
1525.0 721.0 
1495.0 611.0 
1405.0 839.0 
1280.0 766.0 
1310.0 741.0 
1435.0 707.0 
1490.0 695.0 
1455.0 625.0 
1450.0 710.0 
1575.0 666.0 
1490.0 639.0 
1535.0 590.0 
1500.0 628.0 
1520.0 697.0 
1480.0 664.0 
1205.0 719.0 
1290.0 767.0 
1510.0 852.0 
1460.0 736.0 
1355.0 672.0 
1530.0 794.0 
1415.0 693.0 
1545.0 693.0 
1455.0 554.0 
1475.0 625.0 
1480.0 664.0 
1510.0 720.0 
1540.0 562.0 
1480.0 656.0 
1435.0 706.0 
1350.0 672.0 
1410.0 816.0 
1445.0 820.0 
1445.0 820.0 
1445.0 820.0 
1480.0 810.0 
1465.0 808.0 
1475.0 799.0 
1475.0 799.0 
1535.0 791.0 
1495.0 781.0 
1580.0 799.0 
1590.0 787.0 
1595.0 736.0 
1560.0 750.0 
1585.0 767.0 
1375.0 804.0 
1320.0 804.0 
1390.0 811.0 
1225.0 780.0 
1235.0 767.0 
1235.0 770.0 
1235.0 770.0 
1305.0 783.0 
1305.0 783.0 
1305.0 783.0 
1340.0 786.0 
1340.0 786.0 
1340.0 786.0 
1330.0 800.0 
1235.0 770.0 
1270.0 777.0 
1330.0 800.0 
1340.0 786.0 
1345.0 814.0 
1345.0 814.0 
1330.0 800.0 
1330.0 800.0 
1310.0 832.0 
1225.0 780.0 
1310.0 832.0 
1305.0 783.0 
1330.0 800.0 
1310.0 832.0 
1305.0 783.0 
1305.0 783.0 
1305.0 783.0 
1330.0 800.0 
1330.0 800.0 
1270.0 777.0 
1270.0 776.0 
1310.0 832.0 
1330.0 800.0 
1235.0 770.0 
1330.0 800.0 
1270.0 777.0 
1235.0 770.0 
1235.0 770.0 
1235.0 770.0 
1235.0 770.0 
1260.0 784.0 
1265.0 833.0 
1260.0 784.0 
1290.0 842.0 
1260.0 784.0 
1265.0 833.0 
1295.0 791.0 
1330.0 798.0 
1295.0 791.0 
1265.0 833.0 
1265.0 833.0 
1265.0 833.0 
1295.0 791.0 
1375.0 807.0 
1235.0 776.0 
1235.0 776.0 
1245.0 763.0 
1245.0 766.0 
1245.0 766.0 
1315.0 779.0 
1315.0 779.0 
1315.0 779.0 
1350.0 782.0 
1350.0 782.0 
1340.0 796.0 
1245.0 766.0 
1245.0 766.0 
1340.0 796.0 
1350.0 782.0 
1355.0 810.0 
1355.0 810.0 
1340.0 796.0 
1320.0 828.0 
1235.0 776.0 
1320.0 828.0 
1320.0 828.0 
1315.0 779.0 
1320.0 828.0 
1315.0 779.0 
1315.0 779.0 
1340.0 796.0 
1340.0 796.0 
1280.0 773.0 
1280.0 772.0 
1320.0 828.0 
1340.0 796.0 
1245.0 766.0 
1280.0 773.0 
1245.0 766.0 
1245.0 766.0 
1245.0 766.0 
1245.0 766.0 
1270.0 780.0 
1275.0 829.0 
1270.0 780.0 
1300.0 838.0 
1270.0 780.0 
1275.0 829.0 
1305.0 787.0 
1340.0 794.0 
1305.0 787.0 
1275.0 829.0 
1275.0 829.0 
1275.0 829.0 
1275.0 829.0 
1375.0 807.0 
1220.0 754.0 
1255.0 761.0 
1230.0 749.0 
1355.0 740.0 
1435.0 738.0 
1370.0 776.0 
1285.0 735.0 
1320.0 749.0 
1295.0 740.0 
1320.0 749.0 
1410.0 737.0 
1430.0 712.0 
1325.0 692.0 
1315.0 702.0 
1275.0 752.0 
1505.0 895.0 
1505.0 895.0 
1515.0 889.0 
1515.0 889.0 
1515.0 889.0 
1515.0 889.0 
1435.0 810.0 
1510.0 863.0 
1475.0 790.0 
1435.0 747.0 
1480.0 752.0 
1475.0 794.0 
1485.0 781.0 
1495.0 772.0 
1455.0 732.0 
1520.0 699.0 
1555.0 775.0 
1530.0 676.0 
1530.0 643.0 
1430.0 869.0 
1430.0 869.0 
1455.0 878.0 
1455.0 878.0 
1505.0 896.0 
1420.0 872.0 
1465.0 872.0 
1440.0 844.0 
1440.0 844.0 
1410.0 804.0 
1450.0 840.0 
1450.0 840.0 
1485.0 837.0 
1535.0 880.0 
1440.0 774.0 
1475.0 856.0 
1470.0 832.0 
1350.0 790.0 
1470.0 742.0 
1475.0 795.0 
1350.0 795.0 
1400.0 727.0 
1525.0 825.0 
1525.0 825.0 
1325.0 780.0 
1360.0 784.0 
1385.0 707.0 
1510.0 805.0 
1510.0 805.0 
1500.0 807.0 
1535.0 814.0 
1345.0 764.0 
1485.0 787.0 
1520.0 794.0 
1520.0 794.0 
1485.0 787.0 
1530.0 788.0 
1475.0 687.0 
1475.0 676.0 
1400.0 816.0 
1445.0 876.0 
1445.0 876.0 
1420.0 858.0 
1285.0 788.0 
1370.0 765.0 
1285.0 737.0 
1345.0 755.0 
1310.0 746.0 
1510.0 867.0 
1495.0 840.0 
1495.0 840.0 
1500.0 812.0 
1365.0 740.0 
1340.0 726.0 
1505.0 829.0 
1505.0 829.0 
1460.0 840.0 
1495.0 758.0 
1505.0 757.0 
1500.0 731.0 
1450.0 671.0 
1505.0 896.0 
1425.0 820.0 
1360.0 780.0 
1450.0 841.0 
1495.0 820.0 
1460.0 838.0 
1495.0 820.0 
1425.0 749.0 
1500.0 869.0 
1435.0 824.0 
1500.0 869.0 
1460.0 838.0 
1505.0 814.0 
1470.0 832.0 
1505.0 814.0 
1435.0 743.0 
1510.0 863.0 
1445.0 818.0 
1510.0 863.0 
1470.0 832.0 
1470.0 832.0 
1435.0 825.0 
1535.0 881.0 
1535.0 881.0 
1350.0 779.0 
1360.0 774.0 
1385.0 790.0 
1415.0 748.0 
1395.0 787.0 
1405.0 782.0 
1420.0 804.0 
1200.0 751.0 
1225.0 772.0 
1290.0 750.0 
1405.0 764.0 
1405.0 764.0 
1415.0 752.0 
1415.0 752.0 
1260.0 787.0 
1415.0 760.0 
1415.0 760.0 
1425.0 748.0 
1360.0 779.0 
1425.0 835.0 
1385.0 793.0 
1430.0 785.0 
1370.0 775.0 
1265.0 758.0 
1360.0 782.0 
1435.0 831.0 
1395.0 789.0 
1240.0 740.0 
1290.0 772.0 
1330.0 733.0 
1380.0 772.0 
1340.0 730.0 
1355.0 755.0 
1240.0 748.0 
1390.0 765.0 
1420.0 814.0 
1380.0 772.0 
1400.0 758.0 
1410.0 754.0 
1420.0 741.0 
1430.0 708.0 
1430.0 712.0 
1465.0 866.0 
1505.0 896.0 
1445.0 812.0 
1440.0 745.0 
1490.0 789.0 
1505.0 813.0 
1420.0 775.0 
1505.0 813.0 
1360.0 765.0 
1525.0 886.0 
1495.0 850.0 
1395.0 792.0 
1395.0 792.0 
1545.0 876.0 
1405.0 788.0 
1405.0 788.0 
1555.0 868.0 
1560.0 838.0 
1565.0 864.0 
1510.0 792.0 
1595.0 844.0 
1600.0 785.0 
1485.0 691.0 
1620.0 733.0 
1620.0 733.0 
1415.0 820.0 
1415.0 820.0 
1430.0 850.0 
1430.0 850.0 
1415.0 820.0 
1415.0 820.0 
1415.0 820.0 
1415.0 820.0 
1415.0 820.0 
1415.0 820.0 
1430.0 850.0 
1430.0 850.0 
1430.0 850.0 
1430.0 850.0 
1425.0 814.0 
1425.0 814.0 
1420.0 765.0 
1425.0 814.0 
1425.0 814.0 
1440.0 844.0 
1440.0 844.0 
1425.0 814.0 
1425.0 814.0 
1425.0 814.0 
1425.0 814.0 
1425.0 814.0 
1440.0 844.0 
1440.0 844.0 
1440.0 844.0 
1440.0 844.0 
1440.0 844.0 
1430.0 761.0 
1430.0 761.0 
1410.0 793.0 
1425.0 735.0 
1425.0 735.0 
1430.0 761.0 
1435.0 810.0 
1435.0 810.0 
1430.0 761.0 
1440.0 755.0 
1260.0 796.0 
1345.0 753.0 
1345.0 753.0 
1365.0 809.0 
1355.0 748.0 
1355.0 748.0 
1385.0 794.0 
1350.0 794.0 
1290.0 777.0 
1370.0 671.0 
1310.0 667.0 
1385.0 702.0 
1380.0 665.0 
1390.0 662.0 
1415.0 671.0 
1430.0 842.0 
1445.0 784.0 
1325.0 739.0 
1465.0 773.0 
1435.0 818.0 
1320.0 722.0 
1430.0 798.0 
1200.0 683.0 
1400.0 729.0 
1540.0 764.0 
1545.0 808.0 
1540.0 759.0 
1420.0 714.0 
1420.0 714.0 
1430.0 708.0 
1375.0 713.0 
1440.0 698.0 

0 29 21 20 19 12 4 3 11 10 2 1 9 17 18 26 27 28 36 35 34 42 43 51 50 58 59 60 61 53 52 44 45 46 54 62 63 64 56 55 47 48 40 32 24 23 15 16 8 7 6 5 13 14 22 30 31 39 38 37 65 
0 36 44 43 35 34 42 50 51 52 53 46 45 37 38 30 22 14 13 21 20 12 4 5 6 7 15 23 24 32 40 39 47 48 56 55 54 62 61 60 59 58 57 49 41 33 25 26 17 9 1 3 11 28 65 
0 36 44 43 35 27 19 28 29 30 22 14 13 21 20 12 11 10 18 26 34 42 50 51 52 53 45 46 54 62 61 60 59 58 57 49 41 33 25 17 9 1 2 3 4 5 6 7 15 23 24 32 40 47 39 38 65 
0 36 28 29 21 22 14 6 5 4 3 2 1 9 17 25 33 41 49 50 42 34 26 18 10 11 12 20 19 27 35 43 44 52 60 61 62 63 64 56 48 40 32 24 16 8 7 15 23 31 39 47 55 54 45 46 38 30 37 65 
0 36 37 38 46 45 44 52 60 51 50 49 41 33 25 17 9 1 2 3 4 5 6 7 8 16 24 32 40 48 56 64 63 62 61 53 54 55 47 39 31 23 15 14 13 12 11 10 18 26 34 42 43 35 28 27 19 65 
0 29 21 20 19 28 36 44 52 60 61 62 63 64 56 55 54 53 45 46 47 48 40 32 24 16 8 7 6 5 4 3 2 1 9 17 25 33 34 42 50 58 59 51 43 35 27 26 18 10 11 12 13 31 39 38 37 65 
0 28 27 35 36 44 43 42 34 33 41 49 50 58 59 60 61 62 63 64 56 48 40 32 24 16 8 7 6 5 4 3 2 1 9 17 25 26 18 10 11 12 20 29 21 13 14 15 23 31 39 47 55 54 45 46 38 37 65 
0 36 37 45 44 43 42 41 33 25 17 9 1 2 3 4 5 6 7 8 16 24 32 40 48 56 55 63 62 61 60 59 58 57 49 50 51 52 53 54 46 47 39 31 23 15 14 13 21 29 20 12 11 27 28 65 
0 36 35 44 52 60 61 62 63 64 56 48 40 32 24 16 8 7 6 5 4 3 2 1 9 17 25 33 41 49 57 58 59 51 43 42 34 26 18 10 11 12 13 14 15 23 31 39 47 54 65 
0 36 44 52 61 60 59 58 57 49 41 33 25 17 9 1 2 3 10 18 26 34 42 50 51 43 35 27 19 11 12 4 5 6 7 8 16 24 32 40 48 56 55 63 62 54 53 45 46 47 39 31 23 29 65 
0 36 44 52 60 61 62 63 64 56 48 40 32 24 16 8 7 6 5 4 3 2 1 9 17 25 33 41 49 57 58 59 51 43 42 34 26 18 10 11 12 13 14 15 23 31 39 47 55 54 45 46 38 37 65 
0 36 44 52 60 61 62 63 64 56 48 40 32 24 16 8 7 6 5 4 3 2 1 9 17 25 33 41 49 57 58 59 51 43 42 34 35 26 18 10 11 12 13 14 15 23 31 39 47 54 65 
0 36 28 29 21 20 12 4 3 2 1 9 17 25 33 41 49 57 58 59 51 50 42 34 26 18 10 11 19 27 35 43 44 52 53 61 62 63 64 56 48 40 32 24 16 8 7 6 5 13 31 39 47 65 
0 36 44 52 60 61 62 63 64 56 55 47 48 40 32 24 16 8 7 6 5 4 3 2 1 9 17 25 33 41 49 57 58 59 51 43 42 35 34 26 18 10 11 12 20 21 13 14 23 65 
0 36 37 46 53 61 60 59 58 57 49 41 33 25 17 9 1 2 3 4 5 6 7 8 16 24 32 40 48 56 64 63 62 54 55 47 39 31 23 15 14 13 12 11 10 18 26 34 42 50 51 52 44 43 28 29 65 
0 36 44 52 53 45 46 54 62 61 60 59 58 57 50 49 41 33 25 17 9 1 2 3 4 5 6 7 8 16 24 32 40 48 56 64 63 55 47 39 31 23 15 14 13 12 11 10 18 26 34 42 51 43 28 29 65 
0 28 20 19 27 35 43 44 52 60 61 62 63 64 56 48 40 32 24 16 8 7 6 5 4 3 2 1 9 17 25 33 41 49 57 58 59 51 50 42 34 26 18 10 11 12 13 14 15 23 31 39 47 65 
0 36 37 38 46 45 44 52 60 59 58 50 41 33 25 17 9 1 2 3 4 5 6 7 8 16 24 32 40 48 56 64 63 62 61 53 54 55 47 39 31 23 15 14 13 12 11 10 18 26 34 42 43 35 28 27 19 65 
0 36 44 52 53 45 46 54 62 61 60 59 58 57 50 49 41 33 25 17 9 1 2 3 4 5 6 7 8 16 24 32 40 48 56 64 63 55 47 39 31 23 15 14 13 12 11 10 18 26 34 42 51 43 19 65 
0 36 35 34 26 18 10 11 12 13 14 15 16 8 7 6 5 4 3 2 1 9 17 25 33 41 42 50 58 59 60 61 62 63 64 56 48 55 47 39 31 23 22 21 20 19 27 28 29 30 38 46 54 44 65 
0 36 44 43 35 27 19 28 29 30 22 14 13 21 20 12 11 10 18 26 34 42 50 51 52 53 45 46 54 62 61 60 59 58 57 49 41 33 25 17 9 1 2 3 4 5 6 7 15 23 24 32 40 47 39 38 65 
0 28 20 19 27 35 36 44 52 51 43 42 34 26 18 10 11 12 13 14 22 21 29 30 38 39 47 46 54 62 63 55 48 40 32 24 16 23 15 7 6 5 4 3 2 1 9 17 25 33 58 59 65 
0 28 36 44 52 61 60 59 58 57 49 41 33 25 17 9 1 2 3 4 5 6 7 8 16 24 32 40 48 47 39 31 23 15 14 13 12 11 10 18 26 34 42 50 51 43 35 27 19 20 21 29 30 38 54 65 
0 36 35 43 44 52 60 61 62 55 63 64 56 48 40 32 31 23 15 7 6 5 4 3 2 1 9 17 25 33 41 49 57 58 59 51 50 42 34 26 27 28 20 19 18 10 11 12 65 
0 28 36 43 44 52 60 61 62 63 64 56 48 40 32 23 15 16 8 7 6 5 4 3 2 1 9 17 25 33 41 49 57 58 59 51 50 42 34 35 27 26 18 10 11 12 20 21 29 30 31 39 38 65 
0 28 20 21 22 14 15 16 8 7 6 5 4 12 11 3 2 10 18 17 25 33 41 49 57 58 59 60 61 62 63 64 56 48 40 32 24 23 31 39 47 55 54 53 52 51 50 42 34 26 27 35 36 44 45 38 30 65 
0 27 35 34 26 18 10 2 1 9 17 25 33 41 49 50 58 59 60 61 62 63 64 56 48 40 32 24 16 8 7 6 5 4 3 11 12 20 28 36 37 38 46 45 44 43 51 52 53 54 55 47 39 29 65 
0 36 37 46 45 44 52 53 54 55 47 39 31 23 15 14 13 12 5 6 7 8 16 24 32 40 48 56 64 63 62 61 60 59 58 57 49 41 33 25 17 9 1 2 3 11 10 18 26 34 42 50 51 43 35 27 28 65 
0 36 37 46 45 44 52 60 59 58 57 49 50 42 41 33 25 17 9 1 2 3 4 5 6 7 8 16 24 32 40 48 56 64 63 62 61 53 54 55 47 39 31 23 15 14 13 12 11 10 18 26 34 35 27 28 65 
0 36 28 27 35 44 52 60 61 62 63 64 56 48 40 32 24 16 8 7 6 5 4 3 2 1 9 17 25 33 41 49 57 58 59 51 43 42 34 26 18 10 11 12 20 21 13 14 15 23 31 39 47 65 
0 36 44 52 60 61 62 63 64 56 48 40 32 24 16 8 7 6 5 4 3 2 1 9 17 25 33 41 49 57 58 59 51 43 42 34 35 27 26 18 10 11 12 13 14 15 23 31 39 47 55 54 45 38 65 
0 36 44 43 35 27 19 20 12 4 5 6 7 8 16 24 32 40 48 39 47 55 56 64 63 62 61 60 59 58 57 49 41 33 25 17 9 1 2 3 11 10 18 26 34 42 50 51 52 53 54 46 38 29 65 
0 35 27 19 20 21 13 5 6 7 8 16 24 32 40 48 56 64 63 62 61 60 59 58 57 49 41 33 25 17 9 1 2 3 4 12 11 10 18 26 34 42 50 51 43 44 52 53 54 55 47 39 31 23 65 
0 28 20 21 22 14 15 16 8 7 6 5 4 12 11 3 2 10 18 17 25 33 41 49 57 58 59 60 61 62 63 64 56 48 40 32 24 23 31 39 47 55 54 53 52 51 50 42 34 26 27 35 36 44 45 38 37 65 
0 36 44 43 35 27 28 20 12 4 5 6 7 8 16 24 32 40 48 39 47 55 56 64 63 62 61 60 59 58 57 49 41 33 25 17 9 1 2 3 11 10 18 26 34 42 50 51 52 53 54 46 38 29 65 
0 36 28 29 30 31 32 24 23 22 21 13 14 15 7 6 5 4 3 2 1 9 17 25 33 41 49 57 58 59 60 61 62 54 53 52 51 50 42 34 26 18 10 11 12 20 19 27 35 43 44 45 38 37 65 
0 28 29 21 20 19 27 35 36 44 52 51 43 42 34 26 18 10 11 12 13 22 30 38 39 47 46 54 62 63 55 56 48 40 32 24 23 15 7 14 6 5 4 3 2 1 9 17 25 33 50 58 59 45 37 65 
0 28 27 26 18 19 11 10 2 3 4 5 6 7 8 16 24 32 40 48 56 64 63 62 61 60 59 58 57 49 41 33 34 35 36 37 30 38 46 45 44 43 42 50 51 52 53 54 55 47 39 31 23 15 14 13 12 65 
0 36 28 29 21 22 14 15 23 31 32 24 16 8 7 6 5 4 3 2 1 9 17 25 33 41 49 57 58 59 51 50 42 34 26 18 10 11 12 20 19 27 35 43 44 52 60 54 45 38 65 
0 36 28 20 21 29 30 22 14 13 12 4 5 6 7 15 24 32 40 48 56 64 63 62 61 60 59 58 57 49 41 33 25 17 9 1 2 3 11 10 18 26 27 35 34 42 50 51 43 44 52 53 54 55 65 
0 29 28 27 35 36 44 43 42 34 33 41 49 50 58 59 60 61 62 63 64 56 48 40 32 24 16 8 7 6 15 14 13 5 4 3 2 1 9 17 25 26 18 10 11 12 20 21 22 23 31 39 47 55 54 65 
0 29 28 36 44 52 60 61 62 63 64 56 48 40 32 24 16 8 7 6 5 4 3 2 1 9 17 25 33 34 41 49 50 58 59 51 43 35 27 26 18 10 11 12 20 21 13 14 15 23 31 39 47 65 
0 28 27 35 36 44 52 51 43 42 34 33 41 49 50 58 59 60 61 62 63 64 56 48 40 32 24 16 8 7 6 5 4 3 2 1 9 17 25 26 18 10 11 12 20 21 14 15 23 31 39 47 55 54 45 38 30 65 
0 36 44 45 53 54 46 55 47 39 40 48 56 64 63 62 61 60 59 58 57 49 41 33 25 17 9 1 2 3 4 5 6 7 8 16 24 32 31 23 15 14 13 12 11 10 18 26 34 42 51 37 65 
0 36 28 27 35 43 44 52 60 61 62 63 64 56 48 40 32 24 16 8 7 6 5 4 3 2 1 9 17 25 33 41 49 57 58 59 51 50 42 34 26 18 10 11 12 20 21 14 15 23 31 39 47 65 
0 36 45 46 53 61 60 59 58 57 49 41 33 25 17 9 1 2 3 4 5 6 7 8 16 24 32 40 48 56 64 63 62 54 55 47 39 31 23 15 14 13 12 11 10 18 26 34 42 50 51 52 44 27 28 65 
0 36 35 27 26 34 33 41 49 57 58 59 60 61 62 63 64 56 48 40 32 24 16 8 7 6 5 4 3 2 1 9 17 25 18 10 11 12 13 14 15 23 31 39 47 55 54 53 52 51 43 44 30 65 
0 28 20 12 13 14 15 7 6 5 4 3 2 1 9 17 10 11 19 18 26 27 35 34 33 41 42 43 44 36 37 38 39 47 55 54 46 45 53 52 51 50 58 59 60 61 62 63 64 56 48 40 32 23 31 29 65 
0 28 29 30 21 22 14 13 20 12 11 10 18 19 27 26 34 42 50 51 43 35 36 44 52 53 45 46 54 62 61 60 59 58 57 49 41 33 25 17 9 1 2 3 4 5 6 7 15 23 24 32 40 48 56 55 47 39 38 37 65 
0 36 28 20 19 27 35 44 52 51 43 42 34 26 18 10 11 12 13 21 22 23 31 32 24 16 15 14 6 5 4 3 2 1 9 17 25 33 41 49 50 58 59 60 61 62 63 64 55 47 39 38 65 
0 36 35 27 20 28 29 21 13 12 4 5 6 7 8 16 24 32 40 48 56 55 47 39 31 23 15 14 22 30 38 46 54 62 61 60 59 58 50 49 41 33 25 17 9 1 2 3 11 10 18 26 34 45 37 65 
0 37 46 38 39 47 55 63 64 56 48 40 32 31 23 15 7 6 5 4 3 2 1 9 17 25 33 41 49 57 58 59 60 61 62 54 53 52 44 36 28 20 19 27 35 43 51 42 34 18 65 
0 36 35 34 26 27 28 29 21 20 19 18 10 11 12 4 3 2 1 9 17 25 33 41 49 50 58 59 60 52 51 43 44 45 53 61 62 54 46 47 55 63 64 56 48 40 32 24 16 15 7 6 5 13 31 39 38 65 
0 36 44 52 60 59 58 50 43 42 41 33 25 17 9 1 2 3 4 5 6 7 8 16 24 32 40 48 56 64 63 62 61 53 54 55 47 39 31 23 15 14 13 12 11 10 18 26 34 35 27 28 20 21 29 30 38 37 65 
0 36 28 29 21 14 15 23 24 16 8 7 6 5 4 3 2 1 9 17 25 33 41 49 57 58 59 60 61 62 63 64 56 48 40 39 47 55 54 53 52 51 50 42 34 26 18 10 11 12 20 19 65 
0 29 28 27 36 35 43 42 34 26 18 10 11 3 2 1 9 17 25 33 41 49 50 58 59 60 61 62 63 64 56 48 40 32 24 16 8 7 6 5 4 12 20 21 13 14 15 23 31 39 47 55 54 53 44 65 
0 36 44 52 61 60 59 58 57 49 41 33 25 17 9 1 2 3 4 5 6 7 8 16 24 32 40 48 56 55 63 62 54 53 45 46 47 39 31 23 15 14 13 12 11 10 18 26 34 42 50 51 43 35 27 28 65 
0 37 45 36 44 43 42 41 33 25 17 9 1 2 3 4 5 6 7 8 16 24 32 40 48 56 55 63 62 61 60 59 58 57 49 50 51 52 53 54 46 47 39 31 23 15 14 13 12 11 10 18 35 27 65 
0 36 28 27 35 43 44 52 60 61 62 63 64 56 48 40 32 24 16 8 7 6 5 4 3 2 1 9 17 25 33 41 49 57 58 59 51 50 42 34 26 18 10 11 12 20 21 22 14 15 23 31 39 47 65 
0 36 45 44 43 42 41 33 25 17 9 1 2 3 4 5 6 7 8 16 24 32 40 48 56 55 64 63 62 61 60 59 58 57 49 50 51 52 53 54 46 47 39 31 23 15 14 13 12 11 10 18 35 27 65 
0 36 35 27 19 20 21 13 12 4 5 6 7 8 16 15 14 23 24 32 40 48 56 64 63 62 61 60 59 58 57 49 41 33 25 17 9 1 2 3 11 10 18 26 34 42 50 51 43 44 52 53 54 55 47 39 38 65 
0 28 20 19 27 35 43 44 52 60 61 62 63 64 56 48 40 32 24 16 8 7 6 5 4 3 2 1 9 17 25 33 41 49 57 58 59 51 50 42 34 26 18 10 11 12 13 14 15 23 31 39 47 65 
0 36 28 27 35 43 44 52 60 61 62 63 64 56 48 40 32 24 16 8 7 6 5 4 3 2 1 9 17 25 33 41 49 57 58 59 51 50 42 34 26 18 10 11 12 20 21 22 14 15 23 31 39 47 65 
0 28 29 21 20 12 11 10 18 19 27 35 36 44 52 61 60 59 51 43 42 50 49 41 33 34 26 25 17 9 1 2 3 4 5 13 22 30 31 23 15 14 6 7 8 16 24 32 40 48 56 55 47 39 38 54 65 
0 36 44 52 60 59 51 43 35 27 19 20 28 29 21 13 12 11 10 18 26 34 42 50 58 57 49 41 33 25 17 9 1 2 3 4 5 6 14 15 23 31 22 30 38 46 54 55 47 39 40 48 56 64 63 53 45 37 65 
0 28 29 21 20 12 11 10 18 19 27 35 36 44 52 61 60 59 51 43 42 50 49 41 33 34 26 25 17 9 1 2 3 4 5 6 14 13 22 30 38 39 31 23 15 7 8 16 24 32 40 48 56 55 47 54 65 
0 36 44 43 35 27 19 20 12 13 5 6 14 15 23 24 32 40 48 56 64 63 62 61 60 59 58 57 49 41 33 25 17 9 1 2 3 11 10 18 26 34 42 50 51 52 53 54 55 47 39 31 30 38 37 65 
0 37 36 28 27 35 43 44 52 51 59 60 61 62 63 64 56 48 40 32 24 16 8 7 6 5 4 3 2 1 9 17 25 33 41 42 34 26 18 10 11 19 20 21 12 13 14 15 23 31 39 47 55 54 45 46 38 30 65 
0 36 35 27 28 29 21 20 12 13 14 6 7 15 23 24 32 40 48 56 64 63 62 61 60 59 51 50 58 57 49 41 33 25 17 9 1 2 3 4 11 10 18 26 34 42 43 44 52 53 54 55 47 39 31 65 
0 36 35 43 44 52 60 61 62 54 53 45 46 47 55 56 48 40 32 24 16 8 7 6 5 4 3 2 1 9 17 25 33 41 49 57 58 59 51 50 42 34 26 18 10 11 12 13 14 15 23 31 39 38 65 
0 28 27 35 36 44 43 42 34 33 41 49 50 58 59 60 52 53 61 62 63 64 56 48 40 32 24 16 8 7 6 5 4 3 2 1 9 17 25 26 18 10 11 12 20 29 21 13 14 15 23 31 39 47 65 
0 37 36 44 52 53 54 55 47 46 38 39 40 48 56 64 63 62 61 60 59 58 51 50 49 41 33 25 17 9 1 2 3 4 5 6 7 8 16 24 32 31 23 15 14 13 12 11 10 18 35 27 65 
0 36 44 45 53 61 60 59 58 57 49 41 33 25 17 9 1 2 3 4 5 6 7 8 16 24 32 40 48 55 56 64 63 62 54 46 38 39 31 23 15 14 13 12 11 10 18 26 34 42 50 51 52 65 
0 36 44 52 60 61 62 63 64 56 48 40 32 24 16 8 7 6 5 4 3 2 1 9 17 25 33 41 49 57 58 59 51 43 42 34 35 27 26 18 10 11 12 13 14 15 23 31 39 47 55 54 45 38 65 
0 36 45 44 52 53 61 60 59 58 57 49 41 33 25 17 9 1 2 3 4 5 6 7 8 16 24 32 40 48 56 64 63 62 54 55 47 39 31 23 15 14 13 12 11 10 18 26 34 42 50 51 43 35 27 28 65 
0 36 45 44 52 60 59 58 57 49 41 33 25 17 9 1 2 3 4 5 6 7 8 16 24 32 40 48 56 64 63 62 61 53 54 55 47 39 31 23 15 14 13 12 11 10 18 26 34 42 50 51 43 35 27 28 29 65 
0 36 45 44 43 42 41 33 25 17 9 1 2 10 18 26 34 35 27 19 11 3 4 5 6 7 8 16 24 32 40 48 56 64 63 62 61 60 59 58 57 49 50 51 52 53 54 55 47 39 31 23 15 14 21 28 65 
0 36 44 52 60 59 58 57 49 41 33 25 17 9 1 2 3 4 5 6 7 8 16 24 32 40 48 47 55 56 64 63 62 61 53 54 45 46 38 39 31 23 15 14 13 12 11 10 18 26 43 19 65 
0 36 45 44 52 53 54 55 47 46 38 39 40 48 56 64 63 62 61 60 59 58 51 50 49 41 33 25 17 9 1 2 3 4 5 6 7 8 16 24 32 31 23 15 14 13 12 11 10 18 26 43 28 29 65 
0 28 36 44 43 42 50 58 57 49 41 33 25 26 34 35 27 19 18 17 9 10 2 3 11 12 20 21 29 30 22 14 13 5 6 7 15 23 24 32 40 48 56 55 63 62 61 60 59 51 52 53 54 47 39 31 65 
0 28 36 44 45 46 54 62 61 60 52 51 59 58 50 49 41 33 25 17 9 1 2 10 18 26 34 42 43 35 27 19 11 12 20 29 21 13 5 6 7 8 16 24 23 15 14 22 30 31 32 40 48 56 64 55 47 65 
0 36 28 29 38 39 31 23 22 21 20 12 13 14 15 16 8 7 6 5 4 3 2 1 9 17 25 33 41 49 57 58 59 60 61 62 63 55 56 48 47 46 54 53 52 51 50 42 34 18 19 65 
0 36 35 28 29 21 20 19 27 26 18 10 11 3 2 1 9 17 25 33 34 42 50 58 59 60 61 62 63 64 56 48 40 32 24 16 8 7 6 5 4 12 13 14 15 23 31 39 47 55 54 52 51 44 65 
0 36 28 29 30 23 31 32 24 16 15 7 6 5 13 21 20 12 11 3 2 1 9 10 18 17 25 33 41 49 57 58 59 60 61 62 63 64 56 48 40 39 47 55 54 53 52 51 44 37 65 
0 36 35 43 44 52 60 61 62 63 64 56 48 40 32 24 23 15 7 6 5 4 3 2 1 9 17 25 33 41 49 57 58 59 51 50 42 34 26 18 10 11 12 13 21 20 27 28 29 38 65 
0 28 27 35 36 44 52 60 61 62 63 55 56 48 40 32 24 16 8 7 6 5 4 3 2 1 9 17 25 33 41 49 57 58 59 51 43 42 34 26 18 10 11 12 20 21 29 22 14 15 23 31 39 47 65 
0 36 44 45 53 61 60 59 58 50 49 41 33 25 17 9 1 2 3 4 5 6 7 8 16 24 32 40 48 56 64 63 62 54 55 47 39 31 23 15 14 13 12 11 10 18 26 34 42 51 43 35 27 28 20 29 38 65 
0 36 27 35 43 44 52 51 50 42 34 26 18 10 2 1 9 17 25 33 41 49 57 58 59 60 61 53 54 55 63 64 56 48 40 32 24 16 8 7 6 5 4 3 11 12 20 28 29 21 38 65 
0 37 36 44 52 60 59 58 57 49 41 33 25 17 9 1 2 3 4 5 6 7 8 16 24 32 40 48 56 55 63 62 61 54 53 45 46 47 39 31 23 15 14 13 12 11 10 18 26 34 42 51 65 
0 36 28 27 35 43 44 52 60 61 62 63 64 56 48 40 32 24 16 8 7 6 5 4 3 2 1 9 17 25 33 41 49 57 58 59 51 50 42 34 26 18 10 11 12 20 21 14 15 23 31 39 47 65 
0 36 35 43 44 52 60 61 62 54 53 45 46 47 55 63 64 56 48 40 32 24 16 8 7 6 5 4 3 2 1 9 17 25 33 41 49 57 58 59 51 50 42 34 26 18 10 11 12 13 31 39 38 65 
0 36 35 27 26 25 17 9 1 2 3 4 5 6 7 8 16 24 32 40 48 56 64 63 62 61 60 59 58 57 49 41 33 34 42 50 43 51 52 53 54 55 47 39 46 38 30 31 23 21 29 65 
0 36 44 43 35 27 19 28 29 21 13 20 12 11 10 18 26 25 17 9 1 2 3 4 5 6 7 15 14 22 23 31 30 38 39 48 56 64 63 62 61 60 59 58 49 41 33 34 42 50 51 52 53 54 47 65 
0 37 36 44 43 42 50 51 59 60 61 62 63 64 56 48 40 39 47 55 54 53 45 46 38 30 31 32 24 16 8 7 6 5 4 3 2 1 9 17 25 33 34 35 28 20 19 27 26 18 10 11 12 65 
0 36 28 27 35 43 51 50 42 34 33 41 49 57 58 59 60 61 62 54 53 52 44 37 45 46 38 39 47 55 63 64 56 48 40 32 24 16 8 7 15 14 6 5 4 3 11 10 17 25 26 18 19 30 65 
0 36 28 29 21 13 5 6 7 8 16 24 32 40 48 56 55 47 39 31 23 15 14 22 30 38 46 54 53 61 60 59 58 57 49 50 42 41 33 25 17 18 10 9 1 2 3 4 12 20 11 19 27 35 44 45 37 65 
0 36 28 29 21 20 12 13 14 15 16 8 7 6 5 4 3 11 10 18 17 25 33 41 49 57 58 59 60 61 62 54 53 52 51 50 42 34 26 27 35 43 44 45 46 47 55 63 64 39 38 65 
0 37 36 28 20 12 13 14 6 5 4 3 2 10 18 17 25 33 41 49 57 58 59 60 61 62 63 64 56 48 40 32 24 16 8 7 15 23 31 39 47 55 54 53 52 51 50 42 34 26 27 35 43 44 65 
0 36 28 29 21 22 23 15 14 13 5 6 7 8 16 24 32 40 48 56 64 63 62 61 60 59 58 50 49 41 33 25 17 9 1 2 3 4 12 20 19 11 10 18 26 34 27 35 43 44 52 53 54 55 47 39 38 65 
0 36 35 34 26 27 28 29 21 20 19 11 12 13 14 15 23 31 32 24 16 8 7 6 5 4 3 2 1 9 10 18 17 25 33 41 49 50 58 59 60 61 62 63 64 56 48 40 39 47 38 65 
0 36 35 43 44 45 46 38 31 32 24 23 15 7 6 5 4 3 2 1 9 10 18 17 25 33 41 49 57 58 59 60 61 62 63 64 56 48 40 39 47 55 54 53 52 51 50 42 34 26 27 28 19 65 
0 36 35 27 28 29 21 20 12 13 14 15 23 31 39 47 55 62 63 64 56 48 40 32 24 16 8 7 6 5 4 3 11 10 2 1 9 17 18 26 34 33 41 42 43 44 52 51 50 57 58 59 54 65 
0 36 35 43 44 52 60 61 62 63 64 56 48 40 32 24 16 8 7 6 5 4 3 2 1 9 17 25 33 41 49 57 58 59 51 50 42 34 26 18 10 11 12 20 21 14 15 23 31 39 47 65 
0 36 28 27 35 43 44 52 60 61 62 63 64 56 48 40 32 24 16 8 7 6 5 4 3 2 1 9 17 25 33 41 49 57 58 59 51 50 42 34 26 18 10 11 20 21 13 14 15 23 31 39 47 65 
0 36 45 46 53 61 60 59 58 57 49 41 33 25 17 9 1 2 3 4 5 6 7 8 16 24 32 40 48 56 64 63 62 54 55 47 39 31 23 15 14 13 12 11 10 18 26 34 42 50 51 52 44 27 28 65 
0 36 27 35 43 44 52 60 61 62 54 53 45 46 47 55 63 64 56 48 40 32 24 16 8 7 6 5 4 3 2 1 9 17 25 33 41 49 57 58 59 51 50 42 34 26 18 10 11 12 20 29 65 
0 36 35 34 26 27 19 11 12 20 28 29 30 31 23 22 21 13 14 15 7 6 5 4 3 2 1 9 10 18 17 25 33 41 42 50 49 57 58 59 51 43 44 52 60 61 62 54 53 45 46 47 55 40 39 38 65 
0 29 30 22 14 13 21 28 36 44 43 35 27 19 20 12 11 10 18 26 34 42 50 51 52 53 45 46 54 62 61 60 59 58 57 49 41 33 25 17 9 1 2 3 4 5 6 7 15 23 24 32 40 48 55 47 65 
0 29 30 22 14 13 21 20 19 12 11 10 18 26 27 28 36 44 43 35 34 42 50 51 52 53 45 46 54 62 61 60 59 58 57 49 41 33 25 17 9 1 2 3 4 5 6 7 15 23 24 32 40 47 65 
0 36 44 43 35 27 19 28 29 30 22 14 13 21 20 12 11 10 18 26 34 42 50 51 52 53 45 46 54 62 61 60 59 58 57 49 41 33 25 17 9 1 2 3 4 5 6 7 15 23 24 32 40 47 39 38 65 
0 36 37 46 54 55 62 61 60 59 58 57 49 41 33 25 17 9 1 2 3 4 5 6 7 8 16 15 14 13 12 11 10 18 26 34 42 50 51 52 53 45 44 43 35 27 28 20 21 22 23 24 32 40 47 65 
0 36 44 52 60 61 62 63 64 56 48 40 32 24 16 8 7 6 5 4 3 2 1 9 17 25 33 34 42 50 58 59 51 43 35 27 26 18 10 11 12 13 14 15 23 31 39 47 55 54 53 45 46 38 30 37 65 
0 36 37 38 46 45 44 52 53 54 55 47 39 31 23 16 24 32 40 48 56 64 63 62 61 60 59 58 50 49 41 33 34 42 43 35 27 28 20 12 11 10 18 26 25 17 9 1 2 3 4 5 6 8 65 
0 28 29 21 20 27 26 25 33 41 49 57 58 59 60 61 62 63 64 56 48 40 32 24 16 8 7 6 5 4 3 2 1 9 17 18 10 11 12 13 14 15 23 31 39 47 55 54 53 52 51 44 65 
0 36 44 43 51 52 60 59 58 50 42 49 41 33 25 17 9 1 2 3 4 5 6 7 8 16 24 32 40 48 56 64 63 62 61 53 45 46 54 55 47 39 31 23 15 14 13 12 11 10 18 26 35 27 28 65 
0 36 44 52 60 61 62 63 64 56 48 40 32 24 16 8 7 6 5 4 3 2 1 9 17 25 33 41 49 57 58 59 51 43 42 34 35 27 26 18 10 11 12 13 14 15 23 31 39 47 55 54 45 38 65 
0 36 28 27 35 44 52 60 61 62 63 64 56 48 40 32 24 16 8 7 6 5 4 3 2 1 9 17 25 33 41 49 57 58 59 51 43 42 34 26 18 10 11 12 20 21 13 14 15 23 31 39 47 65 
0 36 27 35 43 44 52 60 61 62 63 64 56 48 40 32 24 16 8 7 6 5 4 3 2 1 9 17 25 33 41 49 57 58 59 51 50 42 34 26 18 10 11 12 20 21 13 14 15 23 31 39 38 65 
0 28 36 45 53 54 46 47 55 62 61 60 59 58 57 49 41 33 25 17 9 1 2 3 4 5 6 7 8 16 15 14 13 12 11 10 18 26 34 42 50 51 52 44 43 35 27 19 20 21 29 30 31 23 39 38 65 
0 36 37 38 46 45 44 52 53 54 55 47 39 31 23 15 14 13 5 6 7 8 16 24 32 40 48 56 64 63 62 61 60 59 58 49 41 33 25 17 9 1 2 3 11 10 18 26 34 42 50 51 43 35 27 65 
0 36 44 43 51 52 60 59 58 50 42 49 41 33 25 17 9 1 2 3 4 5 6 7 8 16 24 32 40 48 56 64 63 62 61 53 45 46 54 55 47 39 31 23 15 14 13 12 11 10 18 26 35 27 28 37 65 
0 28 36 44 52 60 59 58 57 49 41 33 25 17 9 1 2 3 4 5 6 7 8 16 24 32 40 48 56 64 63 62 61 53 46 54 55 47 39 31 23 15 14 13 12 11 10 18 26 34 42 51 65 
0 36 44 43 35 27 19 28 29 30 22 14 13 21 20 12 11 10 18 26 34 42 50 51 52 53 45 46 54 62 61 60 59 58 57 49 41 33 25 17 9 1 2 3 4 5 6 7 15 23 31 32 40 47 39 38 65 
0 36 28 29 30 31 23 22 21 20 19 18 10 11 12 13 14 15 7 6 5 4 3 2 1 9 17 25 33 41 42 34 26 27 35 43 44 52 51 50 49 57 58 59 60 61 53 54 55 63 38 65 
0 36 28 29 30 31 32 24 23 22 21 20 12 13 14 15 7 6 5 4 3 2 1 9 17 25 33 41 49 57 58 59 60 61 62 54 53 52 51 50 42 34 26 18 10 11 19 27 35 43 44 65 
0 37 36 44 52 60 61 62 63 64 56 48 47 55 54 53 45 46 38 39 40 32 24 16 8 7 6 5 14 15 23 22 21 13 12 4 3 11 10 18 17 25 33 41 49 57 58 59 51 42 43 35 27 19 65 
0 36 37 38 46 45 44 52 53 54 55 47 39 31 23 15 14 22 21 12 5 6 7 8 16 24 32 40 48 56 64 63 62 61 60 59 58 57 49 41 33 25 17 9 1 2 10 18 26 34 42 50 51 43 19 65 
0 36 37 38 46 45 44 52 53 54 55 47 39 31 23 32 40 48 56 64 63 62 61 60 59 58 50 49 41 33 25 17 9 1 2 3 4 5 6 7 8 16 15 14 13 12 11 10 18 26 34 51 65 
0 29 28 36 44 52 60 61 62 63 64 56 48 40 32 24 16 8 7 6 5 4 3 2 1 9 17 25 33 41 49 57 58 50 42 34 43 35 27 26 18 10 11 12 20 21 13 14 15 23 31 39 47 65 
0 36 44 52 60 59 58 57 49 41 33 25 17 9 1 2 3 4 5 6 7 8 16 24 32 40 48 56 64 63 62 61 53 46 54 55 47 39 31 23 15 14 13 12 11 10 18 26 34 42 50 51 43 35 27 19 65 
0 36 27 35 43 44 52 60 61 62 63 64 56 48 40 32 24 16 8 7 6 5 4 3 2 1 9 17 25 33 41 49 57 58 59 51 50 42 34 26 18 10 11 12 20 21 13 14 15 23 31 39 38 65 
0 35 27 19 20 21 13 5 6 7 8 16 24 32 40 48 56 64 63 62 61 60 59 58 57 49 41 33 25 17 9 1 2 3 4 12 11 10 18 26 34 42 50 51 52 53 54 55 47 39 31 23 30 38 65 
0 36 44 52 60 61 62 63 64 56 48 40 32 24 16 8 7 6 5 4 3 2 1 9 17 25 33 41 49 50 58 59 51 43 42 34 35 27 26 18 10 11 12 13 14 15 23 31 39 47 55 54 38 65 
0 36 44 52 60 61 62 63 64 56 48 40 32 24 16 8 7 6 5 4 3 2 1 9 17 25 33 41 49 50 58 59 51 43 42 34 35 27 26 18 10 11 12 13 14 15 23 31 39 47 55 54 45 38 29 65 
0 36 28 27 35 44 52 60 61 62 63 64 56 48 40 32 24 16 8 7 6 5 4 3 2 1 9 17 25 33 41 49 57 58 59 51 43 42 34 26 18 10 11 12 20 21 13 14 15 23 31 39 47 65 
0 36 28 29 30 31 32 23 22 21 20 12 13 14 15 7 6 5 4 3 2 1 9 17 25 33 41 49 57 58 59 51 50 42 34 26 18 10 11 19 27 35 43 44 52 60 54 47 65 
0 36 28 29 21 22 14 15 23 31 32 24 16 8 7 6 5 4 12 20 19 18 10 11 3 2 1 9 17 25 33 41 49 57 58 59 51 50 42 34 26 27 35 43 44 45 46 54 53 52 55 65 
0 28 36 44 45 53 54 55 47 48 56 64 63 62 61 60 59 51 43 42 41 33 25 17 9 1 2 3 4 12 11 10 18 26 34 35 27 19 20 13 5 6 7 8 16 24 32 40 39 31 23 15 14 22 21 29 30 38 37 65 
0 37 36 44 52 60 61 62 63 64 56 48 40 32 24 16 8 7 6 5 4 3 2 1 9 17 25 33 41 49 50 42 43 35 27 34 26 18 10 11 12 13 14 15 23 31 39 47 55 54 45 46 38 30 29 65 
0 36 35 43 44 52 60 61 62 63 64 56 48 40 32 24 23 15 7 6 5 4 3 2 1 9 17 25 33 41 49 57 58 59 51 50 42 34 26 18 10 11 12 13 21 20 19 27 28 29 65 
0 36 44 43 35 27 28 20 21 29 30 23 15 14 6 7 8 16 24 32 40 48 56 64 63 62 61 60 59 58 57 49 41 33 25 17 9 1 2 3 4 12 11 10 18 26 34 42 50 51 52 53 54 55 47 39 38 65 
0 36 29 28 27 35 43 44 45 53 61 62 63 64 56 48 40 32 24 16 8 7 6 5 4 3 2 1 9 17 25 33 41 49 57 58 59 51 50 42 34 26 18 10 11 12 20 21 13 31 39 47 65 
0 36 37 46 45 44 52 53 54 55 47 39 31 23 15 14 13 12 4 5 6 7 8 16 24 32 40 48 56 64 63 62 61 60 59 58 57 49 41 33 25 17 9 1 2 11 10 18 26 34 42 50 51 43 35 27 65 
0 36 35 44 52 60 61 62 63 64 56 48 40 32 24 16 8 7 6 5 4 3 2 1 9 17 25 33 41 49 57 58 59 51 43 42 34 26 18 10 11 12 13 14 15 23 31 39 47 54 65 
0 28 36 44 52 61 60 59 58 57 49 41 33 25 17 9 1 2 3 4 5 6 7 8 16 24 32 40 48 56 55 63 62 54 53 45 46 47 39 31 23 15 14 13 12 11 10 18 26 34 42 51 65 
0 36 28 27 35 44 52 60 61 62 63 64 56 48 40 32 24 16 8 7 6 5 4 3 2 1 9 17 25 33 41 49 57 58 59 51 43 42 34 26 18 10 11 12 20 21 13 14 15 23 31 39 47 65 
0 36 28 27 35 44 52 51 50 42 34 26 18 10 11 3 2 1 9 17 25 33 41 49 57 58 59 60 61 62 54 53 45 46 47 55 63 64 56 48 40 32 24 16 8 7 6 5 4 12 20 21 23 39 38 65 
0 35 27 26 25 17 9 1 2 3 4 5 6 7 8 16 24 32 40 48 56 64 63 62 61 60 59 58 57 49 41 33 34 42 50 51 52 53 54 55 47 39 31 23 15 14 13 12 11 10 18 19 20 65 
0 36 27 35 43 44 52 51 50 42 34 26 18 10 11 3 2 1 9 17 25 33 41 49 57 58 59 60 61 62 54 53 45 46 47 55 63 64 56 48 40 32 24 16 8 7 6 5 4 12 20 21 23 65 
0 37 38 46 45 53 44 43 42 34 26 18 10 11 12 4 3 2 1 9 17 25 33 41 49 50 58 59 51 52 60 61 62 54 55 56 48 47 39 31 30 22 14 15 23 24 16 8 7 6 5 13 21 36 65 
0 37 38 46 45 44 43 42 34 26 18 10 11 12 4 3 2 1 9 17 25 33 41 49 50 58 59 60 52 53 61 62 54 55 56 48 47 39 32 31 30 22 14 15 23 24 16 8 6 21 28 65 
0 37 45 44 43 35 36 28 27 19 20 21 13 12 11 10 18 26 34 42 50 51 52 53 61 60 59 58 57 49 41 33 25 17 9 1 2 3 4 5 6 14 15 7 8 16 24 23 31 39 47 48 55 54 29 65 
0 36 37 45 44 43 35 27 19 28 20 21 13 12 11 10 18 26 34 42 51 52 53 61 60 59 58 50 49 41 33 25 17 9 1 2 3 4 5 6 14 15 7 8 16 24 23 31 39 47 48 56 55 63 54 29 65 
0 28 36 37 45 44 43 35 27 19 20 21 13 12 11 10 18 26 34 42 51 52 53 61 60 59 58 50 49 41 33 25 17 9 1 2 3 4 5 6 14 15 7 8 16 24 23 31 39 47 48 56 55 63 54 29 65 
0 28 35 27 19 20 21 13 12 11 10 18 26 34 42 43 51 52 44 36 37 45 53 61 60 59 58 50 49 41 33 25 17 9 1 2 3 4 5 6 14 15 7 8 16 24 23 31 39 47 48 56 55 63 54 29 65 
0 36 44 52 60 59 51 43 35 27 28 20 21 13 12 11 10 18 26 34 42 50 58 49 41 33 25 17 9 1 2 3 4 5 6 7 15 14 22 23 24 32 40 39 46 54 55 47 48 56 64 63 61 53 45 37 38 65 
0 36 37 45 44 43 35 27 28 20 21 13 12 11 10 18 26 34 42 50 51 52 53 61 60 59 58 57 49 41 33 25 17 9 1 2 3 4 5 6 14 15 7 8 16 24 23 31 39 47 48 56 55 63 54 29 65 
0 36 37 38 45 44 43 35 27 28 20 12 11 10 18 26 34 42 51 52 53 61 60 59 58 50 49 41 33 25 17 9 1 2 3 4 5 6 14 15 7 8 16 24 32 40 48 56 64 63 55 54 46 47 39 29 65 
0 37 38 45 44 36 35 27 28 20 12 11 10 18 26 34 42 43 51 52 53 61 60 59 58 50 49 41 33 25 17 9 1 2 3 4 5 6 14 15 7 8 16 24 32 40 48 56 64 63 55 54 46 47 39 29 65 
0 36 37 45 44 52 53 62 61 60 59 51 43 35 27 28 20 21 13 12 11 10 18 26 34 42 50 49 41 33 25 17 9 1 2 3 4 5 6 14 15 7 8 16 24 32 40 48 56 64 63 55 54 46 47 39 31 30 65 
0 36 37 45 44 43 35 27 28 20 12 11 10 18 26 34 42 50 51 52 53 61 60 59 58 57 49 41 33 25 17 9 1 2 3 4 5 6 14 15 7 8 16 24 32 40 48 56 64 63 55 54 46 47 39 29 65 
0 36 44 45 53 62 61 52 60 59 51 43 35 27 28 20 21 13 12 11 10 18 26 34 42 50 58 57 49 41 33 25 17 9 1 2 3 4 5 6 14 15 7 8 16 24 32 40 48 56 64 63 55 54 46 47 39 38 37 65 
0 36 44 45 53 62 61 52 60 59 51 43 35 27 28 20 21 13 12 11 10 18 26 34 42 50 58 57 49 41 33 25 17 9 1 2 3 4 5 6 14 15 7 8 16 24 32 40 48 56 64 63 55 54 46 47 39 38 30 65 
0 36 44 45 53 62 61 60 59 51 43 35 27 19 20 21 13 12 11 10 18 26 34 42 50 58 57 49 41 33 25 17 9 1 2 3 4 5 6 14 15 7 8 16 24 32 40 48 56 64 63 55 54 46 47 39 31 23 65 
0 36 44 52 53 62 61 60 59 51 43 35 27 19 20 21 13 12 11 10 18 26 34 42 50 58 57 49 41 33 25 17 9 1 2 3 4 5 6 14 15 7 8 16 24 32 40 48 56 64 63 55 54 46 47 39 29 65 
0 36 44 45 53 62 61 60 59 51 43 35 27 28 20 21 13 12 11 10 18 26 34 42 50 58 57 49 41 33 25 17 9 1 2 3 4 5 6 14 15 7 8 16 24 32 40 48 56 64 63 55 54 46 47 39 31 23 65 
0 37 36 28 20 19 27 26 18 10 11 12 13 14 15 7 6 5 4 3 2 1 9 17 25 33 41 42 34 35 43 44 52 51 50 58 59 60 61 62 63 64 56 55 54 53 45 46 38 39 47 40 32 29 65 
0 36 37 46 38 39 47 55 54 53 45 44 52 51 50 42 43 35 27 28 20 12 13 21 22 14 15 7 6 5 4 3 11 10 19 18 17 25 26 34 33 41 49 57 58 59 60 61 62 63 64 32 23 65 
0 37 45 46 38 39 47 55 54 53 52 44 43 51 50 42 34 35 36 28 27 19 20 21 22 23 15 16 8 7 6 14 13 5 4 12 11 3 2 10 18 26 33 41 49 57 58 59 60 61 62 63 64 40 32 65 
0 37 36 28 27 35 43 44 45 46 38 39 47 55 54 53 52 51 50 42 34 26 18 19 20 21 22 14 15 7 6 5 12 11 10 2 1 9 17 25 33 41 49 57 58 59 60 40 32 23 65 
0 28 27 35 43 44 36 37 45 46 38 39 47 55 54 53 52 51 50 42 34 26 18 19 20 21 22 14 15 7 6 5 4 12 11 10 2 1 9 17 25 33 41 49 57 58 59 60 40 32 65 
0 28 27 35 43 44 36 37 45 46 38 39 47 55 54 53 52 51 50 42 34 26 18 19 20 21 22 14 15 16 8 7 6 5 4 12 11 10 17 25 33 41 49 57 58 59 60 61 63 64 65 
0 28 27 35 43 44 36 37 45 46 38 39 47 55 54 53 52 51 50 42 34 26 19 20 21 22 14 15 16 8 7 6 5 4 12 11 10 18 17 25 33 41 49 57 58 59 60 61 63 64 65 
0 37 45 46 38 39 47 55 54 53 52 51 50 42 34 26 35 43 44 36 28 27 19 20 21 22 14 15 16 8 7 6 5 4 12 11 10 18 17 25 33 41 49 57 58 59 60 61 62 63 64 32 65 
0 37 45 46 38 39 47 55 54 53 52 51 50 42 35 43 44 36 28 27 19 20 21 22 14 15 16 8 7 6 5 4 12 11 10 18 17 25 26 34 33 41 49 57 58 59 60 61 62 63 64 32 65 
0 37 45 46 38 39 47 55 54 53 52 51 50 42 43 35 44 36 28 27 19 20 21 22 14 15 7 6 5 4 12 11 3 2 10 18 17 25 26 34 33 41 49 57 58 59 60 61 62 63 64 32 65 
0 37 46 38 39 47 55 54 53 45 44 52 51 50 42 43 35 36 28 27 19 20 21 22 14 15 7 6 5 4 12 11 3 2 10 18 17 25 26 34 33 41 49 57 58 59 60 61 62 63 64 40 32 65 
0 36 37 46 38 39 47 55 54 53 45 44 52 51 50 42 43 35 27 28 20 21 22 14 15 16 8 7 6 5 4 12 11 10 19 18 17 25 26 34 33 41 49 57 58 59 60 61 62 63 64 40 32 65 
0 36 37 46 38 39 47 55 54 53 45 44 52 51 50 42 43 35 27 19 28 20 21 22 14 15 16 8 7 6 5 4 12 11 10 18 17 25 26 34 33 41 49 57 58 59 60 61 62 63 64 40 32 65 
0 36 37 38 39 47 55 46 54 53 45 44 52 51 50 42 43 35 27 19 28 20 21 22 14 15 16 8 7 6 5 4 12 11 10 18 17 25 26 34 33 41 49 57 58 59 60 61 62 63 64 32 23 65 
0 36 37 45 46 38 39 47 55 54 53 52 44 43 51 50 42 34 26 18 19 27 35 28 20 21 22 14 15 16 8 7 6 5 4 12 11 10 17 25 33 41 49 57 58 59 60 61 63 64 65 
0 36 37 45 46 38 39 47 55 54 53 52 44 51 50 42 43 35 34 26 18 19 27 28 20 21 22 14 15 16 8 7 6 5 4 12 11 10 17 25 33 41 49 57 58 59 60 61 62 63 64 65 
0 36 44 37 45 46 38 39 47 55 54 53 52 51 50 42 43 35 34 26 18 19 27 28 20 21 22 14 15 16 8 7 6 5 4 12 11 10 9 17 25 33 41 49 58 59 60 61 62 63 64 32 23 65 
0 37 36 44 45 46 38 39 47 55 54 53 52 51 50 42 43 35 34 26 18 19 27 28 20 21 22 14 15 16 8 7 6 5 4 12 11 10 9 17 25 33 41 49 58 59 60 61 62 63 64 40 32 65 
0 36 44 45 46 37 38 39 47 55 54 53 52 51 50 42 43 35 34 26 18 19 27 28 20 21 22 14 15 16 8 7 6 5 4 12 11 10 9 17 25 33 41 49 58 59 60 61 62 63 64 32 23 30 65 
0 36 44 45 46 37 38 39 47 55 54 53 52 51 50 42 43 35 34 26 18 19 27 28 20 21 22 14 15 7 6 5 4 12 11 3 2 10 9 17 25 33 41 49 58 59 60 61 62 63 64 32 23 30 65 
0 36 35 43 44 45 46 37 38 39 47 55 54 53 52 51 50 42 34 26 18 19 27 28 20 21 22 14 15 7 6 5 4 12 11 3 2 10 9 17 25 33 41 49 58 59 60 61 62 63 64 32 23 65 
0 37 36 35 43 44 45 46 38 39 47 55 54 53 52 51 50 42 34 26 18 19 27 28 20 21 22 14 15 7 6 5 4 12 11 3 2 10 9 17 25 33 41 49 58 59 60 61 62 63 64 32 23 65 
0 37 36 35 43 44 45 46 38 39 47 55 54 53 52 51 42 34 26 18 19 27 28 20 21 22 14 15 7 6 5 4 12 11 3 2 10 9 17 25 33 41 49 50 58 59 60 61 62 63 64 32 29 65 
0 36 35 43 44 37 45 46 38 39 47 55 54 53 52 51 42 34 26 18 19 27 28 20 21 22 14 15 7 6 5 4 12 11 3 2 10 9 17 25 33 41 49 50 58 59 60 40 32 23 65 
0 36 37 45 46 38 39 47 55 54 53 52 51 44 43 42 34 35 28 27 26 18 19 20 21 22 14 15 7 6 5 4 12 11 3 2 10 9 17 25 33 41 49 50 58 59 60 61 62 63 64 32 29 65 
0 36 44 45 37 38 39 47 46 55 54 53 52 51 43 42 34 35 28 27 26 18 19 20 21 22 14 15 7 6 5 4 12 11 3 2 10 9 17 25 33 41 49 50 58 59 60 61 62 63 64 32 65 
0 36 44 45 46 37 38 39 47 55 54 53 52 51 43 42 34 35 27 26 18 19 20 28 21 22 14 15 7 6 5 4 12 11 3 2 10 9 17 25 33 41 49 50 58 59 60 61 62 63 64 32 23 65 
0 37 28 27 35 36 44 45 46 38 39 47 55 54 53 52 51 43 42 34 26 18 19 20 21 22 14 15 7 6 5 4 12 11 3 2 10 9 17 25 33 41 49 50 58 59 60 61 62 63 64 32 29 65 
0 36 28 27 35 44 45 37 38 46 39 47 55 54 53 52 51 43 42 34 26 18 19 20 21 22 14 15 7 6 5 4 12 11 3 2 10 9 17 25 33 41 49 50 58 59 60 61 62 63 64 32 65 
0 37 36 28 27 35 44 45 46 38 39 47 55 54 53 52 51 43 42 34 26 18 19 20 21 22 14 15 7 6 5 4 12 11 3 2 10 9 17 25 33 41 49 50 58 59 60 61 62 63 64 32 65 
0 36 28 27 35 44 45 46 37 38 39 47 55 54 53 52 51 43 42 34 26 18 19 20 21 22 14 15 7 6 5 4 12 11 3 2 10 9 17 25 33 41 49 50 58 59 60 61 62 63 64 32 65 
0 28 27 35 36 44 45 46 37 38 39 47 55 54 53 52 51 43 42 34 26 18 19 20 21 22 14 15 7 6 5 4 12 11 3 2 10 9 17 25 33 41 49 50 58 59 60 61 62 63 64 32 23 65 
0 28 27 35 36 44 45 37 38 39 47 46 55 54 53 52 51 43 42 34 26 18 19 20 21 22 14 15 7 6 5 4 12 11 3 2 10 9 17 25 33 41 49 50 58 59 60 61 62 63 64 32 23 65 
0 28 27 35 36 44 37 38 39 47 55 54 46 45 53 52 51 43 42 34 26 18 19 20 21 22 14 15 7 6 5 4 12 11 3 2 10 9 17 25 33 41 49 50 58 59 60 61 62 63 64 65 
0 28 27 35 43 44 36 37 38 39 47 55 54 46 45 53 52 51 42 34 26 18 19 20 21 22 14 15 7 6 5 4 12 11 3 2 10 9 17 25 33 41 49 50 58 59 60 61 63 64 32 65 
0 28 27 35 36 37 38 39 47 55 54 46 45 53 52 51 44 43 42 34 26 18 19 20 21 22 14 15 7 6 5 4 12 11 3 2 10 9 17 25 33 41 49 50 58 59 60 61 62 63 64 32 29 65 
0 28 27 35 44 36 37 38 39 47 55 54 46 45 53 52 51 43 42 34 26 18 19 20 21 22 14 15 7 6 5 4 12 11 3 2 10 9 17 25 33 41 49 50 58 59 60 61 62 63 64 32 23 65 
0 36 28 27 35 44 37 38 39 47 55 54 46 45 53 52 51 43 42 34 26 18 19 20 21 22 14 15 7 6 5 4 12 11 3 2 10 9 17 25 33 41 49 50 58 59 60 61 63 64 65 
0 36 28 27 35 44 45 37 38 39 47 55 54 46 53 52 51 43 42 34 26 18 19 20 21 22 14 15 7 6 5 4 12 11 3 2 10 9 17 25 33 41 49 50 58 59 60 61 62 63 64 32 23 65 
0 36 28 27 35 43 44 45 37 38 39 47 55 54 46 53 52 51 42 34 26 18 19 20 21 22 14 15 7 6 5 4 12 11 3 2 10 9 17 25 33 41 49 50 58 59 60 61 62 63 64 65 
0 36 28 27 35 43 44 45 37 38 39 47 46 55 54 53 52 51 42 34 26 18 19 20 21 22 14 15 7 6 5 4 12 11 3 2 10 9 17 25 33 41 49 50 58 59 60 61 63 64 65 
0 36 28 27 35 43 44 45 46 37 38 39 47 55 54 53 52 51 42 34 26 18 19 20 21 22 14 15 7 6 5 4 12 11 3 2 10 9 17 25 33 41 49 50 58 59 60 61 63 64 65 
0 37 36 28 27 35 43 44 45 46 38 39 47 55 54 53 52 51 42 34 26 18 19 20 21 22 14 15 7 6 5 4 12 11 3 2 10 9 17 25 33 41 49 50 58 59 60 61 63 64 65 
0 37 36 28 27 35 43 44 45 46 38 39 47 55 54 53 52 51 42 34 26 18 19 20 21 22 14 15 16 8 7 6 5 4 12 11 10 9 17 25 33 41 49 50 58 59 60 61 63 64 65 
0 37 36 28 27 35 43 44 45 46 38 39 47 55 54 53 52 51 42 34 26 18 19 20 21 22 14 15 23 24 16 8 7 6 5 4 12 11 10 9 17 25 33 41 49 50 58 59 60 40 32 65 
0 28 27 35 43 44 36 37 45 46 38 39 47 55 54 53 52 51 42 34 26 18 19 20 21 22 14 15 23 24 16 8 7 6 5 4 12 11 10 9 17 25 33 41 49 50 58 59 60 40 32 29 65 
0 36 28 27 35 43 44 37 45 46 38 39 47 55 54 53 52 51 42 34 26 18 19 20 21 22 14 15 23 24 16 8 7 6 5 4 12 11 10 9 17 25 33 41 49 50 58 59 61 63 64 65 
0 28 27 35 36 37 45 46 38 39 47 55 54 53 52 51 44 43 42 34 26 18 19 20 21 22 14 15 23 24 16 8 7 6 5 4 12 11 10 9 17 25 33 41 49 50 58 59 60 40 32 31 29 65 
0 37 36 28 27 35 43 44 45 46 38 39 47 55 54 53 52 51 50 42 34 26 19 20 21 22 14 15 23 24 16 8 7 6 5 4 12 11 10 18 17 25 33 41 49 57 58 59 61 63 64 65 
0 37 45 46 38 39 47 55 54 53 52 51 50 42 34 35 43 44 36 28 27 26 19 20 21 22 14 15 23 24 16 8 7 6 5 4 12 11 10 18 17 25 33 41 49 57 58 59 60 40 32 29 65 
0 28 36 43 44 45 46 38 39 47 55 54 53 52 51 50 42 34 26 35 27 19 20 21 22 14 15 23 24 16 8 7 6 5 4 12 11 10 18 17 25 33 41 49 57 58 59 60 61 63 64 37 65 
0 28 36 45 46 38 39 47 55 54 53 52 44 43 51 50 42 34 26 35 27 19 20 21 22 14 15 23 24 16 8 7 6 5 4 12 11 10 18 17 25 33 41 49 57 58 59 60 61 62 63 64 37 65 
0 28 35 36 45 46 38 39 47 55 54 53 52 44 43 51 50 42 34 26 27 19 20 21 22 14 15 23 24 16 8 7 6 5 4 12 11 10 18 17 25 33 41 49 57 58 59 60 61 63 64 37 65 
0 28 35 36 37 45 46 38 39 47 55 54 53 52 44 43 51 50 42 34 26 27 19 20 21 22 14 15 23 24 16 8 7 6 5 4 12 11 10 18 17 25 33 41 49 57 58 59 60 40 32 29 65 
0 37 45 46 38 39 47 55 54 53 52 44 43 51 50 42 34 26 35 36 28 27 19 20 21 22 14 15 23 24 16 8 7 6 5 4 12 11 10 18 17 25 33 41 49 57 58 59 60 40 32 29 65 
0 36 37 45 46 38 39 47 55 54 53 52 44 43 51 50 42 34 26 35 28 27 19 20 21 22 14 15 23 24 16 8 7 6 5 4 12 11 10 18 17 25 33 41 49 57 58 59 60 40 32 29 65 
0 36 37 45 46 38 39 47 55 54 53 52 44 43 51 50 42 34 26 35 27 19 28 20 21 22 14 15 23 24 16 8 7 6 5 4 12 11 10 18 17 25 33 41 49 57 58 59 60 61 63 64 65 
0 37 36 28 20 19 27 26 18 10 11 12 13 14 15 7 6 5 4 3 2 1 9 17 25 33 41 49 42 34 35 43 44 52 51 50 58 59 60 61 62 63 64 56 55 54 53 45 46 38 39 47 32 29 65 
0 37 36 28 27 35 43 44 45 46 38 39 47 55 54 53 52 51 50 42 34 26 18 19 20 21 13 14 15 7 6 5 12 11 10 2 1 9 17 25 33 41 49 57 58 59 60 40 32 23 65 
0 28 27 35 43 44 36 37 45 46 38 39 47 55 54 53 52 51 50 42 34 26 18 19 20 21 13 14 15 7 6 5 12 11 10 2 1 9 17 25 33 41 49 57 58 59 60 40 32 23 65 
0 28 27 35 43 44 36 37 45 46 38 39 47 55 54 53 52 51 50 42 34 26 18 19 20 21 13 14 15 7 6 5 4 12 11 10 2 1 9 17 25 33 41 49 57 58 59 60 40 32 65 
0 28 27 35 43 44 36 37 45 46 38 39 47 55 54 53 52 51 50 42 34 26 18 19 20 21 13 14 15 16 8 7 6 5 4 12 11 10 17 25 33 41 49 57 58 59 60 61 63 64 65 
0 28 27 35 43 44 36 37 45 46 38 39 47 55 54 53 52 51 50 42 34 26 19 20 21 13 14 15 16 8 7 6 5 4 12 11 10 18 17 25 33 41 49 57 58 59 60 61 63 64 65 
0 37 45 46 38 39 47 55 54 53 52 51 50 42 34 26 35 43 44 36 28 27 19 20 21 13 14 15 16 8 7 6 5 4 12 11 10 18 17 25 33 41 49 57 58 59 60 61 62 63 64 32 65 
0 37 45 46 38 39 47 55 54 53 52 51 50 42 35 43 44 36 28 27 19 20 21 13 14 15 16 8 7 6 5 4 12 11 10 18 17 25 26 34 33 41 49 57 58 59 60 61 62 63 64 32 65 
0 37 45 46 38 39 47 55 54 53 52 51 50 42 43 35 44 36 28 27 19 20 21 13 14 15 7 6 5 4 12 11 3 2 10 18 17 25 26 34 33 41 49 57 58 59 60 61 62 63 64 32 65 
0 37 46 38 39 47 55 54 53 45 44 52 51 50 42 43 35 36 28 27 19 20 21 13 14 15 7 6 5 4 12 11 3 2 10 18 17 25 26 34 33 41 49 57 58 59 60 61 62 63 64 40 32 65 
0 36 37 46 38 39 47 55 54 53 45 44 52 51 50 42 43 35 27 28 20 21 13 14 15 16 8 7 6 5 4 12 11 10 19 18 17 25 26 34 33 41 49 57 58 59 60 61 62 63 64 40 32 65 
0 36 37 38 39 47 55 46 54 53 45 44 52 51 50 42 43 35 27 19 28 20 21 13 14 15 16 8 7 6 5 4 12 11 10 18 17 25 26 34 33 41 49 57 58 59 60 61 62 63 64 32 23 65 
0 36 37 45 46 38 39 47 55 54 53 52 44 43 51 50 42 34 26 18 19 27 35 28 20 21 13 14 15 16 8 7 6 5 4 12 11 10 17 25 33 41 49 57 58 59 60 61 63 64 65 
0 36 44 37 45 46 38 39 47 55 54 53 52 51 50 42 43 35 34 26 18 19 27 28 20 21 13 14 15 16 8 7 6 5 4 12 11 10 17 25 33 41 49 57 58 59 60 61 63 64 65 
0 36 44 37 45 46 38 39 47 55 54 53 52 51 50 42 43 35 34 26 18 19 27 28 20 21 13 14 15 16 8 7 6 5 4 12 11 10 9 17 25 33 41 49 58 59 60 61 62 63 64 32 23 65 
0 37 36 44 45 46 38 39 47 55 54 53 52 51 50 42 43 35 34 26 18 19 27 28 20 21 13 14 15 16 8 7 6 5 4 12 11 10 9 17 25 33 41 49 58 59 60 61 62 63 64 40 32 65 
0 36 44 45 46 37 38 39 47 55 54 53 52 51 50 42 43 35 34 26 18 19 27 28 20 21 13 14 15 16 8 7 6 5 4 12 11 10 9 17 25 33 41 49 58 59 60 61 62 63 64 32 23 30 65 
0 36 44 45 46 37 38 39 47 55 54 53 52 51 50 42 43 35 34 26 18 19 27 28 20 21 13 14 15 7 6 5 4 12 11 3 2 10 9 17 25 33 41 49 58 59 60 61 62 63 64 32 23 30 65 
0 36 35 43 44 45 46 37 38 39 47 55 54 53 52 51 50 42 34 26 18 19 27 28 20 21 13 14 15 7 6 5 4 12 11 3 2 10 9 17 25 33 41 49 58 59 60 61 62 63 64 32 23 65 
0 37 36 35 43 44 45 46 38 39 47 55 54 53 52 51 42 34 26 18 19 27 28 20 21 13 14 15 7 6 5 4 12 11 3 2 10 9 17 25 33 41 49 50 58 59 60 61 62 63 64 32 29 65 
0 36 35 43 44 37 45 46 38 39 47 55 54 53 52 51 42 34 26 18 19 27 28 20 21 13 14 15 7 6 5 4 12 11 3 2 10 9 17 25 33 41 49 50 58 59 60 40 32 23 65 
0 36 37 45 46 38 39 47 55 54 53 52 44 51 43 42 34 35 28 27 26 18 19 20 21 13 14 15 7 6 5 4 12 11 3 2 10 9 17 25 33 41 49 50 58 59 60 61 62 63 64 32 29 65 
0 36 37 45 46 38 39 47 55 54 53 52 51 44 43 42 34 35 28 27 26 18 19 20 21 13 14 15 7 6 5 4 12 11 3 2 10 9 17 25 33 41 49 50 58 59 60 61 62 63 64 32 29 65 
0 36 44 45 37 38 39 47 46 55 54 53 52 51 43 42 34 35 28 27 26 18 19 20 21 13 14 15 7 6 5 4 12 11 3 2 10 9 17 25 33 41 49 50 58 59 60 61 62 63 64 32 65 
0 37 28 27 35 36 44 45 46 38 39 47 55 54 53 52 51 43 42 34 26 18 19 20 21 13 14 15 7 6 5 4 12 11 3 2 10 9 17 25 33 41 49 50 58 59 60 61 62 63 64 32 29 65 
0 37 36 28 27 35 44 45 46 38 39 47 55 54 53 52 51 43 42 34 26 18 19 20 21 13 14 15 7 6 5 4 12 11 3 2 10 9 17 25 33 41 49 50 58 59 60 61 62 63 64 32 65 
0 36 28 27 35 44 45 46 37 38 39 47 55 54 53 52 51 43 42 34 26 18 19 20 21 13 14 15 7 6 5 4 12 11 3 2 10 9 17 25 33 41 49 50 58 59 60 61 62 63 64 32 65 
0 28 27 35 36 44 45 46 37 38 39 47 55 54 53 52 51 43 42 34 26 18 19 20 21 13 14 15 7 6 5 4 12 11 3 2 10 9 17 25 33 41 49 50 58 59 60 61 62 63 64 32 23 65 
0 28 27 35 36 44 45 37 38 39 47 46 55 54 53 52 51 43 42 34 26 18 19 20 21 13 14 15 7 6 5 4 12 11 3 2 10 9 17 25 33 41 49 50 58 59 60 61 62 63 64 32 23 65 
0 28 27 35 36 44 37 38 39 47 55 54 46 45 53 52 51 43 42 34 26 18 19 20 21 13 14 15 7 6 5 4 12 11 3 2 10 9 17 25 33 41 49 50 58 59 60 61 62 63 64 65 
0 28 27 35 43 44 36 37 38 39 47 55 54 46 45 53 52 51 42 34 26 18 19 20 21 13 14 15 7 6 5 4 12 11 3 2 10 9 17 25 33 41 49 50 58 59 60 61 63 64 32 65 
0 28 27 35 36 37 38 39 47 55 54 46 45 53 52 51 44 43 42 34 26 18 19 20 21 13 14 15 7 6 5 4 12 11 3 2 10 9 17 25 33 41 49 50 58 59 60 61 62 63 64 32 29 65 
0 28 27 35 44 36 37 38 39 47 55 54 46 45 53 52 51 43 42 34 26 18 19 20 21 13 14 15 7 6 5 4 12 11 3 2 10 9 17 25 33 41 49 50 58 59 60 61 62 63 64 32 23 65 
0 36 28 27 35 44 37 38 39 47 55 54 46 45 53 52 51 43 42 34 26 18 19 20 21 13 14 15 7 6 5 4 12 11 3 2 10 9 17 25 33 41 49 50 58 59 60 61 63 64 65 
0 36 28 27 35 43 44 45 37 38 39 47 55 54 46 53 52 51 42 34 26 18 19 20 21 13 14 15 7 6 5 4 12 11 3 2 10 9 17 25 33 41 49 50 58 59 60 61 62 63 64 65 
0 36 28 27 35 43 44 45 37 38 39 47 46 55 54 53 52 51 42 34 26 18 19 20 21 13 14 15 7 6 5 4 12 11 3 2 10 9 17 25 33 41 49 50 58 59 60 61 63 64 65 
0 36 28 27 35 43 44 45 46 37 38 39 47 55 54 53 52 51 42 34 26 18 19 20 21 13 14 15 7 6 5 4 12 11 3 2 10 9 17 25 33 41 49 50 58 59 60 61 63 64 65 
0 37 36 28 27 35 43 44 45 46 38 39 47 55 54 53 52 51 42 34 26 18 19 20 21 13 14 15 7 6 5 4 12 11 3 2 10 9 17 25 33 41 49 50 58 59 60 61 63 64 65 
0 37 36 28 27 35 43 44 45 46 38 39 47 55 54 53 52 51 42 34 26 18 19 20 21 13 14 15 16 8 7 6 5 4 12 11 10 9 17 25 33 41 49 50 58 59 60 61 63 64 65 
0 37 36 28 27 35 43 44 45 46 38 39 47 55 54 53 52 51 42 34 26 18 19 20 21 13 14 15 23 24 16 8 7 6 5 4 12 11 10 9 17 25 33 41 49 50 58 59 60 40 32 65 
0 28 27 35 43 44 36 37 45 46 38 39 47 55 54 53 52 51 42 34 26 18 19 20 21 13 14 15 23 24 16 8 7 6 5 4 12 11 10 9 17 25 33 41 49 50 58 59 60 40 32 29 65 
0 36 28 27 35 43 44 37 45 46 38 39 47 55 54 53 52 51 42 34 26 18 19 20 21 13 14 15 23 24 16 8 7 6 5 4 12 11 10 9 17 25 33 41 49 50 58 59 61 63 64 65 
0 28 27 35 36 37 45 46 38 39 47 55 54 53 52 51 44 43 42 34 26 18 19 20 21 13 14 15 23 24 16 8 7 6 5 4 12 11 10 9 17 25 33 41 49 50 58 59 60 40 32 31 29 65 
0 37 36 28 27 35 43 44 45 46 38 39 47 55 54 53 52 51 50 42 34 26 19 20 21 13 14 15 23 24 16 8 7 6 5 4 12 11 10 18 17 25 33 41 49 57 58 59 61 63 64 65 
0 37 45 46 38 39 47 55 54 53 52 51 50 42 34 35 43 44 36 28 27 26 19 20 21 13 14 15 23 24 16 8 7 6 5 4 12 11 10 18 17 25 33 41 49 57 58 59 60 40 32 29 65 
0 28 36 43 44 45 46 38 39 47 55 54 53 52 51 50 42 34 26 35 27 19 20 21 13 14 15 23 24 16 8 7 6 5 4 12 11 10 18 17 25 33 41 49 57 58 59 60 61 63 64 37 65 
0 28 36 45 46 38 39 47 55 54 53 52 44 43 51 50 42 34 26 35 27 19 20 21 13 14 15 23 24 16 8 7 6 5 4 12 11 10 18 17 25 33 41 49 57 58 59 60 61 62 63 64 37 65 
0 28 35 36 45 46 38 39 47 55 54 53 52 44 43 51 50 42 34 26 27 19 20 21 13 14 15 23 24 16 8 7 6 5 4 12 11 10 18 17 25 33 41 49 57 58 59 60 61 63 64 37 65 
0 28 35 36 37 45 46 38 39 47 55 54 53 52 44 43 51 50 42 34 26 27 19 20 21 13 14 15 23 24 16 8 7 6 5 4 12 11 10 18 17 25 33 41 49 57 58 59 60 40 32 29 65 
0 37 45 46 38 39 47 55 54 53 52 44 43 51 50 42 34 26 35 36 28 27 19 20 21 13 14 15 23 24 16 8 7 6 5 4 12 11 10 18 17 25 33 41 49 57 58 59 60 40 32 29 65 
0 36 37 45 46 38 39 47 55 54 53 52 44 43 51 50 42 34 26 35 28 27 19 20 21 13 14 15 23 24 16 8 7 6 5 4 12 11 10 18 17 25 33 41 49 57 58 59 60 40 32 29 65 
0 36 37 45 46 38 39 47 55 54 53 52 44 35 43 51 50 42 34 26 27 19 28 20 21 13 14 15 23 24 16 8 7 6 5 4 12 11 10 18 17 25 33 41 49 57 58 59 60 40 32 29 65 
0 37 36 28 20 19 27 26 18 10 11 12 13 14 15 7 6 5 4 3 2 1 9 17 25 33 41 49 42 34 35 43 44 52 51 50 58 59 60 61 62 63 64 56 55 54 53 45 46 38 39 47 32 29 65 
0 28 27 35 43 44 36 37 45 46 38 39 47 55 54 53 52 51 50 42 34 26 18 19 20 21 14 15 7 6 5 4 12 11 10 2 1 9 17 25 33 41 49 57 58 59 60 40 32 65 
0 36 37 45 46 38 39 47 55 54 53 52 44 43 51 50 42 34 26 35 27 28 20 21 14 15 7 6 5 4 12 11 19 18 10 2 1 9 17 25 33 41 49 57 58 59 60 61 63 64 65 
0 37 36 28 27 35 43 44 45 46 38 39 47 55 54 53 52 51 42 34 26 18 10 11 12 20 21 13 14 15 7 6 5 4 3 2 1 9 17 25 33 41 49 50 58 59 60 40 32 65 
0 37 36 28 20 27 35 34 26 18 10 11 12 13 14 15 7 6 5 4 3 2 1 9 17 25 33 41 42 43 51 50 49 57 58 59 60 61 62 63 64 56 55 54 53 52 44 45 46 38 39 47 65 
0 28 20 19 27 36 35 34 26 18 10 11 12 13 14 15 7 6 5 4 3 2 1 9 17 25 33 41 42 43 51 50 49 57 58 59 60 61 62 63 64 56 55 54 53 52 44 45 46 38 39 47 40 32 65 
0 36 28 27 35 44 45 46 38 39 47 55 54 53 52 51 43 42 34 26 18 19 20 12 13 14 15 16 8 7 6 5 4 3 11 10 2 1 9 17 25 33 41 49 50 58 59 60 61 63 40 32 29 65 
0 36 28 27 35 43 44 45 37 38 39 47 55 54 53 52 51 42 34 26 18 10 11 12 20 21 13 14 15 16 8 7 6 5 4 3 2 1 9 17 25 33 41 49 50 58 59 60 40 32 65 
0 36 28 27 35 43 44 45 46 38 39 47 55 54 53 52 51 42 34 26 18 10 11 12 20 21 13 14 15 16 8 7 6 5 4 3 2 1 9 17 25 33 41 49 50 58 59 60 40 32 23 65 
0 36 28 27 35 43 44 45 46 38 39 47 55 54 53 52 51 42 34 26 18 10 11 12 20 21 14 15 16 8 7 6 5 4 3 2 1 9 17 25 33 41 49 50 58 59 60 40 32 23 65 
0 36 28 27 35 43 44 45 46 38 39 47 55 54 53 52 51 42 34 26 18 10 11 12 20 21 13 14 15 16 8 7 6 5 4 3 2 1 9 17 25 33 41 49 50 58 59 60 40 32 23 65 
0 36 28 27 26 18 10 11 12 20 21 22 14 15 16 8 7 6 5 4 3 2 1 9 17 25 33 34 35 43 44 53 52 51 50 42 41 49 57 58 59 60 61 62 63 64 56 55 54 46 38 39 47 65 
0 28 36 44 45 46 39 47 55 54 53 52 51 43 35 34 26 18 19 20 12 13 14 15 16 8 7 6 5 4 3 11 10 2 1 9 17 25 33 41 42 50 49 57 58 59 60 61 62 63 64 32 23 65 
0 28 36 35 43 44 45 46 39 47 55 54 53 52 51 50 42 34 26 18 19 20 12 13 14 15 16 8 7 6 5 4 3 11 10 2 1 9 17 25 33 41 49 57 58 59 60 40 32 23 65 
0 36 27 35 43 44 45 46 39 47 55 54 53 52 51 50 42 34 26 18 19 20 12 13 14 15 16 8 7 6 5 4 3 11 10 2 1 9 17 25 33 41 49 57 58 59 60 40 32 29 65 
0 36 28 20 27 35 43 44 45 46 39 47 55 54 53 52 51 50 42 34 26 18 10 11 12 13 14 15 23 24 16 8 7 6 5 4 3 2 1 9 17 25 33 41 49 57 58 59 30 29 65 
0 28 29 30 22 21 20 11 12 13 5 4 3 2 10 17 18 19 27 26 34 33 41 49 57 58 50 42 43 35 36 44 45 53 52 51 59 60 61 62 54 55 56 48 40 32 24 16 8 7 6 14 15 23 31 39 47 46 38 37 65 
0 28 27 19 20 29 30 22 21 13 5 4 12 11 2 10 18 17 25 26 34 33 41 49 57 58 50 42 43 35 36 44 45 53 52 51 59 60 61 62 54 55 56 48 40 32 24 16 8 7 6 14 15 23 31 39 47 46 38 37 65 
0 28 29 30 22 21 20 12 5 4 3 11 2 10 9 17 18 19 27 26 34 33 41 49 57 58 50 42 43 35 36 44 45 53 52 51 59 60 61 62 54 55 56 48 40 32 24 16 8 7 6 14 15 23 31 39 47 46 38 37 65 
0 28 29 30 22 21 20 11 12 5 4 3 2 10 9 17 18 19 27 26 34 33 41 49 57 58 50 42 43 35 36 44 45 53 52 51 59 60 61 62 54 55 56 48 40 32 24 16 8 7 6 14 15 23 31 39 47 46 38 37 65 
0 28 29 30 22 21 20 12 5 4 11 3 2 10 9 17 18 19 27 26 34 33 41 49 57 58 50 42 43 35 36 44 45 53 52 51 59 60 61 62 54 55 56 48 40 32 24 16 8 7 6 14 15 23 31 39 47 46 38 37 65 
0 28 29 30 22 21 20 12 5 4 3 2 11 10 9 17 18 19 27 26 34 33 41 49 57 58 50 42 43 35 36 44 45 53 52 51 59 60 61 62 54 55 56 48 40 32 24 16 8 7 6 14 15 23 31 39 47 46 38 37 65 
0 28 20 12 11 19 27 35 36 37 30 38 46 45 44 43 51 52 60 59 58 50 49 41 42 34 33 25 26 18 10 2 3 4 5 6 7 8 16 24 32 40 48 56 64 63 62 61 53 54 55 47 39 31 23 29 65 
0 28 29 30 21 20 12 13 5 4 11 10 2 1 9 17 18 19 27 26 34 33 41 49 57 58 50 42 43 35 36 44 45 53 52 51 59 60 61 62 54 55 56 48 40 32 24 16 8 7 6 14 15 23 31 39 47 38 37 65 
0 36 28 29 21 20 12 13 5 4 3 2 10 11 19 18 17 25 26 27 35 43 51 50 42 34 33 41 49 58 59 60 52 44 45 53 61 62 63 64 56 48 40 32 24 16 8 7 6 14 15 23 31 39 47 38 65 
0 36 28 29 21 20 12 13 5 4 3 2 10 11 19 18 17 25 26 27 35 43 50 42 34 33 41 49 57 58 59 60 52 44 45 53 61 62 63 64 56 48 40 32 24 16 8 7 6 14 23 31 39 38 65 
0 36 28 29 21 20 12 13 5 4 3 2 10 11 19 18 17 25 26 27 35 43 51 50 42 34 33 41 49 57 58 59 60 52 44 53 61 62 63 64 56 48 40 32 24 16 8 7 6 14 15 23 31 39 47 65 
0 28 20 12 11 10 18 26 27 35 36 37 38 46 45 44 43 51 52 60 59 58 50 49 41 34 33 25 17 9 1 2 3 4 5 6 7 8 16 24 32 40 48 56 64 63 62 61 53 54 55 47 39 31 21 29 65 
0 28 20 12 11 10 18 26 34 35 27 36 37 38 46 45 44 43 51 52 60 59 58 50 49 41 33 25 17 9 1 2 3 4 5 6 7 8 16 24 32 40 48 56 64 63 62 61 53 54 55 47 39 31 23 29 65 
0 36 28 29 21 20 12 13 5 4 3 2 1 9 10 11 19 18 17 25 26 27 35 43 42 34 33 41 49 50 58 59 60 52 44 45 53 61 62 63 64 56 48 40 32 24 16 8 7 6 14 15 23 31 39 38 65 
0 36 28 29 21 20 12 13 5 4 3 2 1 9 10 11 19 18 17 25 26 27 35 43 42 34 33 41 49 57 58 59 60 52 44 45 53 61 62 63 64 56 48 40 32 24 16 8 7 6 14 23 39 38 65 
0 28 36 35 27 19 11 10 18 26 34 42 43 44 51 59 58 57 49 41 33 25 17 9 1 2 3 4 12 20 21 13 5 6 7 8 16 24 32 40 48 56 64 63 62 61 60 52 53 54 55 47 39 31 23 65 
0 28 36 35 27 19 11 10 18 26 34 42 43 44 52 51 59 58 57 49 41 33 25 17 9 1 2 3 4 12 20 21 13 5 6 7 8 16 24 32 40 48 56 64 63 62 61 60 53 54 55 47 39 31 23 22 30 29 65 
0 28 36 35 27 19 11 10 18 26 34 42 43 50 51 59 58 57 49 41 33 25 17 9 1 2 3 4 12 20 21 13 5 6 7 8 16 24 32 40 48 56 64 63 62 61 60 52 53 54 55 47 39 31 23 65 
0 28 27 19 18 10 11 12 20 21 22 13 5 4 3 2 1 9 17 25 26 35 43 51 50 42 34 33 41 49 57 58 59 60 52 53 61 62 63 64 56 48 40 32 24 16 8 7 6 14 15 23 31 39 38 65 
0 28 27 26 34 35 36 37 38 39 40 48 47 46 54 55 56 64 63 62 61 60 59 51 52 53 45 44 43 42 50 58 49 41 33 25 17 18 19 20 21 13 12 11 10 2 3 4 5 6 7 15 14 22 23 32 29 65 
0 28 27 26 34 35 36 37 38 39 47 46 54 55 48 56 64 63 62 61 60 59 51 52 53 45 44 43 42 50 58 57 49 41 33 25 17 18 19 20 21 13 12 11 10 2 3 4 5 6 7 15 14 22 23 32 29 65 
0 28 27 26 34 35 36 37 38 39 47 46 45 53 54 55 48 56 64 63 62 61 60 59 51 52 44 43 42 50 58 57 49 41 33 25 17 18 19 20 21 13 12 11 10 2 3 4 5 6 7 15 14 22 23 32 31 29 65 
0 37 38 39 47 46 45 53 54 55 48 56 64 63 62 61 60 59 51 52 44 36 28 27 26 34 35 43 42 50 58 57 49 41 33 25 17 18 19 20 21 13 12 11 10 2 3 4 5 6 7 15 14 22 23 32 31 29 65 
0 37 38 39 47 48 56 64 63 55 54 46 45 53 62 61 60 59 51 52 44 36 28 27 26 34 35 43 42 50 58 57 49 41 33 25 17 18 19 20 21 13 12 11 10 2 3 4 5 6 7 15 14 22 23 24 32 31 30 29 65 
0 37 38 39 48 47 55 56 64 63 62 54 46 45 53 61 60 59 51 52 44 36 28 27 26 34 35 43 42 50 58 57 49 41 33 25 17 18 19 20 21 13 12 11 10 2 3 4 5 6 7 15 14 22 23 31 29 65 
0 28 27 26 34 35 36 37 38 39 40 48 47 46 54 55 56 64 63 62 61 60 59 51 52 53 45 44 43 42 50 58 57 49 41 33 25 17 18 19 20 21 12 11 10 2 3 4 5 6 7 15 14 22 23 32 31 29 65 
0 36 37 45 46 38 30 22 23 24 32 40 39 47 48 56 55 63 62 54 53 61 60 59 58 50 49 41 42 43 51 52 44 35 27 28 20 12 11 19 26 34 33 25 17 18 10 2 3 4 5 6 7 8 16 21 29 65 
0 36 37 45 53 54 46 38 30 22 23 24 32 40 39 47 48 56 55 63 62 61 60 59 58 50 49 41 42 43 51 52 44 35 27 28 20 12 11 19 26 34 33 25 17 18 10 2 3 4 5 6 7 8 16 21 29 65 
0 37 38 39 40 48 47 55 56 64 63 62 54 46 45 53 61 60 59 51 52 44 36 28 27 26 34 35 43 42 50 58 57 49 41 33 25 17 18 19 20 21 13 12 11 10 2 3 4 5 6 7 15 14 23 65 
0 36 37 45 46 38 30 31 23 24 32 40 39 47 48 56 55 63 62 54 53 61 60 59 58 50 49 41 42 43 51 52 44 35 27 28 20 12 11 19 26 34 33 25 17 18 10 2 3 4 5 6 7 8 16 21 29 65 
0 36 37 45 53 54 46 38 30 31 23 24 32 40 39 47 48 56 55 63 62 61 60 59 58 50 49 41 42 43 51 52 44 35 27 28 20 12 11 19 26 34 33 25 17 18 10 2 3 4 5 6 7 8 16 21 29 65 
0 36 44 52 51 43 35 42 41 49 50 58 59 60 61 62 63 55 56 48 47 39 40 32 24 23 31 30 38 46 54 53 45 37 29 21 13 14 15 16 8 7 6 5 4 3 2 10 18 17 25 33 34 26 27 19 11 28 65 
0 36 28 20 19 27 35 43 42 34 26 18 10 11 3 2 1 9 17 25 33 41 49 58 50 51 59 60 61 62 63 55 54 53 52 44 45 46 38 39 47 48 40 32 24 23 22 14 15 16 8 7 6 5 4 12 13 21 29 37 65 
0 37 38 39 40 48 47 55 56 64 63 62 54 46 45 53 61 60 59 58 50 49 41 42 43 51 52 44 36 35 27 28 20 12 11 10 18 26 34 33 25 17 9 1 2 3 4 5 6 7 15 14 22 23 32 65 
0 36 37 45 46 38 30 39 31 23 24 32 40 48 47 55 56 64 63 62 54 53 61 60 59 58 50 49 41 42 43 51 52 44 35 27 28 20 12 11 10 18 26 34 33 25 17 9 1 2 3 4 5 6 15 22 21 29 65 
0 36 37 45 53 54 46 38 39 31 23 24 32 40 48 47 55 56 64 63 62 61 60 59 58 50 49 41 42 43 51 52 44 35 27 28 20 12 11 19 26 34 33 25 17 18 10 2 3 4 5 6 7 8 16 21 29 65 
0 37 36 28 20 19 27 35 34 26 18 10 11 3 2 1 9 17 25 33 41 42 50 49 57 58 59 60 61 62 63 64 56 55 54 53 52 51 43 44 45 46 38 39 47 48 40 32 24 23 15 12 29 65 
0 37 38 39 31 32 40 48 47 55 56 64 63 62 54 46 45 53 61 60 59 58 50 49 41 42 43 51 52 44 36 35 27 28 20 12 11 10 18 26 34 33 25 17 9 1 2 3 4 5 6 7 8 16 23 65 
0 36 28 27 35 34 26 18 10 2 1 9 17 25 33 41 42 50 49 57 58 59 60 61 53 52 51 43 44 45 37 38 46 54 55 63 64 56 48 47 39 40 32 24 16 8 7 6 5 4 3 11 12 20 21 29 65 
0 37 38 39 31 23 24 32 40 48 47 55 56 64 63 62 54 46 45 53 61 60 59 58 50 49 41 42 43 51 52 44 36 35 27 28 20 12 11 10 18 26 34 33 25 17 9 1 2 3 4 21 29 65 
0 37 45 46 38 39 31 23 24 32 40 48 47 55 56 64 63 62 54 53 61 60 59 58 50 49 41 42 43 51 52 44 36 35 27 28 20 12 11 10 18 26 34 33 25 17 9 1 2 3 4 5 16 65 
0 36 37 45 46 38 39 31 23 24 32 40 48 47 55 56 64 63 62 54 53 61 60 59 58 50 49 41 42 43 51 52 44 35 27 28 20 12 11 10 18 26 34 33 25 17 9 1 2 3 4 5 6 7 8 16 21 29 65 
0 36 37 45 53 54 46 38 39 31 23 24 32 40 48 47 55 56 64 63 62 61 60 59 58 50 49 41 42 43 51 52 44 35 27 28 20 12 11 10 18 26 34 33 25 17 9 1 2 3 4 5 6 7 8 16 21 29 65 
0 37 38 39 31 23 24 32 40 48 47 55 56 64 63 62 54 46 45 53 61 60 59 58 57 49 41 42 43 51 52 44 36 35 27 28 20 12 11 10 18 26 34 33 25 17 9 1 2 3 21 29 65 
0 37 45 46 38 39 31 23 24 32 40 48 47 55 56 64 63 62 54 53 61 60 59 58 57 49 41 42 43 51 52 44 36 35 27 28 20 12 11 10 18 26 34 33 25 17 9 1 2 3 4 21 29 65 
0 37 38 46 39 31 23 24 32 40 48 47 55 56 64 63 62 54 53 61 60 59 58 50 49 41 42 43 51 52 44 36 35 27 28 20 12 11 10 18 26 34 33 25 17 9 1 2 3 4 5 16 65 
0 37 38 46 47 39 31 23 24 32 40 48 55 56 64 63 62 54 53 61 60 59 58 50 49 41 42 43 51 52 44 36 35 27 28 20 12 11 10 18 26 34 33 25 17 9 1 2 3 4 5 6 7 8 16 21 29 65 
0 36 37 38 46 39 31 23 24 32 40 48 47 55 56 64 63 62 54 53 61 60 59 58 50 49 41 42 43 51 52 44 35 27 28 20 12 11 10 18 26 34 33 25 17 9 1 2 3 4 5 6 7 8 16 21 29 65 
0 36 37 45 46 38 39 31 23 24 32 40 48 47 55 56 64 63 62 54 53 61 60 59 58 57 49 41 42 43 51 52 44 35 27 28 20 12 11 10 18 26 34 33 25 17 9 1 2 3 4 5 6 8 16 21 29 65 
0 36 37 45 53 54 46 38 39 31 23 24 32 40 48 47 55 56 64 63 62 61 60 59 58 57 49 41 42 43 51 52 44 35 27 28 20 12 11 10 18 26 34 33 25 17 9 1 2 3 4 5 6 7 8 16 21 29 65 
0 37 38 46 39 31 23 24 32 40 48 47 55 56 64 63 62 54 53 61 60 59 58 57 49 41 42 43 51 52 44 36 35 27 28 20 12 11 10 18 26 34 33 25 17 9 1 2 3 4 21 29 65 
0 37 46 38 39 31 23 24 32 40 48 47 55 56 64 63 62 54 53 61 60 59 58 57 49 41 42 43 51 52 44 36 35 27 28 20 12 11 10 18 26 34 33 25 17 9 1 2 3 4 5 6 8 16 21 29 65 
0 37 38 46 47 39 31 23 24 32 40 48 55 56 64 63 62 54 53 61 60 59 58 57 49 41 42 43 51 52 44 36 35 27 28 20 12 11 10 18 26 34 33 25 17 9 1 2 3 4 5 6 7 8 16 21 29 65 
0 36 37 38 46 47 39 31 23 24 32 40 48 55 56 64 63 62 54 53 61 60 59 58 57 49 41 42 43 51 52 44 35 27 28 20 12 11 10 18 26 34 33 25 17 9 1 2 3 4 5 6 7 8 16 21 29 65 
0 36 37 38 46 39 31 23 24 32 40 48 47 55 56 64 63 62 54 53 61 60 59 58 57 49 41 42 43 51 52 44 35 27 28 20 12 11 10 18 26 34 33 25 17 9 1 2 3 4 5 6 8 16 21 29 65 
0 36 45 46 38 39 31 23 24 32 40 48 47 55 56 64 63 62 54 53 61 60 59 58 57 49 41 42 43 51 52 44 35 27 28 20 12 11 10 18 26 34 33 25 17 9 1 2 3 4 5 6 7 8 16 21 29 65 
0 36 28 27 19 20 21 13 12 11 18 26 34 42 50 51 52 53 45 46 54 55 56 64 63 62 61 60 59 58 57 49 41 33 25 17 9 1 2 10 3 4 5 6 7 8 16 15 14 22 23 32 40 39 65 
0 36 35 27 19 20 21 13 12 11 18 26 34 42 50 51 52 53 45 46 54 55 56 64 63 62 61 60 59 58 57 49 41 33 25 17 9 1 2 10 3 4 5 6 7 8 16 15 14 22 23 32 47 39 65 
0 28 27 35 36 44 43 51 52 53 61 60 59 58 50 49 41 42 34 33 25 26 18 17 10 2 3 11 19 20 12 4 5 6 7 8 16 15 14 13 21 29 38 39 31 30 22 23 24 32 40 48 47 55 54 65 
0 28 36 44 43 35 27 19 20 12 11 10 18 26 34 42 51 52 60 59 58 50 49 41 33 25 17 9 2 3 4 5 6 14 22 21 29 30 38 46 47 39 31 23 15 7 8 16 24 32 40 48 56 55 54 53 45 37 65 
0 28 36 44 43 35 27 19 20 12 11 10 18 26 34 42 51 52 60 59 58 50 49 41 33 25 17 9 1 2 3 4 5 6 14 22 21 29 30 38 46 47 39 31 23 15 7 16 24 32 40 48 56 55 54 53 45 37 65 
0 28 36 44 43 35 27 19 20 12 11 10 18 26 34 42 51 52 60 59 58 50 49 41 33 25 17 9 1 2 3 4 5 6 7 15 14 22 21 29 30 38 46 47 39 31 23 16 24 32 40 48 56 55 54 45 37 65 
0 28 36 44 43 35 27 19 20 12 11 10 18 26 34 42 50 51 52 60 59 58 49 41 33 25 17 9 1 2 3 4 5 6 7 15 14 22 21 29 30 38 46 47 39 31 23 16 24 32 40 37 65 
0 28 27 35 36 44 43 51 52 53 61 60 59 58 50 49 41 42 34 33 25 26 18 10 17 9 1 2 3 11 19 20 12 4 5 6 7 8 16 15 14 13 21 29 30 38 39 31 23 24 32 40 47 65 
0 28 27 35 36 44 43 51 52 53 61 60 59 58 49 50 42 41 33 34 26 25 17 18 10 9 1 2 3 11 19 20 12 4 5 6 7 8 16 15 14 22 21 29 38 39 31 23 32 40 65 
0 28 27 35 36 44 43 51 52 53 61 60 59 58 50 49 41 42 34 33 25 26 18 10 17 9 1 2 3 11 19 20 12 4 5 6 7 8 16 15 14 22 21 29 38 39 31 23 24 32 40 47 65 
0 28 36 44 43 35 27 20 12 11 10 18 26 34 42 50 51 52 60 59 58 57 49 41 33 25 17 9 1 2 3 4 5 6 7 15 14 13 21 29 30 38 46 47 39 31 23 16 24 32 40 65 
0 28 36 44 43 42 50 51 52 53 61 60 59 58 57 49 41 33 25 17 18 26 34 35 27 20 12 11 10 2 3 4 5 6 7 8 16 15 14 13 21 29 30 38 46 47 39 31 23 24 32 40 48 56 55 63 54 45 37 65 
0 36 44 43 51 52 61 60 59 58 50 49 41 33 25 17 18 26 34 35 27 28 20 12 11 10 9 1 2 3 4 5 6 7 8 16 15 14 13 21 29 30 38 46 47 39 31 23 24 32 40 48 56 55 63 54 45 37 65 
0 28 36 44 43 51 52 61 60 59 58 50 49 41 33 25 17 18 26 34 35 27 20 12 11 10 9 1 2 3 4 5 6 7 8 16 15 14 13 21 29 30 38 46 47 39 31 23 24 32 40 48 56 55 63 54 45 37 65 
0 28 36 44 43 51 52 53 61 60 59 58 50 49 41 33 25 17 18 26 34 35 27 20 12 11 10 9 1 2 3 4 5 6 7 8 16 15 14 13 21 29 30 38 46 47 39 31 23 24 32 40 48 56 55 63 54 65 
0 28 27 35 36 44 43 51 52 53 61 60 59 58 57 50 49 41 33 34 26 25 17 18 10 9 1 2 3 11 19 20 12 4 5 6 7 8 16 15 14 13 21 29 38 39 31 23 24 32 40 47 65 
0 28 27 35 36 44 43 51 52 53 61 60 59 58 57 49 41 42 34 33 25 26 18 10 17 9 1 2 3 11 19 20 12 4 5 6 7 8 16 15 14 13 21 29 38 39 31 23 24 32 40 65 
0 36 44 43 51 52 61 60 59 58 57 49 41 33 25 17 18 26 34 35 27 28 20 12 11 10 9 1 2 3 4 5 6 7 8 16 15 14 13 21 29 30 38 46 47 39 31 23 24 32 40 48 56 55 63 54 45 37 65 
0 28 36 44 43 51 52 61 60 59 58 57 49 41 33 25 17 18 26 34 35 27 20 12 11 10 9 1 2 3 4 5 6 7 8 16 15 14 13 21 29 30 38 46 47 39 31 23 24 32 40 48 56 55 63 54 45 37 65 
0 28 36 44 43 51 52 53 61 60 59 58 57 49 41 33 25 17 18 26 34 35 27 20 12 11 10 9 1 2 3 4 5 6 7 8 16 15 14 13 21 29 30 38 46 47 39 31 23 24 32 40 48 55 54 45 37 65 
0 36 37 29 28 27 19 18 10 11 12 20 21 22 14 6 5 4 3 2 1 9 17 25 33 34 35 43 44 52 51 50 42 41 49 57 58 59 60 61 62 63 64 56 48 40 32 24 16 8 7 15 23 31 39 47 65 
0 36 37 29 28 27 26 18 10 11 12 20 21 22 14 6 5 4 3 2 1 9 17 25 33 34 35 43 44 52 51 50 42 41 49 57 58 59 60 61 62 63 64 56 48 40 32 24 16 8 7 15 23 31 39 47 65 
0 36 29 28 27 26 18 10 11 12 20 21 22 14 6 5 4 3 2 1 9 17 25 33 34 35 43 44 52 51 50 42 41 49 57 58 59 60 61 62 63 64 56 48 40 32 24 16 8 7 15 23 31 39 47 65 
0 36 28 27 19 18 10 11 20 12 13 21 22 14 6 5 4 3 2 1 9 17 25 33 34 35 43 44 52 51 50 42 41 49 57 58 59 60 61 62 63 64 56 48 40 32 24 16 8 15 23 31 39 65 
0 36 44 43 42 50 58 57 49 41 33 34 35 27 26 18 17 9 1 2 10 11 19 20 28 29 21 13 12 4 5 6 7 8 16 15 14 22 30 23 24 32 31 39 38 46 47 48 56 55 54 62 61 60 59 51 52 53 45 37 65 
0 28 36 35 27 26 34 41 33 25 17 18 19 20 12 11 10 2 3 4 5 6 14 22 21 29 30 31 23 15 7 8 16 24 32 40 48 56 64 63 55 47 39 38 46 54 62 61 60 52 51 59 58 44 45 37 65 
0 28 36 35 27 26 34 41 33 25 17 18 19 20 12 11 10 2 3 4 5 6 14 22 21 29 30 38 39 31 23 15 7 8 16 24 32 40 48 56 64 63 62 55 47 46 54 53 61 60 52 51 44 65 
0 28 36 44 43 42 50 58 49 41 33 34 35 27 26 25 17 18 10 9 1 2 3 11 19 20 12 4 5 6 7 15 14 22 21 29 30 31 23 16 24 32 40 39 38 46 47 48 56 55 54 62 61 60 59 51 37 65 
0 28 36 44 43 35 27 19 20 12 11 10 18 26 34 42 49 41 33 25 17 9 1 2 3 4 5 13 21 22 23 15 14 6 7 8 16 24 32 31 39 38 46 47 48 56 55 54 62 61 60 59 58 50 51 52 45 37 65 
0 36 44 43 35 27 28 20 12 11 10 19 18 26 34 42 49 41 33 25 17 9 1 2 3 4 5 13 21 22 23 15 14 6 7 8 16 24 32 31 39 38 46 47 48 56 55 54 62 61 60 59 58 50 51 37 29 65 
0 36 44 43 35 28 20 12 11 10 18 19 27 26 34 42 49 41 33 25 17 9 1 2 3 4 5 13 21 22 23 15 14 6 7 8 16 24 32 31 39 38 46 47 48 56 55 54 62 61 60 59 58 50 51 52 45 37 65 
0 36 44 43 35 27 28 20 12 11 10 18 19 26 34 42 49 41 33 25 17 9 1 2 3 4 5 13 21 22 23 15 14 6 7 8 16 24 32 31 39 38 46 47 48 56 55 54 62 61 60 59 58 51 65 
0 29 28 36 44 43 35 27 19 20 12 11 10 18 26 34 42 41 33 25 17 9 1 2 3 4 5 13 21 22 23 15 14 6 7 8 16 24 32 31 39 38 46 47 48 56 64 55 54 62 61 60 59 58 50 51 52 45 37 65 
0 29 28 36 44 43 35 27 19 20 12 11 10 18 26 34 42 49 41 33 25 17 9 1 2 3 4 5 13 21 22 23 15 14 6 7 8 16 24 32 31 39 38 46 47 48 56 55 54 62 61 60 59 58 51 37 65 
0 29 28 36 44 43 35 27 19 20 12 11 10 18 26 34 42 50 49 41 33 25 17 9 1 2 3 4 5 13 21 22 23 15 14 6 7 8 16 24 32 31 39 38 46 47 48 56 55 54 62 61 60 59 58 51 52 45 37 65 
0 29 28 36 44 43 35 27 19 20 12 11 10 18 26 34 42 50 58 49 41 33 25 17 9 1 2 3 4 5 13 21 22 23 15 14 6 7 8 16 24 32 31 39 38 46 47 48 56 55 54 62 61 60 59 51 37 65 
0 28 36 44 43 35 27 19 20 12 11 10 18 26 34 42 49 41 33 25 17 9 1 2 3 4 5 13 21 22 23 15 14 6 7 8 16 24 32 40 39 38 46 47 48 56 55 54 62 61 60 59 58 50 51 52 45 37 65 
0 36 44 43 35 27 28 20 12 11 10 19 18 26 34 42 49 41 33 25 17 9 1 2 3 4 5 13 21 22 23 15 14 6 7 8 16 24 32 40 39 38 46 47 48 56 55 54 62 61 60 59 58 50 51 37 29 65 
0 36 44 43 35 28 20 12 11 10 18 19 27 26 34 42 49 41 33 25 17 9 1 2 3 4 5 13 21 22 23 15 14 6 7 8 16 24 32 40 39 38 46 47 48 56 55 54 62 61 60 59 58 50 51 52 45 37 65 
0 36 44 43 35 27 28 20 12 11 10 18 19 26 34 42 49 41 33 25 17 9 1 2 3 4 5 13 21 22 23 15 14 6 7 8 16 24 32 40 39 38 46 47 48 56 55 54 62 61 60 59 58 51 65 
0 29 28 36 44 43 35 27 19 20 12 11 10 18 26 34 42 41 33 25 17 9 1 2 3 4 5 13 21 22 23 15 14 6 7 8 16 24 32 40 39 38 46 47 48 56 64 55 54 62 61 60 59 58 50 51 52 45 37 65 
0 29 28 36 44 43 35 27 19 20 12 11 10 18 26 34 42 49 41 33 25 17 9 1 2 3 4 5 13 21 22 23 15 14 6 7 8 16 24 32 40 39 38 46 47 48 56 55 54 62 61 60 59 58 51 37 65 
0 29 28 36 44 43 35 27 19 20 12 11 10 18 26 34 42 50 49 41 33 25 17 9 1 2 3 4 5 13 21 22 23 15 14 6 7 8 16 24 32 40 39 38 46 47 48 56 55 54 62 61 60 59 58 51 52 45 37 65 
0 29 28 36 44 43 35 27 19 20 12 11 10 18 26 34 42 50 58 49 41 33 25 17 9 1 2 3 4 5 13 21 22 23 15 14 6 7 8 16 24 32 40 39 38 46 47 48 56 55 54 62 61 60 59 51 37 65 
0 29 28 36 44 43 35 27 19 20 12 11 10 18 26 34 42 50 58 57 49 41 33 25 17 9 1 2 3 4 5 13 21 22 23 15 14 6 7 8 16 24 32 39 38 46 47 48 56 55 54 62 61 60 59 51 37 65 
0 29 28 36 44 43 35 27 19 20 12 11 10 18 26 34 42 50 58 57 49 41 33 25 17 9 1 2 3 4 5 6 14 13 21 22 23 15 7 8 16 24 32 39 38 46 47 48 56 55 54 62 61 59 51 37 65 
0 29 28 36 44 43 42 50 58 57 49 41 33 34 35 27 26 25 17 18 10 9 1 2 3 11 19 20 12 4 5 6 7 8 16 15 14 21 22 23 24 32 31 39 38 46 47 48 56 55 54 62 61 60 59 51 52 53 45 37 65 
0 29 21 28 36 44 43 42 50 58 57 49 41 33 34 35 27 26 25 17 18 10 9 1 2 3 11 19 20 12 4 5 6 7 8 16 15 14 22 23 24 32 31 39 38 46 47 48 56 55 54 62 61 60 59 51 52 53 45 37 65 
0 37 36 28 20 19 27 26 18 10 11 12 4 3 2 1 9 17 25 33 41 42 34 35 43 51 50 49 57 58 59 60 61 62 54 53 52 44 45 46 38 39 47 55 63 64 56 48 40 32 31 23 29 65 
0 37 36 28 20 19 27 26 18 10 11 12 4 3 2 1 9 17 25 33 41 42 34 35 43 51 50 49 57 58 59 60 61 62 54 53 52 44 45 46 38 39 47 55 63 64 56 48 40 32 24 23 29 65 
0 36 28 20 19 27 26 18 10 11 12 4 3 2 1 9 17 25 33 41 42 34 35 43 51 50 49 57 58 59 60 61 62 54 53 52 44 45 37 38 39 47 55 63 64 56 48 40 32 24 31 23 21 29 65 
0 36 28 20 19 27 26 18 10 11 12 4 3 2 1 9 17 25 33 41 42 34 35 43 51 50 49 57 58 59 60 61 62 63 54 46 53 52 44 45 37 38 39 47 55 56 48 40 32 24 23 15 16 8 65 
0 36 28 20 19 27 26 18 10 11 12 4 3 2 1 9 17 25 33 41 42 34 35 43 51 50 49 57 58 59 60 61 62 54 53 52 44 45 46 38 39 47 55 63 64 56 48 40 32 24 31 23 21 29 65 
0 36 28 20 19 27 26 18 10 11 12 4 3 2 1 9 17 25 33 41 42 34 35 43 51 50 49 57 58 59 60 61 62 54 53 52 44 45 46 38 39 47 55 63 64 56 48 40 32 24 16 23 21 29 65 
0 36 28 20 19 27 26 18 10 11 12 4 3 2 1 9 17 25 33 41 42 34 35 43 51 50 49 57 58 59 60 61 62 54 53 52 44 45 46 38 39 47 55 63 64 56 48 40 32 24 23 14 13 21 29 65 
0 36 35 43 44 45 53 52 51 50 42 34 26 27 28 29 30 31 23 22 21 20 19 18 10 11 12 13 14 15 7 6 5 4 3 2 1 9 17 25 33 41 49 57 58 59 60 47 38 65 
0 36 35 43 44 45 53 52 51 50 42 34 26 27 28 29 30 39 31 23 22 21 20 19 18 10 11 12 13 14 15 7 6 5 4 3 2 1 9 17 25 33 41 49 57 58 59 60 47 38 65 
0 36 35 43 44 45 53 52 51 50 42 34 26 27 28 29 30 31 23 22 21 20 19 18 10 11 12 13 14 15 7 6 5 4 3 2 1 9 17 25 33 41 49 58 59 60 61 62 63 64 47 65 
0 28 36 44 52 51 50 43 35 34 26 27 19 20 21 22 14 15 23 24 16 8 7 6 5 4 12 11 10 18 17 25 33 42 41 49 57 58 59 60 61 62 63 64 56 55 54 53 45 46 47 40 32 38 65 
0 28 36 44 52 51 50 42 43 35 34 26 27 19 20 21 22 14 15 23 24 16 8 7 6 5 4 12 11 10 18 9 17 25 33 41 49 58 59 60 61 62 63 64 56 55 54 53 45 46 47 40 32 38 65 
0 28 36 44 52 51 50 42 43 35 34 26 27 19 20 21 22 14 15 23 31 32 24 16 8 7 6 5 4 12 11 10 18 9 17 25 33 41 49 57 58 59 60 61 62 63 64 56 55 54 53 45 46 47 65 
0 28 36 44 52 51 50 42 43 35 34 26 18 27 19 20 21 22 14 15 23 31 32 24 16 8 7 6 5 4 12 11 10 9 17 25 33 41 49 57 58 59 60 61 62 63 64 56 55 54 53 45 46 47 65 
0 29 30 22 21 20 28 36 35 43 44 45 46 54 53 52 51 50 42 34 26 27 19 11 12 13 14 15 23 32 24 16 8 7 6 5 4 3 2 10 18 17 25 33 41 49 57 58 59 55 47 65 
0 28 36 44 52 51 50 43 35 34 26 27 19 20 21 13 14 15 23 24 16 8 7 6 5 4 12 11 10 18 17 25 33 42 41 49 57 58 59 60 61 62 63 64 56 55 54 53 45 46 47 40 32 38 65 
0 28 36 44 52 51 50 42 43 35 34 26 27 19 20 21 13 14 15 23 24 16 8 7 6 5 4 12 11 10 18 9 17 25 33 41 49 58 59 60 61 62 63 64 56 55 54 53 45 46 47 40 32 38 65 
0 28 36 44 52 51 50 42 43 35 34 26 27 19 20 21 13 14 15 23 31 32 24 16 8 7 6 5 4 12 11 10 18 9 17 25 33 41 49 57 58 59 60 61 62 63 64 56 55 54 53 45 46 47 65 
0 29 28 36 44 52 51 50 42 43 35 34 26 18 27 19 20 21 22 14 15 23 31 32 24 16 8 7 6 5 4 12 11 10 9 17 25 33 41 49 57 58 59 60 61 62 63 64 55 54 45 46 47 65 
0 36 35 43 44 45 46 54 53 52 51 50 42 34 26 18 11 12 20 19 27 28 29 21 22 14 15 23 31 32 24 16 8 7 6 5 4 3 2 10 9 17 25 33 41 49 57 58 59 60 61 63 55 47 39 38 65 
0 36 35 43 44 45 46 54 53 52 51 50 42 34 26 18 19 11 12 20 27 28 29 21 22 14 15 23 31 32 24 16 8 7 6 5 4 3 2 10 9 17 25 33 41 49 57 58 59 60 61 63 55 47 65 
0 28 36 45 44 43 42 41 33 34 35 27 26 25 17 18 19 20 12 11 10 9 1 2 3 4 5 6 7 8 16 24 23 15 14 13 21 29 30 39 47 48 56 55 63 62 61 60 59 58 57 49 50 51 37 65 
0 29 28 36 44 52 51 50 42 43 35 34 26 18 27 19 20 21 13 14 15 23 31 32 24 16 8 7 6 5 4 12 11 10 9 17 25 33 41 49 57 58 59 60 61 62 63 64 55 54 45 46 47 65 
0 36 35 43 44 45 46 54 53 52 51 50 42 34 26 27 28 29 21 20 19 18 10 11 12 13 14 15 23 31 32 24 16 7 6 5 4 3 2 1 9 17 25 33 41 49 57 58 59 55 65 
0 36 35 43 44 45 46 54 53 52 51 50 42 34 26 18 27 28 29 21 20 19 11 12 13 14 15 23 31 32 24 16 8 7 6 5 4 3 2 10 9 17 25 33 41 49 57 58 59 61 63 55 47 65 
0 36 35 43 44 45 46 54 53 52 51 50 42 34 26 18 11 12 20 19 27 28 29 21 13 14 15 23 31 32 24 16 8 7 6 5 4 3 2 10 9 17 25 33 41 49 57 58 59 60 61 63 55 47 39 38 65 
0 36 35 43 44 45 46 54 53 52 51 50 42 34 26 18 19 11 12 20 27 28 29 21 13 14 15 23 31 32 24 16 8 7 6 5 4 3 2 10 9 17 25 33 41 49 57 58 59 60 61 63 55 47 65 
0 36 28 29 21 20 19 27 35 43 44 45 46 54 53 52 51 50 42 34 26 18 10 11 12 13 14 15 23 31 32 24 16 7 6 5 4 3 2 1 9 17 25 33 41 49 57 58 59 65 
0 29 21 20 28 36 35 43 44 45 46 54 53 52 51 50 42 34 26 27 19 11 12 13 14 15 23 31 40 32 24 16 8 7 6 5 4 3 2 10 18 17 25 33 41 49 57 58 59 55 47 65 
0 36 35 43 44 52 51 50 42 34 26 27 28 29 21 20 19 18 10 11 12 13 14 15 23 24 16 8 7 6 5 4 3 2 1 9 17 25 33 41 49 57 58 59 60 61 63 64 54 45 38 65 
0 36 35 43 44 45 53 52 51 50 42 34 26 27 28 29 21 20 19 18 10 11 12 13 14 15 23 24 16 8 7 6 5 4 3 2 1 9 17 25 33 41 49 57 58 59 60 61 63 64 54 39 38 65 
0 36 35 43 44 45 53 52 51 50 42 34 26 27 28 29 21 20 19 18 10 11 12 13 14 15 23 24 16 8 7 6 5 4 3 2 1 9 17 25 33 41 49 57 58 59 60 61 63 64 54 65 
0 36 35 43 44 45 53 52 51 50 42 34 26 27 28 29 21 20 19 18 10 11 12 13 14 15 23 24 16 8 7 6 5 4 3 2 1 9 17 25 33 41 49 58 59 60 61 62 63 64 39 38 65 
0 36 35 43 44 45 46 55 54 53 52 51 50 42 34 26 27 28 29 21 20 19 18 10 11 12 13 14 15 23 24 16 8 7 6 5 4 3 2 1 9 17 25 33 41 49 57 58 59 65 
0 29 21 14 15 23 31 32 24 16 8 7 6 5 4 12 11 19 20 28 36 44 43 51 50 42 34 35 27 26 18 10 2 1 9 17 25 33 41 49 57 58 59 60 61 62 63 64 55 54 45 46 47 65 
0 36 27 35 43 44 45 46 54 53 52 51 50 42 34 26 18 10 11 12 20 28 29 21 13 14 15 23 31 32 24 16 8 7 6 5 4 3 2 1 9 17 25 33 41 49 57 58 59 61 63 55 47 39 38 65 
0 36 29 28 27 35 43 44 45 46 54 53 52 51 50 42 34 26 18 10 11 12 20 21 13 14 15 23 31 32 24 16 8 7 6 5 4 3 2 1 9 17 25 33 41 49 57 58 59 61 63 55 47 65 
0 29 21 20 28 36 44 43 51 50 42 34 35 27 26 18 10 11 12 13 14 15 23 31 32 24 16 8 7 6 5 4 3 2 9 17 25 33 41 49 57 58 59 60 61 62 63 64 55 54 45 46 47 65 
0 29 21 14 15 23 31 32 24 16 8 7 6 5 4 3 11 12 20 28 36 44 43 51 50 42 34 35 27 26 18 10 2 1 9 17 25 33 41 49 57 58 59 60 61 62 63 64 55 54 45 46 47 65 
0 29 21 14 15 23 31 32 24 16 8 7 6 5 4 3 11 12 20 28 36 44 52 51 50 42 34 35 27 26 18 10 2 1 9 17 25 33 41 49 57 58 59 60 61 62 63 64 55 54 45 46 47 65 
0 36 44 45 53 52 43 51 50 42 34 26 27 28 20 19 18 10 11 12 13 14 15 23 24 16 8 7 6 5 4 3 2 1 9 17 25 33 41 49 57 58 59 60 61 62 63 64 55 54 47 39 38 65 
0 36 44 43 51 50 42 34 26 27 28 19 18 10 11 12 20 21 13 14 15 23 24 16 8 7 6 5 4 3 2 1 9 17 25 33 41 49 57 58 59 60 61 62 63 64 56 55 54 53 45 46 47 65 
0 36 35 34 26 27 28 29 30 22 14 15 7 6 5 13 21 20 12 11 19 18 10 2 1 9 17 25 33 41 42 50 49 58 59 60 61 62 63 64 56 55 54 53 52 51 43 44 45 46 47 48 40 32 23 31 39 38 65 
0 28 27 26 34 42 50 58 49 41 33 25 17 18 19 11 10 2 3 4 5 6 7 15 14 13 12 20 21 22 30 38 39 31 23 24 32 40 48 47 46 45 44 52 53 54 55 56 64 63 62 61 60 59 51 43 35 36 37 29 65 
0 36 44 52 53 61 60 59 58 50 51 43 42 41 33 34 35 27 26 25 17 18 10 9 1 2 3 4 5 6 14 22 21 12 11 19 20 28 29 30 38 39 31 23 15 7 8 16 24 32 40 48 47 55 63 54 65 
0 28 36 35 27 26 34 42 50 58 57 49 41 33 25 17 18 19 11 10 2 3 4 5 6 7 15 14 13 12 20 21 22 30 38 39 31 23 24 32 40 48 47 46 45 53 54 55 56 64 63 62 61 59 51 65 
0 28 36 35 34 42 50 58 57 49 41 33 25 17 18 26 27 19 11 10 2 3 4 5 6 7 15 14 13 12 20 21 22 30 38 39 31 23 24 32 40 48 47 46 45 53 54 55 56 64 63 62 61 60 59 51 44 65 
0 36 35 34 42 50 58 57 49 41 33 25 17 26 27 28 20 21 13 12 11 19 18 10 2 3 4 5 6 7 15 14 22 30 38 39 31 23 24 32 40 48 47 46 45 53 54 55 56 64 63 62 61 60 59 51 43 44 65 
0 36 35 34 42 50 58 57 49 41 33 25 17 18 10 2 3 11 19 26 27 28 20 21 13 12 4 5 6 7 15 14 22 30 38 39 31 23 24 32 40 48 47 46 45 53 54 55 56 64 63 62 59 51 44 65 
0 36 35 42 50 58 57 49 41 33 34 26 25 17 18 10 2 3 11 19 27 28 20 21 13 12 4 5 6 7 15 14 22 30 38 39 31 23 24 32 40 48 47 46 45 53 54 55 56 64 63 62 61 60 59 51 43 44 65 
0 37 36 35 34 26 27 28 21 20 12 13 14 15 7 6 5 4 3 2 10 11 19 18 17 25 33 41 42 50 49 57 58 59 60 61 62 63 64 56 55 54 53 52 51 43 44 45 46 47 40 32 38 65 
0 28 27 26 34 42 50 58 57 49 41 33 25 17 18 19 11 10 2 3 4 5 6 7 15 14 13 12 20 21 30 38 39 31 23 24 32 40 48 47 46 45 44 52 53 54 55 56 64 63 62 61 60 59 51 43 35 36 37 29 65 
0 36 35 34 26 27 20 28 29 21 22 14 15 7 6 5 4 12 11 19 18 10 2 1 9 17 25 33 41 42 50 49 57 58 59 60 61 62 63 64 56 55 54 53 52 51 43 44 45 46 47 48 40 32 23 31 39 38 65 
0 29 28 36 35 34 26 27 20 21 22 14 15 7 6 5 4 12 11 19 18 10 2 1 9 17 25 33 41 42 50 49 57 58 59 60 61 62 63 64 56 55 54 53 52 51 43 44 45 46 47 40 32 23 65 
0 29 36 35 34 26 27 28 20 21 22 14 15 7 6 5 4 12 11 19 18 10 2 1 9 17 25 33 41 42 50 49 57 58 59 60 61 62 63 64 56 55 54 53 52 51 43 44 45 46 47 40 32 23 65 
0 36 35 34 26 27 28 29 21 20 12 13 5 4 3 11 19 18 10 9 17 25 33 41 42 50 49 58 59 60 61 62 63 64 56 55 54 53 52 51 43 44 45 46 47 48 40 32 24 16 8 7 6 14 15 23 31 39 38 37 65 
0 29 28 36 35 34 26 27 20 21 13 14 15 7 6 5 4 12 11 19 18 10 2 1 9 17 25 33 41 42 50 49 57 58 59 60 61 62 63 64 56 55 54 53 52 51 43 44 45 46 47 40 32 23 65 
0 29 36 35 34 26 27 28 20 21 13 14 15 7 6 5 4 12 11 19 18 10 2 1 9 17 25 33 41 42 50 49 57 58 59 60 61 62 63 64 56 55 54 53 52 51 43 44 45 46 47 40 32 23 65 
0 36 35 34 26 18 19 27 28 29 21 20 11 12 4 3 2 10 9 17 25 33 41 42 50 49 57 58 59 60 61 62 63 64 56 55 54 53 52 51 43 44 45 46 47 48 40 32 24 16 8 7 6 14 15 23 31 39 38 37 65 
0 36 35 34 26 27 28 29 21 20 12 13 5 4 3 11 18 10 9 17 25 33 41 42 50 49 57 58 59 60 61 62 63 64 56 55 54 53 52 51 43 44 45 46 47 48 40 32 24 16 8 7 6 14 15 23 31 39 38 65 
0 37 36 28 27 35 34 26 18 10 11 12 20 21 13 5 4 3 2 1 9 17 25 33 41 42 50 49 57 58 59 60 61 62 63 55 54 53 52 51 43 44 45 46 47 48 40 32 24 16 8 7 6 14 15 23 31 39 38 29 65 
0 36 35 34 26 27 28 20 21 14 15 7 6 5 13 12 4 3 11 19 18 10 2 1 9 17 25 33 41 42 50 49 57 58 59 60 61 62 63 64 56 55 54 53 52 51 43 44 45 46 47 48 40 32 23 39 38 65 
0 36 28 27 35 34 26 18 10 11 12 20 21 13 5 4 3 2 1 9 17 25 33 41 42 50 49 57 58 59 60 61 62 63 64 55 54 53 52 51 43 44 45 46 47 48 40 32 24 16 8 7 6 14 15 23 31 39 38 29 65 
0 36 28 27 35 34 26 18 10 11 12 20 21 13 5 4 3 2 1 9 17 25 33 41 50 49 57 58 59 60 61 62 63 64 56 55 54 53 52 51 43 44 45 46 47 48 40 32 24 16 8 7 6 14 15 23 31 39 38 65 
0 36 28 20 27 35 34 26 18 10 11 12 13 5 4 3 2 1 9 17 25 33 41 42 50 49 57 58 59 60 61 62 63 64 56 55 54 53 52 51 43 44 45 46 47 48 40 32 24 16 8 6 14 23 65 
0 28 20 19 27 35 34 26 18 10 11 12 13 5 4 3 2 1 9 17 25 33 41 42 50 49 57 58 59 60 61 62 63 64 56 55 54 53 52 51 43 44 45 46 47 48 40 32 24 16 8 7 6 14 15 23 31 39 38 65 
0 28 20 19 27 35 34 26 18 10 11 12 13 5 4 3 2 1 9 17 25 33 41 42 50 49 57 58 59 60 61 62 63 64 56 55 54 53 52 51 43 44 45 46 47 48 40 32 24 16 8 7 6 14 15 23 31 39 38 65 
0 37 36 44 43 42 41 33 25 17 18 26 34 35 27 28 20 19 10 2 3 11 12 4 5 6 7 8 16 24 32 31 39 47 48 56 64 63 55 54 62 61 60 59 58 50 51 52 53 45 46 38 30 22 23 29 65 
0 36 37 45 44 43 42 41 33 25 17 18 26 34 35 27 28 20 19 10 2 3 11 12 4 5 6 7 8 16 24 32 31 39 47 48 56 64 63 55 54 62 61 60 59 58 50 51 52 53 46 38 30 22 23 29 65 
0 36 37 45 44 43 42 49 41 33 25 26 34 35 27 28 20 19 18 10 2 3 11 12 4 5 6 7 8 16 24 32 31 39 47 48 56 64 63 55 54 62 61 60 59 58 50 51 52 53 46 38 30 22 23 21 29 65 
0 36 37 45 44 43 42 41 33 25 17 26 34 35 27 28 20 19 18 10 2 3 11 12 4 5 6 7 8 16 24 32 31 39 47 48 56 64 63 55 54 62 61 60 59 58 50 51 52 53 46 38 30 22 23 21 29 65 
0 36 37 45 44 43 35 34 42 49 41 33 25 26 27 28 20 19 18 10 2 3 11 12 4 5 6 7 8 16 24 32 31 39 47 48 56 64 63 55 54 62 61 60 59 58 50 51 52 53 46 38 30 22 23 29 65 
0 36 37 45 44 43 35 34 42 41 33 25 17 26 27 28 20 19 18 10 2 3 11 12 4 5 6 7 8 16 24 32 31 39 47 48 56 64 63 55 54 62 61 60 59 58 50 51 52 53 46 38 30 22 23 29 65 
0 37 36 44 43 35 34 42 41 33 25 17 26 27 28 20 19 18 10 2 3 11 12 4 5 6 7 8 16 24 32 31 39 47 48 56 64 63 55 54 62 61 60 59 58 50 51 52 53 45 46 38 30 22 23 29 65 
0 37 36 44 43 35 34 42 49 41 33 25 26 27 28 20 19 18 10 2 3 11 12 4 5 6 7 8 16 24 32 31 39 47 48 56 64 63 55 54 62 61 60 59 58 50 51 52 53 45 46 38 30 22 23 29 65 
0 37 36 44 43 42 41 33 25 17 26 34 35 27 28 20 19 18 10 2 3 11 12 4 5 6 7 8 16 24 32 31 39 47 48 56 64 63 55 54 62 61 60 59 58 50 51 52 53 45 46 38 30 22 23 29 65 
0 37 36 44 43 42 49 41 33 25 26 34 35 27 28 20 19 18 10 2 3 11 12 4 5 6 7 8 16 24 32 31 39 47 48 56 64 63 55 54 62 61 60 59 58 50 51 52 53 45 46 38 30 22 23 29 65 
0 37 36 44 43 42 50 58 49 41 33 25 26 34 35 27 28 20 19 18 10 2 3 11 12 4 5 6 7 8 16 24 32 31 39 47 48 56 64 63 55 54 62 61 60 59 51 52 53 45 46 38 30 22 23 21 29 65 
0 37 36 44 43 42 50 58 57 49 41 33 25 17 26 34 35 27 28 20 19 18 10 2 3 11 12 4 5 6 7 8 16 24 32 31 39 47 48 56 55 54 62 61 60 59 51 52 53 45 46 38 30 22 23 21 29 65 
0 37 36 44 43 42 50 58 57 49 41 33 25 17 18 26 34 35 27 28 20 19 10 2 3 11 12 4 5 6 7 8 16 24 32 31 39 47 48 56 55 54 62 61 60 59 51 52 53 45 46 38 30 22 23 21 29 65 
0 36 37 45 44 43 42 50 58 57 49 41 33 25 17 18 26 34 35 27 28 20 19 10 2 3 11 12 4 5 6 7 8 16 24 32 31 39 47 48 56 55 54 62 61 60 59 51 52 53 46 38 30 22 23 21 29 65 
0 36 37 45 44 43 35 27 28 20 12 11 19 18 26 34 42 49 41 33 25 17 9 10 2 3 4 5 6 7 8 16 24 32 40 39 47 48 56 55 54 62 61 60 59 58 50 51 52 53 46 38 30 22 23 29 65 
0 36 37 45 44 43 35 27 28 20 19 18 26 34 42 49 41 33 25 17 9 10 2 3 11 12 4 5 6 7 8 16 24 32 40 39 47 48 56 55 54 62 61 60 59 58 50 51 52 53 46 38 30 22 23 29 65 
0 37 36 44 43 35 27 28 20 19 18 26 34 42 49 41 33 25 17 9 10 2 3 11 12 4 5 6 7 8 16 24 32 40 39 47 48 56 55 54 62 61 60 59 58 50 51 52 53 45 46 38 30 22 23 65 
0 37 36 44 43 42 41 33 25 17 18 26 34 35 27 28 20 19 10 2 3 11 12 4 5 6 7 8 16 24 32 40 39 47 48 56 64 63 55 54 62 61 60 59 58 50 51 52 53 45 46 38 30 22 23 29 65 
0 36 37 45 44 43 42 41 33 25 17 18 26 34 35 27 28 20 19 10 2 3 11 12 4 5 6 7 8 16 24 32 40 39 47 48 56 64 63 55 54 62 61 60 59 58 50 51 52 53 46 38 30 22 23 29 65 
0 36 37 45 44 43 42 49 41 33 25 26 34 35 27 28 20 19 18 10 2 3 11 12 4 5 6 7 8 16 24 32 40 39 47 48 56 64 63 55 54 62 61 60 59 58 50 51 52 53 46 38 30 22 23 21 29 65 
0 36 37 45 44 43 42 41 33 25 17 26 34 35 27 28 20 19 18 10 2 3 11 12 4 5 6 7 8 16 24 32 40 39 47 48 56 64 63 55 54 62 61 60 59 58 50 51 52 53 46 38 30 22 23 21 29 65 
0 36 37 45 44 43 35 34 42 49 41 33 25 26 27 28 20 19 18 10 2 3 11 12 4 5 6 7 8 16 24 32 40 39 47 48 56 64 63 55 54 62 61 60 59 58 50 51 52 53 46 38 30 22 23 29 65 
0 36 37 45 44 43 35 34 42 41 33 25 17 26 27 28 20 19 18 10 2 3 11 12 4 5 6 7 8 16 24 32 40 39 47 48 56 64 63 55 54 62 61 60 59 58 50 51 52 53 46 38 30 22 23 29 65 
0 37 36 44 43 35 34 42 41 33 25 17 26 27 28 20 19 18 10 2 3 11 12 4 5 6 7 8 16 24 32 40 39 47 48 56 64 63 55 54 62 61 60 59 58 50 51 52 53 45 46 38 30 22 23 29 65 
0 37 36 44 43 35 34 42 49 41 33 25 26 27 28 20 19 18 10 2 3 11 12 4 5 6 7 8 16 24 32 40 39 47 48 56 64 63 55 54 62 61 60 59 58 50 51 52 53 45 46 38 30 22 23 29 65 
0 37 36 44 43 42 49 41 33 25 26 34 35 27 28 20 19 18 10 2 3 11 12 4 5 6 7 8 16 24 32 40 39 47 48 56 64 63 55 54 62 61 60 59 58 50 51 52 53 45 46 38 30 22 23 29 65 
0 37 36 44 43 42 50 58 49 41 33 25 26 34 35 27 28 20 19 18 10 2 3 11 12 4 5 6 7 8 16 24 32 40 39 47 48 56 64 63 55 54 62 61 60 59 51 52 53 45 46 38 30 22 23 21 29 65 
0 37 36 44 43 42 50 58 57 49 41 33 25 26 34 35 27 28 20 19 18 10 2 3 11 12 4 5 6 7 8 16 24 32 40 39 47 48 56 64 55 54 62 61 60 59 51 52 53 45 46 38 30 22 23 21 29 65 
0 37 36 44 43 42 50 58 57 49 41 33 25 17 26 34 35 27 28 20 19 18 10 2 3 11 12 4 5 6 7 8 16 24 32 40 39 47 48 56 55 54 62 61 60 59 51 52 53 45 46 38 30 22 23 21 29 65 
0 37 36 44 43 42 50 58 57 49 41 33 25 17 18 26 34 35 27 28 20 19 10 2 3 11 12 4 5 6 7 8 16 24 32 40 39 47 48 56 55 54 62 61 60 59 51 52 53 45 46 38 30 22 23 21 29 65 
0 36 37 45 44 43 42 50 58 57 49 41 33 25 17 18 26 34 35 27 28 20 19 10 2 3 11 12 4 5 6 7 8 16 24 32 40 39 47 48 56 55 54 62 61 60 59 51 52 53 46 38 30 22 23 21 29 65 
0 37 36 44 43 35 27 28 20 12 11 10 18 26 34 42 49 41 33 25 17 9 1 2 3 4 5 6 7 8 16 24 32 31 39 47 48 56 55 54 62 61 60 59 58 50 51 52 53 45 46 38 30 22 23 65 
0 36 37 45 44 43 35 27 28 20 19 18 26 34 42 49 41 33 25 17 9 10 2 3 11 12 4 5 6 7 8 16 24 32 40 39 47 48 56 55 54 62 61 60 59 58 50 51 52 53 46 38 30 31 23 65 
0 37 36 44 43 35 27 28 20 19 18 26 34 42 49 41 33 25 17 9 10 2 3 11 12 4 5 6 7 8 16 24 32 40 39 47 48 56 55 54 62 61 60 59 58 50 51 52 53 45 46 38 30 31 29 65 
0 28 20 19 18 26 27 35 36 44 43 42 49 41 34 33 25 17 9 10 2 3 11 12 4 5 6 7 8 16 24 32 40 39 47 48 56 55 54 62 61 60 59 58 50 51 52 53 45 46 38 30 31 23 65 
0 28 20 19 18 26 27 34 35 36 44 43 42 49 41 33 25 17 9 10 2 3 11 12 4 5 6 7 8 16 24 32 40 39 47 48 56 55 54 62 61 60 59 58 50 51 52 53 45 46 38 30 31 23 65 
0 37 36 44 43 35 27 28 20 19 18 26 34 42 41 33 25 17 9 10 2 3 11 12 4 5 6 7 8 16 24 32 40 39 47 48 56 64 55 54 62 61 60 59 58 50 51 52 53 45 46 38 30 31 23 65 
0 36 37 45 44 43 42 50 58 57 49 41 33 25 17 18 26 34 35 27 28 20 19 10 2 3 11 12 4 5 6 7 8 16 24 32 40 39 47 48 56 55 54 62 61 60 59 51 52 53 46 38 30 31 23 29 65 
0 37 36 44 43 42 50 58 57 49 41 33 25 17 18 26 34 35 27 28 20 19 10 2 3 11 12 4 5 6 7 8 16 24 32 40 39 47 48 56 55 54 62 61 60 59 51 52 53 45 46 38 30 31 23 29 65 
0 37 28 20 19 27 26 34 35 36 44 43 42 50 58 57 49 41 33 25 17 18 10 2 3 11 12 4 5 6 7 8 16 24 32 40 39 47 48 56 55 54 62 61 60 59 51 52 53 45 46 38 30 31 23 65 
0 37 36 44 43 35 27 28 20 19 18 26 34 42 41 33 25 17 9 10 2 3 11 12 4 5 6 7 8 16 24 32 40 39 47 48 56 64 63 55 54 62 61 60 59 58 50 51 52 53 45 46 38 30 23 65 
0 28 36 44 43 35 27 19 20 12 11 10 18 26 34 42 50 51 52 53 54 46 45 37 38 39 31 23 24 32 40 48 47 55 62 61 60 59 58 57 49 41 33 25 17 9 1 2 3 21 29 65 
0 28 20 19 27 36 35 43 44 45 46 38 39 47 55 54 53 52 51 50 42 34 26 18 10 11 12 4 3 2 1 9 17 25 33 41 49 57 58 59 60 61 62 63 64 56 48 40 32 31 23 29 65 
0 28 20 19 27 35 43 36 44 45 46 38 39 47 55 54 53 52 51 50 42 34 26 18 10 11 12 4 3 2 1 9 17 25 33 41 49 57 58 59 60 61 62 63 64 56 48 40 32 31 23 29 65 
0 28 20 19 27 36 44 45 46 38 39 47 55 54 53 52 51 50 42 43 35 34 26 18 10 11 12 4 3 2 1 9 17 25 33 41 49 57 58 59 60 61 62 63 64 56 48 40 32 31 23 21 29 37 65 
0 28 20 19 27 36 35 43 44 45 46 38 39 47 55 54 53 52 51 50 42 34 26 18 10 11 12 4 3 2 1 9 17 25 33 41 49 57 58 59 60 61 62 63 64 56 48 40 32 24 23 29 65 
0 28 20 19 27 35 43 36 44 45 46 38 39 47 55 54 53 52 51 50 42 34 26 18 10 11 12 4 3 2 1 9 17 25 33 41 49 57 58 59 60 61 62 63 64 56 48 40 32 24 23 29 65 
0 28 20 19 27 36 44 45 46 38 39 47 55 54 53 52 51 50 42 43 35 34 26 18 10 11 12 4 3 2 1 9 17 25 33 41 49 57 58 59 60 61 62 63 64 56 48 40 32 24 23 15 29 37 65 
0 37 45 44 36 28 27 20 12 11 10 18 26 34 35 43 42 50 51 52 53 54 55 47 46 38 39 31 23 24 32 40 48 56 64 63 62 61 60 59 58 57 49 41 33 25 17 9 1 2 3 21 29 65 
0 36 44 43 35 27 28 20 12 11 10 18 26 34 42 50 51 52 53 54 46 45 37 38 39 31 23 24 32 40 48 56 64 55 62 61 60 59 58 57 49 41 33 25 17 9 1 2 3 21 29 65 
0 28 27 35 36 43 44 45 46 38 39 47 55 54 53 52 51 50 42 34 26 18 10 11 12 4 3 2 1 9 17 25 33 41 49 57 58 59 60 61 62 63 64 56 48 40 32 24 16 8 37 65 
0 28 20 27 35 36 43 44 45 46 38 39 47 55 54 53 52 51 50 42 34 26 18 10 11 12 4 3 2 1 9 17 25 33 41 49 57 58 59 60 61 62 63 64 56 48 40 32 16 65 
0 28 20 27 36 35 43 44 45 46 38 39 47 55 54 53 52 51 50 42 34 26 18 10 11 12 4 3 2 1 9 17 25 33 41 49 57 58 59 60 61 62 63 64 56 48 40 32 24 16 8 37 65 
0 36 28 27 35 43 44 45 37 38 39 47 55 54 53 52 51 50 42 34 26 18 10 11 12 4 3 2 1 9 17 25 33 41 49 57 58 59 60 61 62 63 64 56 48 40 32 24 16 8 23 65 
0 36 28 27 35 43 44 45 46 38 39 47 55 54 53 52 51 50 42 34 26 18 10 11 12 4 3 2 1 9 17 25 33 41 49 57 58 59 60 61 62 63 64 56 48 40 32 24 16 8 23 65 
0 36 28 27 35 43 44 45 46 38 31 39 47 55 54 53 52 51 50 42 34 26 18 10 11 12 4 3 2 1 9 17 25 33 41 49 57 58 59 60 61 62 63 64 56 48 40 32 24 16 8 23 65 
0 36 44 45 37 30 38 46 54 53 52 51 42 43 35 27 28 20 19 18 17 25 26 34 33 41 49 50 58 59 60 61 62 63 55 56 48 47 39 31 32 24 16 8 7 6 5 4 3 2 10 11 12 13 22 21 29 65 
0 36 44 45 37 30 38 46 54 53 52 51 43 35 27 28 20 19 18 26 17 25 33 34 42 41 49 50 58 59 60 61 62 63 55 56 48 47 39 31 32 24 16 8 7 6 5 4 3 2 10 11 12 13 14 23 65 
0 37 36 35 43 44 45 46 38 30 31 39 47 55 54 53 52 51 50 42 34 26 27 28 20 12 11 19 18 10 9 17 25 33 41 49 57 58 59 60 61 62 63 64 56 48 40 32 24 16 8 23 65 
0 36 44 45 37 38 46 54 53 52 51 43 35 27 28 20 19 18 26 17 25 33 34 42 41 49 50 58 59 60 61 62 63 55 56 48 40 47 39 31 32 24 16 8 7 6 5 4 3 2 10 11 12 13 14 23 65 
0 36 44 45 37 38 46 54 53 52 51 43 35 28 20 19 27 26 18 17 25 33 34 42 41 49 50 58 59 60 61 62 63 55 56 48 40 47 39 31 32 24 16 8 7 6 5 4 3 2 10 11 12 13 21 29 65 
0 28 37 36 35 43 44 45 46 38 39 47 55 54 53 52 51 50 42 34 26 27 19 20 12 11 3 2 10 18 17 25 33 41 49 57 58 59 60 61 62 63 64 56 48 40 32 24 16 8 23 65 
0 28 20 27 26 18 17 25 33 34 42 41 49 50 58 59 60 61 62 63 64 56 55 54 53 45 44 52 51 43 35 36 37 38 46 47 39 31 32 24 16 8 7 6 5 4 3 2 1 9 10 11 12 21 29 65 
0 36 35 43 44 45 46 37 38 39 47 55 54 53 52 51 50 42 34 26 27 28 20 13 12 11 3 2 1 9 10 18 17 25 33 41 49 57 58 59 60 61 62 63 64 40 32 65 
0 28 36 35 43 44 45 46 38 39 47 55 54 53 52 51 50 42 34 26 27 19 20 21 13 5 4 12 11 3 2 10 18 17 25 33 41 49 57 58 59 60 61 62 63 64 56 48 40 32 24 16 8 65 
0 37 45 44 43 51 50 42 34 35 36 28 27 26 18 10 11 12 20 21 13 5 4 3 2 1 9 17 25 33 41 49 57 58 59 60 61 53 54 62 63 55 56 48 40 32 24 16 8 7 6 14 15 23 31 39 47 65 
0 36 28 29 37 45 44 43 51 50 42 34 35 27 26 18 10 11 12 20 21 13 5 4 3 2 1 9 17 25 33 41 49 57 58 59 60 61 53 54 62 63 64 56 48 40 32 24 16 8 7 6 14 15 23 31 39 38 65 
0 37 45 44 43 51 50 42 34 35 36 28 27 26 18 10 11 12 20 21 13 5 4 3 2 1 9 17 25 33 41 49 57 58 59 60 61 53 54 62 63 64 56 48 40 32 24 16 8 7 6 14 15 23 31 39 38 65 
0 36 37 38 39 47 55 54 53 45 44 43 51 50 42 34 26 35 27 28 20 21 13 5 4 12 11 3 2 1 9 10 18 17 25 33 41 49 57 58 59 60 61 62 63 64 56 48 40 32 24 16 8 65 
0 36 37 46 38 39 47 55 54 53 52 44 43 51 50 42 34 35 27 28 20 21 13 5 4 12 11 3 2 1 9 10 18 17 25 33 41 49 57 58 59 60 61 62 63 64 56 48 40 32 24 16 8 65 
0 36 45 46 38 39 47 55 54 53 52 44 43 51 50 42 34 35 27 28 20 21 13 5 4 12 11 3 2 1 9 10 18 17 25 33 41 49 57 58 59 60 61 62 63 64 56 48 40 32 24 16 8 65 
0 36 44 45 46 38 39 47 55 54 53 52 51 43 50 42 34 35 27 28 20 21 13 5 4 12 11 3 2 1 9 10 18 17 25 33 41 49 57 58 59 60 61 62 63 64 56 48 40 32 16 30 65 
0 36 44 45 46 38 39 47 55 54 53 52 51 50 42 34 26 35 27 28 20 21 13 5 4 12 11 3 2 1 9 10 18 17 25 33 41 49 57 58 59 60 61 62 63 64 56 48 40 32 24 16 8 65 
