941
535.0 676.0 
490.0 584.0 
495.0 633.0 
525.0 605.0 
535.0 593.0 
555.0 666.0 
515.0 616.0 
575.0 651.0 
540.0 566.0 
580.0 611.0 
570.0 519.0 
480.0 439.0 
610.0 575.0 
575.0 497.0 
595.0 447.0 
605.0 439.0 
625.0 526.0 
535.0 449.0 
610.0 497.0 
670.0 525.0 
675.0 465.0 
690.0 514.0 
670.0 450.0 
730.0 478.0 
715.0 435.0 
660.0 374.0 
815.0 427.0 
795.0 346.0 
735.0 331.0 
755.0 305.0 
780.0 329.0 
785.0 258.0 
895.0 314.0 
765.0 271.0 
700.0 216.0 
635.0 593.0 
660.0 459.0 
660.0 445.0 
735.0 428.0 
775.0 479.0 
745.0 315.0 
725.0 340.0 
795.0 455.0 
710.0 404.0 
535.0 676.0 
495.0 634.0 
550.0 617.0 
525.0 605.0 
575.0 658.0 
575.0 461.0 
540.0 494.0 
545.0 521.0 
525.0 549.0 
575.0 486.0 
620.0 476.0 
670.0 524.0 
610.0 405.0 
705.0 538.0 
655.0 403.0 
725.0 524.0 
605.0 373.0 
750.0 449.0 
775.0 471.0 
695.0 377.0 
745.0 320.0 
755.0 302.0 
730.0 285.0 
785.0 258.0 
690.0 222.0 
765.0 271.0 
700.0 216.0 
615.0 622.0 
515.0 530.0 
520.0 487.0 
730.0 477.0 
795.0 455.0 
715.0 361.0 
725.0 345.0 
735.0 335.0 
575.0 569.0 
565.0 579.0 
595.0 559.0 
725.0 346.0 
750.0 362.0 
540.0 630.0 
555.0 578.0 
555.0 497.0 
530.0 476.0 
610.0 582.0 
525.0 539.0 
595.0 555.0 
620.0 465.0 
595.0 447.0 
640.0 545.0 
625.0 526.0 
600.0 411.0 
635.0 516.0 
615.0 460.0 
680.0 522.0 
715.0 527.0 
615.0 460.0 
605.0 391.0 
720.0 482.0 
720.0 483.0 
765.0 481.0 
775.0 476.0 
675.0 402.0 
795.0 450.0 
795.0 450.0 
795.0 450.0 
765.0 388.0 
750.0 361.0 
770.0 330.0 
665.0 320.0 
745.0 320.0 
730.0 285.0 
785.0 258.0 
690.0 222.0 
765.0 271.0 
700.0 216.0 
515.0 625.0 
515.0 610.0 
520.0 485.0 
540.0 548.0 
775.0 377.0 
755.0 302.0 
570.0 625.0 
585.0 647.0 
545.0 604.0 
520.0 483.0 
565.0 479.0 
550.0 459.0 
590.0 518.0 
605.0 443.0 
615.0 429.0 
675.0 561.0 
670.0 534.0 
635.0 424.0 
715.0 527.0 
570.0 370.0 
660.0 458.0 
670.0 453.0 
715.0 435.0 
765.0 478.0 
740.0 370.0 
785.0 460.0 
795.0 450.0 
805.0 442.0 
665.0 311.0 
770.0 330.0 
735.0 331.0 
735.0 331.0 
800.0 289.0 
840.0 348.0 
785.0 258.0 
690.0 222.0 
765.0 271.0 
700.0 216.0 
550.0 449.0 
655.0 400.0 
670.0 526.0 
715.0 355.0 
745.0 320.0 
490.0 614.0 
465.0 592.0 
560.0 634.0 
470.0 591.0 
495.0 635.0 
530.0 654.0 
595.0 640.0 
520.0 487.0 
575.0 497.0 
595.0 555.0 
605.0 443.0 
600.0 504.0 
620.0 490.0 
670.0 522.0 
585.0 480.0 
620.0 387.0 
695.0 459.0 
660.0 444.0 
700.0 400.0 
735.0 510.0 
635.0 442.0 
775.0 475.0 
805.0 442.0 
760.0 349.0 
795.0 346.0 
770.0 336.0 
800.0 394.0 
725.0 341.0 
735.0 331.0 
825.0 313.0 
755.0 305.0 
730.0 285.0 
785.0 258.0 
690.0 222.0 
765.0 271.0 
700.0 216.0 
510.0 657.0 
555.0 668.0 
755.0 493.0 
670.0 354.0 
760.0 346.0 
755.0 404.0 
595.0 474.0 
565.0 580.0 
555.0 581.0 
585.0 479.0 
595.0 558.0 
475.0 584.0 
525.0 605.0 
565.0 662.0 
560.0 615.0 
545.0 585.0 
490.0 500.0 
550.0 628.0 
525.0 610.0 
585.0 641.0 
565.0 570.0 
515.0 563.0 
570.0 532.0 
650.0 547.0 
645.0 491.0 
615.0 471.0 
645.0 504.0 
640.0 454.0 
635.0 516.0 
695.0 551.0 
620.0 387.0 
620.0 387.0 
635.0 424.0 
670.0 439.0 
680.0 428.0 
645.0 336.0 
725.0 423.0 
710.0 406.0 
735.0 420.0 
730.0 383.0 
795.0 450.0 
795.0 450.0 
750.0 361.0 
795.0 346.0 
810.0 388.0 
745.0 318.0 
730.0 285.0 
785.0 258.0 
690.0 222.0 
765.0 271.0 
700.0 216.0 
540.0 467.0 
560.0 446.0 
725.0 341.0 
770.0 330.0 
755.0 305.0 
475.0 584.0 
555.0 666.0 
525.0 605.0 
525.0 616.0 
545.0 597.0 
495.0 555.0 
615.0 624.0 
595.0 555.0 
595.0 447.0 
480.0 471.0 
605.0 543.0 
630.0 458.0 
690.0 521.0 
745.0 500.0 
755.0 493.0 
765.0 480.0 
775.0 467.0 
715.0 448.0 
705.0 367.0 
805.0 437.0 
665.0 311.0 
795.0 348.0 
725.0 339.0 
735.0 331.0 
785.0 364.0 
685.0 289.0 
730.0 285.0 
785.0 258.0 
895.0 314.0 
765.0 271.0 
700.0 216.0 
480.0 524.0 
520.0 502.0 
540.0 577.0 
660.0 433.0 
625.0 534.0 
645.0 517.0 
655.0 509.0 
650.0 476.0 
570.0 452.0 
555.0 675.0 
560.0 630.0 
500.0 592.0 
490.0 500.0 
585.0 639.0 
560.0 621.0 
555.0 587.0 
520.0 478.0 
520.0 478.0 
565.0 478.0 
625.0 613.0 
540.0 494.0 
565.0 486.0 
595.0 560.0 
480.0 471.0 
595.0 447.0 
620.0 465.0 
595.0 555.0 
605.0 543.0 
635.0 511.0 
670.0 524.0 
665.0 486.0 
705.0 535.0 
620.0 389.0 
715.0 530.0 
615.0 452.0 
670.0 437.0 
655.0 410.0 
715.0 427.0 
710.0 412.0 
655.0 326.0 
805.0 442.0 
705.0 369.0 
750.0 361.0 
760.0 348.0 
735.0 331.0 
815.0 324.0 
755.0 301.0 
780.0 329.0 
705.0 265.0 
840.0 232.0 
690.0 222.0 
765.0 271.0 
700.0 216.0 
660.0 433.0 
615.0 538.0 
720.0 396.0 
685.0 393.0 
535.0 676.0 
525.0 605.0 
490.0 500.0 
590.0 506.0 
540.0 494.0 
595.0 555.0 
595.0 447.0 
575.0 497.0 
480.0 471.0 
605.0 439.0 
525.0 389.0 
520.0 504.0 
695.0 554.0 
705.0 538.0 
610.0 427.0 
645.0 419.0 
660.0 469.0 
735.0 411.0 
675.0 405.0 
795.0 451.0 
790.0 406.0 
725.0 335.0 
750.0 358.0 
670.0 361.0 
815.0 424.0 
685.0 283.0 
675.0 299.0 
795.0 354.0 
735.0 331.0 
785.0 364.0 
770.0 331.0 
730.0 285.0 
785.0 258.0 
690.0 222.0 
765.0 271.0 
700.0 216.0 
545.0 599.0 
545.0 602.0 
615.0 626.0 
580.0 452.0 
740.0 461.0 
770.0 339.0 
575.0 564.0 
740.0 449.0 
540.0 645.0 
565.0 669.0 
510.0 486.0 
570.0 519.0 
625.0 621.0 
595.0 447.0 
595.0 555.0 
480.0 471.0 
605.0 543.0 
585.0 473.0 
615.0 526.0 
670.0 525.0 
675.0 465.0 
690.0 498.0 
590.0 426.0 
635.0 428.0 
570.0 370.0 
595.0 385.0 
790.0 406.0 
750.0 358.0 
750.0 349.0 
665.0 311.0 
790.0 411.0 
725.0 339.0 
735.0 331.0 
710.0 316.0 
755.0 301.0 
840.0 348.0 
820.0 264.0 
690.0 222.0 
765.0 271.0 
700.0 216.0 
475.0 517.0 
500.0 599.0 
590.0 512.0 
620.0 486.0 
645.0 425.0 
795.0 452.0 
645.0 433.0 
665.0 418.0 
675.0 406.0 
675.0 401.0 
545.0 681.0 
520.0 661.0 
520.0 661.0 
545.0 681.0 
525.0 611.0 
525.0 611.0 
530.0 660.0 
515.0 633.0 
490.0 616.0 
560.0 644.0 
535.0 601.0 
545.0 593.0 
530.0 577.0 
565.0 581.0 
530.0 583.0 
565.0 581.0 
565.0 589.0 
575.0 570.0 
605.0 639.0 
540.0 579.0 
585.0 564.0 
605.0 553.0 
635.0 622.0 
635.0 622.0 
635.0 622.0 
600.0 526.0 
655.0 604.0 
665.0 597.0 
645.0 526.0 
675.0 587.0 
625.0 465.0 
660.0 469.0 
655.0 420.0 
700.0 505.0 
640.0 392.0 
725.0 532.0 
735.0 519.0 
720.0 488.0 
730.0 383.0 
815.0 429.0 
750.0 355.0 
835.0 401.0 
770.0 332.0 
745.0 315.0 
555.0 589.0 
600.0 610.0 
615.0 475.0 
765.0 490.0 
760.0 451.0 
785.0 469.0 
755.0 499.0 
775.0 481.0 
515.0 612.0 
540.0 655.0 
545.0 681.0 
515.0 612.0 
520.0 661.0 
550.0 654.0 
480.0 626.0 
480.0 626.0 
480.0 626.0 
490.0 615.0 
560.0 623.0 
565.0 669.0 
565.0 669.0 
535.0 600.0 
535.0 600.0 
535.0 600.0 
545.0 599.0 
580.0 612.0 
510.0 607.0 
565.0 585.0 
595.0 654.0 
520.0 600.0 
605.0 645.0 
605.0 645.0 
580.0 625.0 
530.0 591.0 
615.0 636.0 
600.0 607.0 
615.0 539.0 
570.0 554.0 
610.0 511.0 
580.0 456.0 
665.0 492.0 
680.0 532.0 
685.0 468.0 
670.0 446.0 
710.0 499.0 
615.0 474.0 
720.0 490.0 
690.0 424.0 
655.0 426.0 
655.0 426.0 
655.0 426.0 
645.0 344.0 
645.0 344.0 
740.0 371.0 
790.0 407.0 
795.0 348.0 
770.0 324.0 
820.0 359.0 
790.0 291.0 
800.0 276.0 
605.0 549.0 
650.0 561.0 
685.0 573.0 
605.0 396.0 
495.0 645.0 
545.0 681.0 
550.0 645.0 
530.0 653.0 
550.0 622.0 
555.0 671.0 
555.0 671.0 
525.0 538.0 
565.0 663.0 
560.0 614.0 
560.0 637.0 
535.0 594.0 
560.0 637.0 
565.0 663.0 
560.0 637.0 
495.0 649.0 
560.0 638.0 
570.0 613.0 
570.0 636.0 
500.0 608.0 
570.0 636.0 
545.0 616.0 
540.0 567.0 
555.0 607.0 
580.0 606.0 
585.0 655.0 
595.0 648.0 
605.0 647.0 
615.0 636.0 
625.0 629.0 
640.0 569.0 
655.0 605.0 
620.0 506.0 
630.0 496.0 
640.0 483.0 
700.0 512.0 
690.0 417.0 
640.0 384.0 
615.0 370.0 
690.0 423.0 
690.0 423.0 
740.0 459.0 
745.0 508.0 
600.0 344.0 
765.0 489.0 
730.0 482.0 
735.0 427.0 
700.0 420.0 
740.0 469.0 
630.0 414.0 
700.0 423.0 
695.0 374.0 
605.0 397.0 
730.0 383.0 
740.0 371.0 
725.0 343.0 
770.0 324.0 
835.0 284.0 
635.0 623.0 
675.0 585.0 
660.0 547.0 
475.0 589.0 
525.0 624.0 
540.0 648.0 
535.0 620.0 
535.0 620.0 
545.0 610.0 
565.0 581.0 
600.0 591.0 
615.0 632.0 
625.0 631.0 
590.0 531.0 
585.0 482.0 
570.0 463.0 
620.0 507.0 
675.0 586.0 
635.0 441.0 
655.0 514.0 
635.0 441.0 
650.0 475.0 
685.0 481.0 
725.0 528.0 
695.0 467.0 
735.0 517.0 
685.0 481.0 
720.0 492.0 
755.0 497.0 
705.0 461.0 
750.0 457.0 
760.0 445.0 
765.0 392.0 
775.0 377.0 
735.0 331.0 
755.0 301.0 
485.0 589.0 
625.0 541.0 
650.0 483.0 
765.0 490.0 
760.0 451.0 
715.0 355.0 
745.0 320.0 
725.0 344.0 
515.0 537.0 
560.0 621.0 
525.0 527.0 
545.0 597.0 
535.0 522.0 
555.0 595.0 
545.0 518.0 
545.0 518.0 
530.0 491.0 
530.0 491.0 
605.0 647.0 
575.0 495.0 
615.0 549.0 
595.0 479.0 
645.0 614.0 
630.0 486.0 
675.0 586.0 
640.0 488.0 
630.0 404.0 
710.0 504.0 
735.0 525.0 
665.0 414.0 
715.0 457.0 
725.0 446.0 
670.0 363.0 
740.0 370.0 
785.0 367.0 
835.0 401.0 
735.0 330.0 
810.0 269.0 
605.0 558.0 
625.0 468.0 
700.0 515.0 
680.0 352.0 
775.0 482.0 
745.0 318.0 
630.0 500.0 
690.0 338.0 
530.0 657.0 
540.0 655.0 
515.0 612.0 
545.0 681.0 
515.0 612.0 
520.0 661.0 
545.0 681.0 
545.0 681.0 
540.0 655.0 
540.0 655.0 
540.0 655.0 
550.0 654.0 
480.0 626.0 
480.0 626.0 
480.0 626.0 
555.0 680.0 
550.0 654.0 
560.0 645.0 
545.0 599.0 
545.0 606.0 
530.0 578.0 
555.0 587.0 
585.0 656.0 
555.0 587.0 
585.0 656.0 
595.0 654.0 
520.0 600.0 
575.0 575.0 
605.0 644.0 
610.0 587.0 
620.0 580.0 
630.0 567.0 
640.0 559.0 
655.0 603.0 
655.0 603.0 
590.0 534.0 
620.0 499.0 
650.0 566.0 
600.0 524.0 
630.0 394.0 
670.0 444.0 
670.0 444.0 
675.0 493.0 
640.0 383.0 
635.0 442.0 
650.0 370.0 
600.0 441.0 
680.0 443.0 
720.0 492.0 
675.0 398.0 
755.0 407.0 
805.0 442.0 
780.0 424.0 
770.0 333.0 
800.0 298.0 
795.0 230.0 
665.0 505.0 
630.0 408.0 
785.0 466.0 
790.0 313.0 
730.0 285.0 
680.0 525.0 
790.0 307.0 
755.0 305.0 
655.0 421.0 
545.0 681.0 
515.0 612.0 
480.0 626.0 
565.0 669.0 
500.0 608.0 
570.0 636.0 
570.0 636.0 
525.0 626.0 
510.0 605.0 
595.0 647.0 
605.0 644.0 
585.0 566.0 
595.0 556.0 
565.0 497.0 
635.0 617.0 
615.0 549.0 
655.0 604.0 
620.0 510.0 
630.0 488.0 
685.0 576.0 
685.0 576.0 
585.0 504.0 
595.0 496.0 
700.0 509.0 
725.0 530.0 
685.0 482.0 
685.0 482.0 
685.0 482.0 
735.0 522.0 
720.0 493.0 
730.0 478.0 
745.0 410.0 
775.0 378.0 
750.0 348.0 
790.0 404.0 
795.0 346.0 
670.0 538.0 
740.0 468.0 
760.0 447.0 
765.0 389.0 
485.0 567.0 
495.0 564.0 
510.0 588.0 
560.0 631.0 
565.0 580.0 
580.0 620.0 
590.0 618.0 
600.0 601.0 
610.0 595.0 
655.0 596.0 
610.0 511.0 
655.0 596.0 
650.0 547.0 
665.0 585.0 
660.0 548.0 
675.0 579.0 
675.0 579.0 
685.0 573.0 
680.0 533.0 
685.0 488.0 
680.0 446.0 
665.0 411.0 
740.0 470.0 
765.0 490.0 
795.0 458.0 
815.0 427.0 
825.0 412.0 
835.0 401.0 
735.0 331.0 
855.0 372.0 
755.0 302.0 
615.0 255.0 
730.0 257.0 
605.0 557.0 
645.0 607.0 
700.0 518.0 
690.0 523.0 
740.0 475.0 
785.0 469.0 
805.0 444.0 
615.0 255.0 
540.0 631.0 
470.0 623.0 
515.0 608.0 
520.0 657.0 
470.0 623.0 
520.0 600.0 
490.0 616.0 
560.0 644.0 
535.0 624.0 
570.0 613.0 
575.0 662.0 
580.0 629.0 
595.0 650.0 
590.0 624.0 
600.0 590.0 
600.0 590.0 
600.0 590.0 
605.0 639.0 
605.0 639.0 
575.0 582.0 
580.0 631.0 
620.0 580.0 
635.0 624.0 
630.0 575.0 
635.0 624.0 
595.0 568.0 
665.0 594.0 
665.0 594.0 
665.0 594.0 
675.0 582.0 
685.0 570.0 
670.0 538.0 
700.0 498.0 
665.0 502.0 
725.0 529.0 
650.0 372.0 
690.0 423.0 
660.0 362.0 
680.0 345.0 
715.0 455.0 
690.0 334.0 
720.0 395.0 
700.0 322.0 
605.0 396.0 
645.0 344.0 
675.0 303.0 
635.0 357.0 
735.0 317.0 
755.0 304.0 
650.0 556.0 
640.0 566.0 
670.0 356.0 
780.0 317.0 
755.0 304.0 
495.0 645.0 
545.0 681.0 
545.0 681.0 
495.0 645.0 
520.0 663.0 
530.0 653.0 
555.0 671.0 
555.0 671.0 
530.0 653.0 
555.0 671.0 
465.0 600.0 
520.0 587.0 
460.0 574.0 
535.0 594.0 
560.0 637.0 
565.0 663.0 
560.0 637.0 
560.0 637.0 
495.0 649.0 
495.0 649.0 
500.0 608.0 
570.0 636.0 
545.0 616.0 
540.0 567.0 
505.0 648.0 
580.0 606.0 
595.0 650.0 
565.0 581.0 
590.0 624.0 
590.0 624.0 
600.0 615.0 
595.0 559.0 
615.0 632.0 
625.0 625.0 
635.0 624.0 
635.0 624.0 
635.0 624.0 
640.0 569.0 
650.0 556.0 
665.0 597.0 
645.0 522.0 
620.0 512.0 
640.0 483.0 
700.0 512.0 
735.0 522.0 
745.0 506.0 
725.0 426.0 
680.0 441.0 
675.0 398.0 
760.0 443.0 
710.0 398.0 
785.0 469.0 
765.0 385.0 
795.0 449.0 
790.0 400.0 
795.0 352.0 
845.0 391.0 
745.0 320.0 
755.0 302.0 
615.0 471.0 
725.0 530.0 
790.0 409.0 
770.0 329.0 
760.0 339.0 

0 28 36 44 43 42 34 26 35 27 19 18 10 11 12 20 21 22 14 15 23 31 39 38 46 54 53 45 37 29 65 
0 36 28 27 35 43 44 45 46 37 38 39 47 55 54 53 52 51 50 42 34 26 18 11 19 20 21 65 
0 36 37 45 46 38 39 47 55 54 53 52 51 50 42 43 44 35 34 26 27 28 19 18 11 20 21 29 65 
0 36 37 38 46 54 55 47 39 31 23 15 14 13 12 11 10 18 26 34 42 43 44 35 27 28 19 29 65 
0 36 37 38 46 54 55 47 39 31 23 15 14 13 12 21 20 19 11 10 18 26 34 42 43 44 35 28 65 
0 28 35 34 42 43 44 36 37 38 46 54 55 47 39 31 23 15 14 13 12 11 10 18 26 27 19 20 21 29 65 
0 36 37 38 39 47 55 54 53 45 44 43 35 27 19 18 10 11 12 20 28 21 13 5 6 14 30 29 65 
0 36 28 27 20 12 11 10 18 26 34 35 43 44 45 53 54 46 37 38 39 40 32 24 23 15 14 22 21 29 65 
0 29 21 20 28 36 44 43 35 34 26 27 18 10 11 12 13 14 15 23 31 32 40 48 47 46 45 65 
0 28 36 37 38 39 47 55 54 53 52 51 50 49 41 33 34 42 43 44 35 27 26 18 10 11 20 21 29 65 
0 36 28 27 19 18 26 34 35 43 44 45 53 54 46 38 39 31 32 24 23 15 14 6 5 12 11 65 
0 36 28 27 35 44 52 45 37 38 39 47 55 54 53 61 60 59 58 50 42 34 26 65 
0 28 36 37 38 39 47 55 54 53 52 44 43 35 27 26 34 33 25 17 18 10 2 3 11 12 20 13 29 65 
0 28 36 35 27 26 18 10 11 12 20 21 29 38 46 54 62 61 60 59 50 49 41 33 34 42 65 
0 36 37 38 46 54 62 61 60 59 58 50 49 41 33 34 42 43 44 35 27 26 18 10 11 21 65 
0 36 37 38 39 47 55 54 53 61 60 59 58 50 42 43 44 35 34 33 25 17 18 11 13 21 65 
0 36 37 38 46 54 53 61 60 59 58 50 49 41 42 43 44 35 34 33 25 17 18 10 11 20 28 29 65 
0 36 44 52 51 43 35 27 28 21 20 12 11 10 18 26 34 33 41 49 57 59 60 54 65 
0 36 37 38 46 54 53 61 60 59 58 57 49 41 42 43 44 35 34 33 25 17 18 11 20 28 29 65 
0 36 45 46 54 53 61 60 59 58 50 49 41 42 43 44 35 34 33 25 17 18 10 11 12 13 21 28 29 65 
0 36 45 46 54 53 61 60 59 58 57 49 41 42 43 44 35 34 33 25 17 18 10 11 12 13 21 28 65 
0 36 35 43 44 45 53 54 62 61 60 59 58 57 49 41 42 34 33 25 17 18 10 11 12 20 27 28 29 65 
0 29 28 20 12 11 10 18 17 25 33 41 49 57 58 59 60 61 62 54 53 52 44 43 51 50 36 65 
0 36 44 43 51 59 60 61 53 54 62 63 64 56 48 40 39 31 23 15 7 6 5 4 12 21 20 28 29 65 
0 36 44 43 51 52 53 54 62 61 60 59 58 57 49 41 33 25 17 18 27 28 20 12 4 6 14 21 65 
0 36 44 35 34 42 41 49 57 58 59 60 61 62 54 55 47 39 32 24 16 7 6 21 29 65 
0 28 36 44 43 42 34 33 41 49 57 58 59 60 61 62 54 55 56 48 40 32 24 16 8 7 6 14 21 29 65 
0 28 36 44 45 53 54 62 61 60 59 58 57 49 41 33 25 17 9 1 2 3 4 5 6 7 14 21 65 
0 36 44 35 34 33 41 49 57 58 59 60 61 62 63 64 56 48 40 32 24 15 7 6 21 29 65 
0 36 44 35 34 33 41 49 57 58 59 60 61 62 63 64 56 48 40 32 24 16 15 7 6 29 65 
0 36 44 53 54 62 61 60 59 58 57 49 41 33 25 17 9 1 2 3 4 5 6 7 14 21 29 65 
0 36 35 34 41 49 57 58 59 60 61 62 63 64 56 48 40 32 24 16 8 7 6 5 4 29 65 
0 28 20 12 4 5 6 7 8 16 24 32 40 48 56 64 63 62 61 60 59 58 57 49 41 33 25 34 35 36 65 
0 36 44 45 53 61 60 59 58 57 49 41 33 25 17 9 1 2 3 4 5 6 7 16 39 38 65 
0 36 44 52 53 61 60 59 58 57 49 41 33 25 17 9 1 2 3 4 5 6 7 65 
0 36 35 27 20 12 11 10 18 26 34 42 43 44 45 53 54 46 39 47 48 40 32 24 23 15 14 22 21 29 65 
0 36 44 52 53 54 62 61 60 59 58 57 49 41 50 42 43 35 34 33 25 17 18 11 20 28 29 65 
0 28 36 44 43 35 34 42 50 51 52 53 54 61 60 59 58 57 49 41 33 25 17 18 11 20 21 65 
0 36 44 43 35 34 33 41 49 57 58 59 60 61 62 54 55 48 40 32 24 16 7 6 14 21 28 29 65 
0 36 44 43 42 34 33 41 49 57 58 59 60 61 62 54 55 47 39 32 24 16 8 7 6 14 21 20 28 29 65 
0 36 44 35 34 33 41 49 57 58 59 60 61 62 63 64 56 48 40 32 24 16 7 6 21 29 65 
0 28 36 35 34 33 41 49 57 58 59 60 61 62 63 64 56 48 40 32 24 15 7 6 21 29 65 
0 36 44 43 42 34 33 41 49 58 59 60 61 62 54 55 56 48 40 32 24 16 8 7 6 14 21 20 28 29 65 
0 36 44 43 35 34 33 41 49 57 58 59 60 61 62 54 55 47 39 32 24 16 7 6 14 21 28 65 
0 28 36 44 43 42 34 26 35 27 19 18 10 11 12 20 21 22 14 15 23 31 39 38 46 54 53 45 37 29 65 
0 37 38 39 47 55 54 53 45 44 43 42 34 35 36 28 27 19 18 10 11 12 20 13 14 22 21 29 65 
0 36 37 38 46 54 55 47 39 31 23 15 14 13 12 20 19 11 10 18 26 34 42 43 44 35 27 28 21 65 
0 36 37 38 46 54 55 47 39 31 23 15 14 13 12 11 10 18 26 34 42 43 44 35 27 28 19 29 65 
0 36 28 27 20 12 11 10 18 26 34 35 43 44 45 37 38 46 54 55 47 39 31 32 24 23 15 14 21 29 65 
0 36 37 46 38 39 47 55 54 53 52 60 59 51 44 43 35 34 33 25 17 18 10 11 13 21 65 
0 28 36 35 27 26 18 10 11 12 20 21 29 38 46 54 53 61 60 59 50 49 41 33 34 65 
0 36 28 27 19 18 26 34 35 43 44 52 53 54 46 38 39 32 24 16 8 15 7 6 21 29 65 
0 36 28 20 21 13 12 11 10 18 17 25 33 34 35 43 44 37 45 53 61 62 54 39 38 29 65 
0 36 28 27 19 18 26 34 35 43 44 45 53 54 46 39 40 32 24 16 8 15 7 6 4 29 65 
0 36 37 38 39 47 55 54 53 61 60 59 58 57 49 41 33 34 42 43 44 35 27 18 11 20 21 65 
0 36 37 38 39 40 48 47 55 54 62 61 53 44 35 34 33 25 17 18 10 11 3 4 12 13 21 28 29 65 
0 28 27 35 36 44 43 50 51 52 53 54 62 61 60 59 58 57 49 41 33 34 26 18 11 65 
0 28 27 35 36 44 43 42 34 33 25 17 18 10 11 3 4 5 6 7 8 16 15 23 14 13 12 20 21 29 65 
0 28 36 35 27 26 34 42 43 44 52 53 54 62 61 60 59 58 57 49 41 33 25 17 18 11 65 
0 36 35 43 44 45 53 54 62 61 60 59 58 50 49 41 42 34 33 25 17 18 10 2 3 12 20 28 21 29 65 
0 28 36 44 52 53 61 62 54 46 38 39 47 55 64 56 48 40 32 24 16 7 6 21 65 
0 36 44 43 42 41 49 57 58 59 60 61 62 54 55 56 48 40 39 31 23 15 7 6 5 13 21 29 28 65 
0 36 44 43 51 59 60 61 53 54 62 63 64 56 48 55 47 39 40 32 24 16 8 7 6 14 21 20 28 29 65 
0 28 36 44 52 51 59 60 61 53 54 62 63 64 56 48 47 39 40 32 24 15 7 6 4 29 65 
0 36 44 35 34 33 41 49 57 58 59 60 61 62 54 55 56 48 40 32 24 16 8 7 6 29 65 
0 36 44 35 34 33 41 49 57 58 59 60 61 62 63 55 56 48 40 32 24 16 8 7 6 29 65 
0 36 44 35 34 33 41 49 57 58 59 60 61 62 63 64 56 48 40 32 24 16 7 6 29 65 
0 36 35 34 41 49 57 58 59 60 61 62 63 64 56 48 40 32 24 16 8 7 6 5 4 29 65 
0 36 27 18 17 25 33 41 49 57 58 59 60 61 62 63 64 56 48 40 32 16 21 65 
0 36 44 45 53 61 60 59 58 57 49 41 33 25 17 9 1 2 3 4 5 6 7 16 39 38 65 
0 36 44 52 53 61 60 59 58 57 49 41 33 25 17 9 1 2 3 4 5 6 7 65 
0 36 37 38 46 54 55 56 48 40 32 24 23 15 14 21 20 12 11 10 18 26 34 42 43 44 35 27 28 29 65 
0 36 44 45 37 38 46 54 55 48 39 31 23 15 14 13 12 11 10 18 26 34 42 43 35 28 65 
0 36 28 27 35 43 44 45 46 38 39 47 55 54 53 52 60 51 42 41 33 34 26 18 11 65 
0 36 44 43 52 53 54 62 61 60 59 58 50 49 41 42 34 33 25 17 18 10 2 3 11 12 20 28 29 65 
0 28 36 44 53 52 60 61 62 54 55 63 64 56 48 40 32 24 16 8 7 15 14 6 5 4 12 20 21 29 65 
0 36 44 35 34 33 41 49 57 58 59 60 61 62 54 55 56 48 40 32 24 15 7 6 21 29 65 
0 36 44 35 34 33 41 49 57 58 59 60 61 62 54 55 56 48 40 32 24 16 7 6 21 29 65 
0 36 44 35 34 33 41 49 57 58 59 60 61 62 54 55 56 48 40 32 24 16 15 7 6 29 65 
0 36 37 38 46 54 55 56 48 40 39 31 23 15 14 21 20 12 11 10 18 26 34 42 43 44 35 28 65 
0 36 37 38 46 54 55 47 48 40 39 31 23 15 14 21 20 12 11 10 18 26 34 42 43 44 35 28 65 
0 28 36 37 38 39 47 48 56 55 54 62 61 53 45 44 51 43 35 34 33 25 17 18 11 20 21 29 65 
0 36 44 35 34 33 41 49 50 58 59 60 61 62 54 55 56 48 40 32 24 15 7 6 4 29 65 
0 28 36 35 34 33 41 49 50 58 59 60 61 62 54 55 56 48 40 32 24 15 7 6 5 4 29 65 
0 36 44 43 51 50 42 34 26 18 10 11 12 13 20 28 29 21 22 14 15 23 31 39 38 46 54 45 37 65 
0 28 36 44 43 35 27 19 20 12 11 10 18 26 34 42 50 51 52 53 54 46 47 39 31 23 14 21 65 
0 36 37 38 39 47 46 55 54 53 61 60 59 58 50 42 43 44 35 34 26 18 10 11 13 29 65 
0 36 28 27 35 44 53 45 37 38 39 47 46 54 62 61 60 59 58 50 42 34 26 18 11 65 
0 36 37 38 39 47 55 54 53 45 44 43 35 34 33 25 17 18 10 11 3 4 5 13 12 21 20 28 29 65 
0 36 28 27 18 26 34 35 43 44 45 53 54 46 37 38 39 40 32 24 16 15 7 6 21 29 65 
0 28 36 37 38 46 54 62 61 60 59 58 50 49 41 33 34 42 43 44 35 27 26 18 11 20 21 29 65 
0 36 37 38 39 40 48 55 46 54 53 61 60 52 44 43 35 34 33 25 17 18 10 11 12 13 21 65 
0 36 37 38 46 54 62 61 60 59 58 50 49 41 33 34 42 43 44 35 27 26 18 10 11 21 65 
0 36 37 38 46 54 53 60 59 58 50 49 41 42 43 44 35 34 33 25 17 18 10 11 12 13 21 28 29 65 
0 36 37 38 46 54 53 61 60 59 58 50 49 41 42 43 44 35 34 33 25 17 18 10 11 20 28 29 65 
0 28 27 26 18 17 9 10 11 12 20 21 29 37 45 53 54 62 61 60 59 58 49 41 33 65 
0 28 36 37 38 46 54 62 61 60 59 58 57 49 41 42 43 44 35 34 33 25 17 18 11 20 21 29 65 
0 36 44 45 53 54 46 38 39 40 32 24 23 15 14 6 5 4 3 2 1 10 18 11 28 29 65 
0 28 36 44 45 53 54 55 56 64 63 62 61 60 59 58 50 42 43 35 34 33 25 26 18 11 20 21 29 65 
0 28 27 34 35 36 44 43 42 41 33 25 17 18 10 11 3 4 5 6 7 8 16 15 14 13 12 20 21 29 65 
0 28 36 44 52 60 61 62 54 53 45 46 55 63 64 56 48 47 39 31 23 15 7 6 21 29 65 
0 28 36 44 52 60 61 62 53 54 55 63 64 56 48 47 39 31 23 15 7 6 4 29 65 
0 36 44 45 53 54 62 61 60 59 58 57 49 41 33 25 17 18 19 27 28 20 12 5 6 7 14 21 29 65 
0 36 35 43 44 45 53 54 62 61 60 59 58 57 49 41 33 25 17 18 10 9 2 3 12 20 28 21 29 65 
0 28 36 35 34 42 43 44 53 61 62 54 55 63 64 56 48 40 32 24 16 8 7 6 5 4 12 20 21 29 65 
0 28 36 44 43 42 41 49 57 58 59 60 61 62 54 55 56 48 40 32 24 23 15 14 5 4 12 20 21 29 65 
0 28 36 44 52 53 61 62 63 64 56 55 47 48 40 39 32 24 16 8 7 15 14 6 21 29 65 
0 28 36 44 43 51 59 60 61 53 54 62 63 64 56 48 40 32 24 15 16 8 7 6 5 4 12 20 21 29 65 
0 28 36 44 43 51 59 60 61 62 54 55 63 64 56 48 40 32 24 16 15 8 7 6 5 4 12 20 21 29 65 
0 28 36 44 43 51 59 60 61 53 54 62 63 64 56 48 40 32 24 16 15 8 7 6 5 4 12 20 21 29 65 
0 36 44 45 53 54 62 61 60 59 58 57 49 41 33 25 17 9 1 2 3 4 5 6 14 21 28 29 65 
0 36 44 35 34 33 41 49 57 58 59 60 61 53 54 55 56 48 40 32 24 16 8 7 6 21 29 65 
0 28 36 44 52 53 54 62 61 60 59 58 57 49 41 33 25 17 9 1 2 3 4 5 6 14 21 65 
0 36 44 53 54 62 61 60 59 58 57 49 41 33 25 26 18 17 9 2 10 11 4 29 65 
0 36 44 35 34 33 41 49 57 58 59 60 61 62 54 55 56 48 40 32 24 16 8 7 6 29 65 
0 36 44 35 34 33 41 49 57 58 59 60 61 62 63 64 56 48 40 32 24 16 7 6 29 65 
0 36 35 34 41 49 57 58 59 60 61 62 63 64 56 48 40 32 24 16 8 7 6 5 4 29 65 
0 36 27 18 17 25 33 41 49 57 58 59 60 61 62 63 64 56 48 40 32 16 21 65 
0 36 44 45 53 61 60 59 58 57 49 41 33 25 17 9 1 2 3 4 5 6 7 16 39 38 65 
0 36 44 52 53 61 60 59 58 57 49 41 33 25 17 9 1 2 3 4 5 6 7 65 
0 28 20 12 11 10 18 26 27 35 34 42 43 44 36 37 45 53 54 55 46 38 39 31 23 14 13 29 65 
0 28 20 12 11 10 18 26 27 35 34 42 43 44 36 37 45 53 54 55 46 38 39 31 23 14 22 21 65 
0 36 37 38 39 47 55 54 62 61 53 52 45 44 43 42 41 33 34 35 28 27 26 18 11 65 
0 36 37 38 46 47 55 54 62 61 53 52 45 44 43 42 41 33 34 35 28 27 26 18 11 20 21 65 
0 28 36 35 34 33 41 49 57 58 59 60 61 53 54 55 56 48 40 32 24 16 8 7 6 5 21 29 65 
0 36 44 52 53 61 60 59 58 57 49 41 33 25 17 18 9 1 2 3 4 5 6 7 14 29 65 
0 36 28 20 12 11 10 18 26 34 27 35 43 44 45 53 54 46 38 39 40 32 24 23 15 14 22 21 29 65 
0 28 27 20 12 11 10 18 26 34 35 43 44 36 37 45 53 54 46 38 39 40 32 24 23 15 14 13 21 29 65 
0 28 36 37 38 39 46 47 55 54 53 52 44 43 42 50 49 41 33 34 35 27 26 18 11 20 21 29 65 
0 36 37 38 39 47 55 54 53 61 60 59 58 50 42 43 44 35 34 26 27 28 19 18 11 65 
0 36 37 38 39 47 55 54 53 61 60 59 58 50 42 43 44 35 34 27 26 18 10 11 13 21 65 
0 28 36 37 38 39 47 55 63 62 54 53 61 60 59 58 50 42 43 44 35 27 26 18 11 65 
0 36 28 27 19 11 10 18 26 34 35 43 44 45 53 54 46 39 40 32 24 15 7 6 5 4 29 65 
0 36 37 38 39 47 55 54 53 61 60 59 58 50 43 44 35 34 33 25 17 18 10 11 13 21 65 
0 36 45 46 54 53 61 60 59 58 57 49 41 33 34 42 43 44 35 27 26 18 10 11 13 21 65 
0 36 28 27 35 43 44 52 51 59 60 61 62 54 55 56 48 39 38 30 23 15 14 6 5 4 12 20 21 29 65 
0 28 36 35 27 26 34 42 43 44 45 53 54 62 61 60 59 58 57 49 41 33 25 18 10 11 20 21 29 65 
0 28 27 35 36 44 43 42 41 33 34 25 17 18 10 11 3 4 5 6 7 16 15 14 13 21 65 
0 28 27 34 35 36 44 43 42 41 33 25 17 18 10 11 3 4 5 6 7 8 16 15 14 13 12 20 21 29 65 
0 36 28 20 12 11 3 2 10 18 17 25 33 34 35 44 43 42 41 49 57 59 60 65 
0 28 36 44 43 51 59 60 52 53 61 62 54 55 63 64 56 48 47 39 31 23 15 7 6 21 29 65 
0 36 44 45 53 54 62 61 60 59 58 50 42 41 33 34 35 28 20 12 4 5 6 7 16 14 29 65 
0 36 44 43 51 52 53 54 62 61 60 59 58 57 49 41 33 25 17 18 27 28 20 12 4 6 14 21 65 
0 28 36 44 43 51 59 60 61 62 54 46 47 55 56 48 40 32 24 15 16 8 7 6 5 4 12 20 21 29 65 
0 36 44 52 53 54 62 61 60 59 58 57 49 41 33 25 17 18 10 11 12 5 6 7 14 13 29 65 
0 36 44 43 42 50 49 57 58 59 60 61 53 54 55 56 48 40 32 24 16 8 7 6 5 12 21 20 28 29 65 
0 36 44 43 51 59 60 61 62 54 63 64 56 48 55 47 39 40 32 24 16 15 7 6 5 4 12 20 28 29 65 
0 28 36 44 43 42 41 49 58 59 60 61 62 54 55 56 48 40 32 24 16 8 7 6 5 4 12 20 21 29 65 
0 36 44 35 34 33 41 49 57 58 59 60 61 62 54 46 39 40 32 24 16 7 6 21 65 
0 28 36 44 52 53 54 62 61 60 59 58 57 49 41 33 25 17 9 1 2 3 4 5 6 14 21 65 
0 36 44 35 34 33 41 49 57 58 59 60 61 62 63 64 56 48 40 32 24 15 7 6 21 29 65 
0 36 44 35 34 33 41 49 57 58 59 60 61 53 54 55 56 48 40 32 24 16 8 7 6 29 65 
0 36 44 53 54 62 61 60 59 58 57 49 41 33 25 17 9 1 2 3 4 5 6 7 14 13 21 65 
0 36 44 53 54 55 56 64 63 62 61 60 59 58 57 49 41 33 25 17 9 2 3 4 5 6 14 21 29 65 
0 36 35 34 41 49 57 58 59 60 61 62 63 64 56 48 40 32 24 16 8 7 6 5 4 29 65 
0 36 27 18 17 25 33 41 49 57 58 59 60 61 62 63 64 56 48 40 32 16 21 65 
0 36 44 45 53 61 60 59 58 57 49 41 33 25 17 9 1 2 3 4 5 6 7 16 39 38 65 
0 36 44 52 53 61 60 59 58 57 49 41 33 25 17 9 1 2 3 4 5 6 7 65 
0 36 37 38 39 47 55 54 53 61 60 59 58 50 42 43 51 44 35 34 26 18 11 13 21 65 
0 36 44 53 54 55 63 62 61 60 59 58 57 49 41 33 34 43 35 27 26 18 10 11 13 21 65 
0 36 44 45 53 54 62 61 60 59 58 57 49 41 42 43 35 34 33 26 27 18 10 11 12 13 21 28 29 65 
0 28 36 35 34 33 41 49 57 58 59 60 61 62 54 55 48 40 32 24 16 8 7 6 21 29 65 
0 36 44 35 34 33 41 49 57 58 59 60 61 62 54 55 56 48 40 32 24 16 8 7 6 29 65 
0 36 44 43 35 34 27 28 29 21 20 19 18 10 11 12 13 14 15 23 31 39 38 46 47 54 45 65 
0 36 44 43 35 34 26 27 28 29 21 20 19 18 10 11 12 13 14 15 23 31 39 46 47 37 65 
0 28 27 26 34 42 43 44 35 36 45 53 54 55 47 39 31 23 15 14 13 12 11 10 18 19 20 21 29 65 
0 36 37 38 30 22 14 15 23 31 39 46 54 53 45 44 43 35 34 26 27 28 19 18 11 20 21 65 
0 37 38 39 47 55 54 53 45 44 43 42 34 35 36 28 27 19 18 10 11 12 20 21 13 14 30 29 65 
0 36 28 27 20 12 11 10 18 26 34 35 43 44 52 53 54 46 45 37 38 39 31 23 15 14 13 21 29 65 
0 28 27 20 12 11 10 18 26 34 35 43 44 36 37 45 53 54 46 47 39 40 32 24 23 15 14 13 21 29 65 
0 28 36 37 45 46 38 39 47 55 54 53 61 60 59 58 50 42 43 44 35 34 26 18 11 65 
0 28 36 35 27 26 18 10 11 12 20 21 29 38 46 54 62 61 60 59 50 49 41 33 34 42 65 
0 28 36 37 38 46 54 62 61 60 59 58 50 49 41 33 34 42 43 44 35 27 26 18 11 20 21 29 65 
0 36 37 38 39 47 55 54 53 61 60 59 58 50 43 44 35 34 33 25 17 18 10 11 13 21 65 
0 28 36 37 38 39 47 55 54 53 61 60 52 44 43 35 34 33 25 17 9 2 10 18 11 20 21 65 
0 36 28 27 19 18 26 34 35 43 44 53 54 46 39 40 32 24 16 8 7 15 14 6 5 4 29 65 
0 36 37 38 39 47 48 56 55 63 62 54 53 44 35 34 33 25 17 18 10 2 3 11 12 13 21 28 29 65 
0 36 28 27 35 43 44 52 51 59 60 53 54 46 38 39 40 32 24 16 8 15 7 6 21 29 65 
0 28 36 44 45 53 61 60 59 58 57 49 41 33 34 42 43 35 27 26 18 25 17 9 11 65 
0 36 35 43 44 45 53 54 55 63 62 61 60 59 58 57 49 41 33 25 17 18 10 11 12 20 28 21 65 
0 28 27 35 36 44 43 42 41 33 34 25 17 18 10 2 3 4 5 6 7 16 15 14 13 20 21 65 
0 36 28 27 26 34 42 43 44 52 53 54 62 61 60 59 58 57 49 41 33 25 17 9 10 18 11 65 
0 28 36 44 45 53 61 62 54 46 47 48 40 39 31 23 32 24 16 8 7 15 14 6 5 4 12 20 21 29 65 
0 36 28 27 35 44 52 53 54 62 63 64 56 48 55 47 39 40 32 24 16 15 7 6 21 29 65 
0 28 36 44 43 42 50 58 59 60 61 53 54 55 56 48 40 32 24 16 8 7 15 6 5 4 12 20 21 29 65 
0 28 36 44 43 42 41 49 58 59 60 61 62 54 55 56 48 40 32 24 16 8 7 6 5 4 12 20 21 29 65 
0 36 44 53 54 62 61 60 59 58 57 49 41 33 25 17 26 18 10 11 12 4 5 6 7 14 21 65 
0 28 36 44 45 53 54 62 61 60 59 58 57 49 41 33 25 17 9 1 2 3 4 5 6 7 14 21 65 
0 36 44 35 34 42 41 49 58 59 60 61 62 54 55 56 48 40 32 24 16 8 7 6 5 4 29 65 
0 36 44 43 42 41 49 57 58 59 60 61 62 63 64 56 48 40 32 24 16 15 8 7 6 12 20 28 29 65 
0 36 44 35 34 33 41 49 57 58 59 60 61 62 63 64 56 48 40 32 24 15 14 6 21 29 65 
0 36 44 35 34 33 41 49 57 58 59 60 61 62 63 64 56 48 40 32 24 15 7 6 21 29 65 
0 36 44 53 54 62 61 60 59 58 57 49 41 42 34 33 25 17 9 1 2 3 4 5 6 7 14 21 65 
0 36 44 35 34 33 41 49 57 58 59 60 61 62 63 64 56 48 40 32 24 16 15 7 6 29 65 
0 36 44 35 34 33 41 49 57 58 59 60 61 62 63 64 56 48 40 32 24 16 7 6 29 65 
0 36 35 34 41 49 57 58 59 60 61 62 63 64 56 48 40 32 24 16 8 7 6 5 4 29 65 
0 36 27 18 17 25 33 41 49 57 58 59 60 61 62 63 64 56 48 40 32 16 21 65 
0 36 44 45 53 61 60 59 58 57 49 41 33 25 17 9 1 2 3 4 5 6 7 16 39 38 65 
0 36 44 52 53 61 60 59 58 57 49 41 33 25 17 9 1 2 3 4 5 6 7 65 
0 37 38 46 47 55 54 53 45 44 43 42 34 35 36 28 27 19 18 10 11 12 20 21 13 14 15 30 29 65 
0 36 28 20 21 22 23 15 14 13 12 11 10 18 26 34 27 35 43 44 45 53 54 46 47 48 39 38 37 29 65 
0 36 44 43 51 59 60 61 53 54 55 56 48 40 39 31 23 24 16 8 7 15 6 5 4 12 20 21 29 28 65 
0 36 44 52 60 61 62 53 54 55 63 64 56 48 47 39 31 23 15 16 8 7 6 4 29 65 
0 36 44 52 53 54 62 61 60 59 58 57 49 41 33 25 17 18 10 11 12 4 5 6 7 14 21 65 
0 36 44 45 53 54 62 61 60 59 58 57 49 41 33 25 17 18 10 11 12 4 5 6 7 14 21 29 65 
0 36 44 52 53 60 61 62 54 55 47 39 31 23 15 14 13 21 20 12 11 10 18 26 34 43 65 
0 36 44 45 53 61 62 54 46 47 39 38 30 23 15 14 13 21 20 12 11 10 18 26 34 43 35 29 65 
0 36 44 45 53 62 54 55 47 39 38 30 22 23 15 14 13 21 20 12 11 10 18 26 34 43 35 29 65 
0 36 44 52 53 60 61 62 54 46 47 39 31 23 15 14 13 21 20 12 11 10 18 26 34 43 65 
0 36 44 45 53 60 61 62 54 46 47 39 31 23 15 14 13 21 20 12 11 10 18 26 34 43 35 28 65 
0 36 28 29 21 20 19 27 35 44 43 42 34 26 18 10 11 12 13 14 15 23 31 39 38 45 65 
0 36 37 38 46 54 55 47 39 31 23 15 14 13 12 11 10 18 26 34 42 43 44 35 27 28 19 29 65 
0 36 28 27 20 12 11 10 18 26 34 35 43 44 45 37 38 46 54 55 47 39 32 24 23 15 14 22 21 29 65 
0 36 37 45 46 38 39 47 55 54 61 53 52 51 50 42 43 44 35 34 26 18 10 11 12 13 21 28 29 65 
0 28 19 20 21 29 37 45 53 61 62 54 46 47 39 31 23 15 14 13 12 11 10 18 26 35 43 36 65 
0 36 28 27 35 44 45 37 38 39 47 46 54 53 52 51 50 43 42 34 33 25 26 18 11 65 
0 37 45 46 38 39 47 55 54 62 61 60 52 44 43 42 34 26 35 36 28 27 19 18 10 11 20 21 29 65 
0 28 36 37 45 46 38 39 47 55 54 62 61 60 52 44 43 42 35 34 26 27 19 18 11 20 21 29 65 
0 36 44 45 46 38 39 47 55 54 53 52 51 50 49 41 42 43 34 35 27 28 19 18 10 11 12 20 21 29 65 
0 28 36 44 35 43 42 34 26 18 10 11 12 20 21 13 14 15 23 24 32 40 39 38 46 54 45 37 65 
0 36 35 34 26 27 28 29 21 20 12 11 10 18 17 25 33 41 42 43 44 45 46 54 39 38 65 
0 28 27 26 34 33 25 17 18 10 11 12 20 21 29 37 38 46 54 53 61 60 59 50 42 43 36 65 
0 36 44 45 46 54 55 47 38 39 40 32 24 23 15 14 6 5 4 12 11 10 18 26 34 27 28 20 21 65 
0 36 37 38 39 47 55 54 53 61 60 52 44 43 35 34 33 25 17 18 10 3 4 5 12 13 21 28 65 
0 28 29 21 20 12 11 10 18 17 25 33 41 49 50 51 58 59 60 61 53 44 43 42 34 36 65 
0 36 37 38 46 54 62 61 60 59 58 57 49 41 42 43 44 35 34 33 25 17 18 10 11 20 28 29 65 
0 36 37 38 46 54 62 61 60 59 58 57 49 41 42 43 44 35 34 33 25 17 18 10 11 21 28 65 
0 28 36 37 38 46 54 62 61 60 59 58 57 49 41 42 43 44 35 34 33 25 17 18 11 20 21 29 65 
0 28 36 44 45 53 54 61 60 59 58 57 49 41 42 43 35 27 26 34 33 25 17 18 10 11 12 20 21 29 65 
0 28 36 44 45 53 61 60 59 58 57 49 41 33 25 34 42 43 35 27 26 18 17 9 11 65 
0 28 36 44 45 53 61 60 59 58 57 49 41 33 34 42 43 35 27 26 18 25 17 9 11 65 
0 28 27 35 36 44 43 42 41 33 34 25 17 18 10 11 3 4 5 6 7 16 15 14 13 21 65 
0 28 36 44 43 42 50 49 57 58 59 60 61 62 54 46 38 39 31 23 15 8 7 6 5 4 29 65 
0 36 28 27 35 43 44 52 51 59 60 61 53 54 55 48 40 32 24 16 8 15 7 6 5 4 29 65 
0 28 36 44 52 60 61 53 54 55 62 63 64 56 48 40 39 31 23 15 8 7 6 4 65 
0 36 44 51 52 53 54 62 61 60 59 58 57 49 41 33 34 27 28 20 12 4 5 6 7 14 13 21 65 
0 28 36 44 45 53 54 62 63 64 56 55 47 39 48 40 32 24 16 8 7 15 14 6 5 4 29 65 
0 36 44 45 53 54 62 61 60 59 58 57 49 41 33 42 34 26 25 17 9 1 2 10 18 11 28 29 65 
0 28 36 44 43 51 59 60 61 53 54 62 63 64 56 48 40 32 24 16 15 14 7 6 5 4 29 65 
0 28 36 44 43 51 59 60 61 62 54 55 63 64 56 48 40 32 24 16 8 7 15 6 5 4 12 20 21 29 65 
0 28 36 44 43 42 50 58 59 60 61 62 54 55 64 56 48 40 32 24 16 8 7 6 5 4 12 20 21 29 65 
0 28 36 44 43 42 41 49 58 59 60 61 62 63 64 56 48 40 32 24 23 15 7 6 5 4 29 65 
0 28 36 44 45 53 54 62 61 60 59 58 57 49 41 33 25 17 9 1 2 3 4 5 6 7 14 21 65 
0 36 44 53 54 62 61 60 59 58 57 49 41 33 34 26 25 17 18 10 9 2 3 4 5 6 14 21 29 65 
0 36 44 35 34 33 41 49 57 58 59 60 61 62 63 64 56 48 40 32 24 23 15 7 6 29 65 
0 36 44 35 34 33 41 49 57 58 59 60 61 62 63 64 56 48 40 32 24 16 7 6 29 65 
0 36 35 34 41 49 57 58 59 60 61 62 63 64 56 48 40 32 24 16 8 7 6 5 4 29 65 
0 36 27 18 17 25 33 41 49 57 58 59 60 61 62 63 64 56 48 40 32 16 21 65 
0 36 44 45 53 61 60 59 58 57 49 41 33 25 17 9 1 2 3 4 5 6 7 16 39 38 65 
0 36 44 52 53 61 60 59 58 57 49 41 33 25 17 9 1 2 3 4 5 6 7 65 
0 36 28 27 35 44 45 46 38 39 47 55 54 62 61 60 52 51 50 42 34 33 26 18 11 65 
0 36 44 52 53 54 46 38 39 40 32 24 23 15 14 13 12 11 10 18 27 26 34 42 43 65 
0 28 36 44 51 50 58 59 60 61 62 54 55 63 64 56 48 40 32 24 16 8 7 6 4 29 65 
0 28 36 44 52 53 54 62 61 60 59 58 57 49 41 33 25 17 9 1 2 3 4 5 6 14 21 65 
0 36 44 35 34 33 41 49 57 58 59 60 61 62 63 64 56 48 40 32 24 16 15 7 6 29 65 
0 36 28 29 21 20 19 27 35 44 43 42 34 26 18 10 11 12 13 14 15 23 31 39 38 45 65 
0 28 35 34 42 43 44 36 37 38 46 54 55 47 39 31 23 15 14 13 12 11 10 18 26 27 19 20 21 29 65 
0 36 37 38 46 54 55 47 39 31 23 15 14 13 12 11 10 18 26 34 42 43 44 35 27 28 19 29 65 
0 36 28 27 35 43 44 45 46 37 38 39 47 55 54 53 52 51 50 49 41 34 26 18 11 20 21 29 65 
0 36 37 38 39 47 55 54 62 61 53 45 44 43 42 34 35 27 28 19 26 25 17 18 11 20 21 29 65 
0 37 36 28 20 11 10 18 26 27 35 43 44 52 53 54 46 38 39 31 23 15 14 6 13 21 65 
0 36 28 27 19 18 10 17 26 34 35 43 44 45 53 54 46 47 39 31 23 15 14 6 5 4 12 20 21 29 65 
0 28 36 37 38 46 54 62 61 60 59 58 50 49 41 33 34 42 43 44 35 27 26 18 11 20 21 29 65 
0 36 37 38 46 54 62 61 60 59 58 50 49 41 33 34 42 43 44 35 27 26 18 10 11 21 65 
0 28 36 35 27 26 18 10 11 12 20 21 29 38 46 54 53 61 60 59 57 41 34 65 
0 36 37 38 46 54 62 61 60 59 58 50 49 41 33 34 42 43 44 35 27 26 18 10 11 20 28 29 65 
0 36 45 46 54 53 61 60 59 58 50 49 41 33 34 42 43 44 35 27 26 18 10 11 12 13 21 65 
0 28 36 44 45 53 61 62 54 46 47 39 40 32 24 23 15 14 6 5 4 3 2 10 11 12 20 21 29 65 
0 28 36 44 43 51 59 60 61 62 54 55 48 40 39 31 23 15 16 8 7 6 14 13 5 4 12 20 21 29 65 
0 28 36 44 43 42 50 51 59 60 61 62 54 55 47 39 40 32 24 16 8 7 15 6 5 4 12 20 21 29 65 
0 28 36 44 43 42 50 51 59 60 61 62 54 55 47 39 48 40 32 24 16 8 7 6 5 4 12 20 21 29 65 
0 36 44 35 34 42 50 58 59 60 61 53 54 62 63 64 56 48 40 39 31 23 15 6 5 4 12 20 21 29 65 
0 28 36 44 52 60 61 53 54 55 62 63 64 56 48 47 39 31 32 24 16 8 7 6 12 20 21 29 65 
0 36 44 52 53 54 62 61 60 59 58 57 49 41 33 25 17 18 10 9 2 3 11 4 29 28 65 
0 28 36 44 43 42 34 33 41 49 57 58 59 60 61 53 54 62 63 64 56 48 40 32 24 16 15 14 21 29 65 
0 36 44 35 34 33 41 49 57 58 59 60 61 62 54 46 39 40 32 24 16 7 6 21 65 
0 28 36 44 52 53 54 62 61 60 59 58 50 49 41 33 25 17 9 1 2 3 4 5 6 7 14 21 65 
0 36 44 35 34 42 41 49 57 58 59 60 61 62 63 64 56 48 40 32 24 15 7 6 21 29 65 
0 36 44 35 34 33 41 49 57 58 59 60 61 62 63 64 56 48 40 32 24 15 7 6 21 29 65 
0 36 44 35 34 33 41 49 57 58 59 60 61 53 54 62 63 64 56 48 40 32 24 16 7 14 21 29 65 
0 36 44 52 53 54 55 63 62 61 60 59 58 57 49 41 33 25 17 9 1 2 4 29 65 
0 36 44 35 34 33 41 49 57 58 59 60 61 62 63 64 56 48 40 32 24 16 7 6 29 65 
0 36 35 34 41 49 57 58 59 60 61 62 63 64 56 48 40 32 24 16 8 7 6 5 4 29 65 
0 28 20 12 4 5 6 7 8 16 24 32 40 48 56 64 63 62 61 60 59 58 57 49 41 33 25 34 35 36 65 
0 36 44 45 53 61 60 59 58 57 49 41 33 25 17 9 1 2 3 4 5 6 7 16 39 38 65 
0 36 44 52 53 61 60 59 58 57 49 41 33 25 17 9 1 2 3 4 5 6 7 65 
0 36 28 27 35 43 44 45 46 37 38 39 47 55 54 53 52 51 50 42 33 25 17 18 29 65 
0 36 28 20 11 10 17 18 26 27 35 43 44 45 53 54 46 47 39 31 23 15 14 6 4 65 
0 36 28 20 11 10 17 18 26 27 35 43 44 52 53 54 46 47 39 31 23 15 14 6 13 21 29 65 
0 36 44 52 53 54 62 61 60 59 58 50 49 41 33 34 42 43 35 27 26 18 10 11 12 13 21 65 
0 28 36 44 45 52 53 54 62 61 60 59 58 50 49 41 33 34 42 43 35 27 26 18 11 20 21 29 65 
0 28 36 44 52 53 54 62 61 60 59 58 57 50 49 41 33 34 42 43 35 27 26 18 11 20 21 29 65 
0 28 36 44 52 53 54 62 61 60 59 58 57 49 41 33 34 42 43 35 27 26 17 18 11 20 21 29 65 
0 28 36 44 52 53 61 62 54 46 47 39 32 24 23 15 14 6 5 4 3 2 9 11 20 21 29 65 
0 36 28 20 27 35 43 44 52 53 46 54 62 61 60 59 58 50 42 41 33 34 26 18 11 65 
0 36 28 27 20 12 11 10 18 26 34 35 43 44 45 37 38 46 53 54 55 47 39 31 23 15 14 13 21 29 65 
0 28 27 20 12 3 11 10 18 26 34 42 43 35 36 44 52 53 54 46 38 39 31 23 15 14 22 21 29 65 
0 36 28 27 19 20 12 11 10 18 26 34 35 44 43 42 50 51 52 53 54 46 39 31 22 21 29 65 
0 36 28 27 35 44 45 37 38 39 47 46 54 53 52 51 50 43 42 34 33 25 26 18 11 65 
0 29 21 28 36 44 43 35 27 19 20 12 11 10 18 26 34 42 50 51 59 60 61 53 54 46 47 39 38 37 65 
0 36 37 38 39 47 55 54 53 45 44 43 42 51 50 49 41 33 34 35 27 28 19 18 10 11 20 21 29 65 
0 37 36 28 20 12 11 10 18 26 34 42 35 43 44 45 53 54 46 38 39 40 32 24 23 14 13 29 65 
0 36 37 38 39 47 55 54 53 61 60 59 58 50 51 52 44 43 34 35 27 28 19 18 11 65 
0 36 28 27 35 43 51 52 44 45 37 46 55 54 53 61 60 59 58 50 42 34 26 18 11 65 
0 36 37 46 38 39 47 55 54 53 61 60 59 58 50 42 43 44 35 34 26 18 10 11 13 21 65 
0 28 36 45 46 38 39 47 55 54 53 52 44 43 35 27 26 34 33 25 17 18 10 2 3 11 12 20 21 29 65 
0 28 36 35 27 26 18 10 11 12 20 21 29 38 46 54 53 61 60 59 50 49 41 33 34 65 
0 36 37 38 46 54 53 61 60 59 58 50 49 41 33 34 42 43 44 35 27 26 18 11 21 28 65 
0 36 35 44 43 42 34 33 41 49 50 58 59 60 61 53 54 46 38 37 29 21 20 12 11 18 26 28 65 
0 28 36 35 27 26 18 10 11 12 20 21 29 38 46 54 53 61 60 59 57 41 34 65 
0 36 37 38 46 54 62 61 60 59 58 50 49 41 33 34 42 43 44 35 27 26 18 10 11 21 65 
0 36 37 38 39 40 48 55 46 54 53 61 60 52 44 43 35 34 33 25 17 18 10 11 12 13 21 65 
0 28 36 37 38 46 54 62 61 60 59 58 50 49 41 33 34 42 43 44 35 27 26 18 11 20 21 29 65 
0 36 37 38 46 54 62 61 60 59 58 50 49 41 33 34 42 43 44 35 27 26 18 10 11 20 28 29 65 
0 36 28 20 12 11 10 18 26 27 35 44 43 42 34 33 41 49 50 58 59 60 61 53 54 46 47 38 65 
0 36 45 44 52 53 54 62 61 60 59 58 50 49 41 33 34 42 43 35 27 26 18 10 11 12 20 21 29 65 
0 28 36 44 45 53 52 60 61 54 55 47 39 40 32 24 23 15 14 6 5 4 12 11 18 19 20 21 65 
0 28 27 35 36 44 43 34 42 50 49 41 33 25 26 18 10 2 3 4 5 6 7 15 14 13 12 20 21 29 65 
0 28 36 44 52 53 61 60 59 58 50 49 41 33 25 34 42 43 35 27 26 18 17 9 11 65 
0 28 20 12 4 5 6 7 15 14 21 29 37 45 53 54 62 61 60 59 58 57 49 41 33 34 35 43 44 36 65 
0 28 36 44 52 60 61 62 54 53 45 46 47 55 63 64 56 48 40 31 23 15 14 6 21 29 65 
0 36 44 43 42 34 33 25 17 9 1 2 3 11 10 18 26 27 28 20 12 5 6 7 16 14 21 65 
0 28 36 44 45 53 61 62 54 46 38 39 47 55 64 56 48 40 32 24 16 8 7 6 4 29 65 
0 36 44 51 52 53 54 62 61 60 59 58 57 49 41 33 34 27 28 20 12 4 5 6 7 14 22 21 65 
0 28 36 44 52 53 61 62 54 55 56 48 47 39 40 32 24 23 15 16 8 7 6 14 5 4 29 65 
0 28 36 44 52 53 61 62 54 55 63 64 56 48 47 39 40 32 24 16 15 7 6 4 65 
0 28 36 44 43 42 41 49 58 59 60 61 62 54 55 56 48 40 32 24 16 8 7 6 5 4 12 20 21 29 65 
0 36 44 35 34 42 41 49 57 58 59 60 61 62 54 55 56 48 40 32 24 15 7 6 21 29 65 
0 36 44 35 34 33 41 49 57 58 59 60 61 53 54 55 56 48 40 32 24 16 8 7 6 21 29 65 
0 36 44 35 34 33 41 49 57 58 59 60 61 62 63 64 56 48 40 32 24 23 15 7 6 21 29 65 
0 36 44 35 34 33 41 49 57 58 59 60 61 62 63 64 56 48 40 32 24 15 7 6 21 29 65 
0 36 44 52 53 54 62 61 60 59 58 57 49 41 33 25 17 18 10 9 2 3 4 5 6 7 14 21 65 
0 36 44 35 34 33 41 49 50 58 59 60 61 62 63 64 56 48 40 32 24 16 8 7 6 29 65 
0 36 44 53 54 62 61 60 59 58 57 49 41 33 25 17 9 1 2 3 4 5 6 7 14 21 29 65 
0 36 44 52 53 61 60 59 58 57 49 41 33 25 17 9 1 2 3 4 5 6 7 29 65 
0 28 20 12 11 4 5 6 7 8 16 24 32 40 48 56 64 63 62 61 60 59 58 57 49 41 33 65 
0 36 27 18 17 25 33 41 49 57 58 59 60 61 62 63 64 56 48 40 32 16 21 65 
0 36 44 45 53 61 60 59 58 57 49 41 33 25 17 9 1 2 3 4 5 6 7 16 39 38 65 
0 36 44 52 53 61 60 59 58 57 49 41 33 25 17 9 1 2 3 4 5 6 7 65 
0 36 44 52 53 54 62 61 60 59 58 50 49 41 33 34 42 43 35 27 26 18 10 11 12 13 21 65 
0 36 44 52 53 45 46 54 61 60 59 58 50 49 41 33 34 42 43 35 27 26 18 10 11 20 28 29 65 
0 28 36 44 45 53 61 62 54 55 63 64 56 48 47 39 40 32 24 16 15 8 7 6 5 4 29 65 
0 28 36 44 52 53 60 61 62 54 55 63 64 56 48 47 39 40 32 24 16 8 7 6 21 29 65 
0 28 36 44 43 42 34 26 35 27 19 18 10 11 12 20 21 22 14 15 23 31 39 38 46 54 53 45 37 29 65 
0 36 37 38 46 45 54 55 47 39 31 23 15 14 22 21 20 12 11 10 18 26 34 42 43 44 35 29 65 
0 36 28 27 35 44 45 37 38 39 47 46 54 53 52 51 50 43 42 34 33 25 26 18 11 65 
0 36 28 27 19 18 26 34 35 43 44 45 46 54 55 47 39 40 32 24 23 15 14 6 5 12 11 65 
0 28 36 35 27 26 18 10 11 12 20 21 29 38 46 54 53 61 60 59 50 49 41 33 34 65 
0 28 36 37 38 46 54 62 61 60 59 58 50 49 41 33 34 42 43 44 35 27 26 18 11 20 21 29 65 
0 36 37 38 46 54 62 61 60 59 58 50 49 41 33 34 42 43 44 35 27 26 18 10 11 21 65 
0 28 36 35 27 26 18 10 11 12 20 21 29 38 46 54 62 61 60 59 50 49 41 33 34 42 65 
0 28 36 35 27 26 18 10 11 12 20 21 29 38 46 54 53 61 60 59 57 41 34 65 
0 36 37 38 39 47 55 54 61 60 59 58 50 42 43 44 35 34 33 25 17 18 10 11 13 21 65 
0 36 28 29 21 20 12 13 14 15 7 6 5 4 3 11 10 18 17 25 33 34 65 
0 29 21 20 12 11 10 18 26 27 28 36 44 43 35 34 25 33 41 49 57 59 60 45 37 65 
0 28 36 35 27 26 34 42 43 44 53 54 55 56 48 40 39 31 32 24 23 15 7 6 5 4 12 20 21 29 65 
0 28 27 35 36 44 43 42 34 33 25 17 18 10 11 3 4 5 6 7 8 16 15 23 14 13 12 20 21 29 65 
0 36 44 45 53 54 46 39 32 24 23 15 14 6 5 4 3 2 1 9 17 18 11 28 29 65 
0 28 36 44 43 42 50 51 60 52 53 54 62 63 64 56 48 40 39 31 23 15 7 6 4 29 65 
0 28 36 44 52 53 54 62 61 60 59 58 57 49 41 42 35 34 33 25 17 18 10 11 20 21 29 65 
0 36 44 52 53 54 62 61 60 59 58 57 49 41 33 25 17 9 10 18 19 20 12 4 6 14 21 28 65 
0 28 36 44 52 53 61 62 54 55 63 64 56 48 40 32 24 23 14 15 16 8 7 6 21 29 65 
0 28 36 44 43 51 59 60 61 53 54 62 63 64 56 48 39 40 32 24 16 8 7 6 5 4 12 20 21 29 65 
0 36 44 43 34 41 49 57 58 59 60 61 62 54 55 56 48 40 32 24 16 8 7 6 5 13 21 28 29 65 
0 36 35 34 33 41 49 57 58 59 60 61 62 54 46 39 40 32 24 16 8 7 15 14 6 29 65 
0 36 44 35 34 42 50 58 59 60 61 62 54 55 63 64 56 48 40 32 24 15 7 6 5 4 29 65 
0 28 36 44 52 53 54 55 56 64 63 62 61 60 59 58 57 49 41 33 25 17 9 21 29 65 
0 28 36 44 43 42 41 49 58 59 60 61 62 63 55 56 48 40 32 24 16 8 7 6 5 4 12 20 21 29 65 
0 28 20 12 11 10 18 17 25 33 41 49 57 58 59 60 61 62 63 56 48 39 47 54 65 
0 28 36 44 52 53 61 62 54 55 63 64 56 48 40 32 24 16 8 7 6 5 4 11 65 
0 28 36 44 53 54 62 61 60 59 58 57 49 41 33 25 17 9 1 2 3 4 5 6 7 14 13 29 65 
0 36 44 35 34 33 41 49 57 58 59 60 61 62 63 64 56 48 40 32 24 15 7 6 21 29 65 
0 36 44 35 34 33 41 49 57 58 59 60 61 53 54 62 63 64 56 48 40 32 24 16 7 14 21 29 65 
0 36 44 45 54 62 61 60 59 58 57 49 41 33 25 17 9 1 2 3 4 5 6 7 14 21 29 65 
0 36 44 35 34 33 41 49 57 58 59 60 61 62 63 64 56 48 40 32 24 16 7 6 29 65 
0 36 35 34 41 49 57 58 59 60 61 62 63 64 56 48 40 32 24 16 8 7 6 5 4 29 65 
0 36 27 18 17 25 33 41 49 57 58 59 60 61 62 63 64 56 48 40 32 16 21 65 
0 36 44 45 53 61 60 59 58 57 49 41 33 25 17 9 1 2 3 4 5 6 7 16 39 38 65 
0 36 44 52 53 61 60 59 58 57 49 41 33 25 17 9 1 2 3 4 5 6 7 65 
0 36 37 38 46 53 54 55 47 39 31 23 15 14 13 21 20 12 11 10 18 26 34 42 43 44 35 29 65 
0 36 28 27 35 44 45 46 38 39 47 55 54 53 52 51 50 43 42 34 33 25 26 18 11 20 21 29 65 
0 36 44 45 53 60 61 62 54 55 56 48 47 39 38 37 29 21 20 12 11 10 18 26 34 42 43 35 27 28 65 
0 36 28 27 35 43 44 52 53 61 62 63 55 54 46 39 48 40 32 24 16 7 6 21 29 65 
0 36 44 43 34 42 41 49 57 58 59 60 61 62 54 46 39 40 32 24 16 15 7 6 14 13 20 28 29 65 
0 36 44 35 34 33 41 49 58 59 60 61 53 54 55 56 48 40 32 24 16 8 7 6 5 4 29 65 
0 28 27 35 36 37 38 39 40 48 56 55 54 62 61 53 46 45 44 43 42 34 26 18 10 11 20 21 65 
0 36 44 43 42 50 49 57 58 59 60 61 62 54 46 39 40 32 24 16 15 7 6 14 13 12 20 28 21 65 
0 28 20 21 29 30 31 23 15 14 13 12 11 10 18 26 34 27 35 43 44 36 45 53 54 46 47 39 38 65 
0 36 37 38 46 53 54 55 47 39 31 23 15 14 13 12 11 10 18 26 34 42 43 44 35 27 28 20 21 29 65 
0 36 37 38 39 47 55 54 53 61 60 52 45 44 43 42 41 33 34 35 27 28 19 18 11 65 
0 36 28 27 19 18 26 34 35 43 44 45 53 54 46 38 39 31 32 24 23 15 14 6 5 12 11 65 
0 36 28 27 19 11 10 18 26 34 35 43 44 53 54 46 47 39 31 23 14 15 7 6 5 4 12 20 21 29 65 
0 36 37 38 46 54 62 61 60 59 58 50 49 41 33 34 42 43 44 35 27 26 18 10 11 21 65 
0 28 36 37 38 46 54 62 61 60 59 58 50 49 41 33 34 42 43 44 35 27 26 18 11 20 21 29 65 
0 28 36 35 27 26 18 10 11 12 20 21 29 38 46 54 53 61 60 59 57 41 34 65 
0 36 37 38 46 54 62 61 60 59 58 50 49 41 33 34 42 43 44 35 27 26 18 10 11 20 28 29 65 
0 36 35 43 44 45 54 46 38 39 40 32 24 16 8 15 7 6 5 4 12 11 18 19 28 29 65 
0 28 27 26 34 33 25 17 18 11 12 20 21 29 37 38 46 54 53 61 60 59 50 49 41 42 43 36 65 
0 36 45 46 54 53 61 60 59 58 50 49 41 42 43 44 35 34 33 25 17 18 10 11 12 13 21 28 29 65 
0 36 45 46 54 53 61 60 59 58 57 49 41 42 43 44 35 34 33 25 17 18 10 11 12 13 21 28 65 
0 28 20 12 13 5 6 7 15 14 21 29 37 45 53 54 62 61 60 59 58 57 49 41 33 34 35 43 36 65 
0 36 28 27 35 44 52 53 54 55 56 48 47 46 38 39 40 32 24 16 8 15 7 6 21 65 
0 28 36 44 52 53 61 60 59 58 57 49 41 33 34 42 43 35 27 26 25 17 18 11 4 29 65 
0 36 28 20 12 11 3 2 10 18 17 25 33 34 35 44 43 42 41 49 57 59 60 65 
0 28 36 44 52 53 61 62 54 55 63 64 56 48 47 46 38 39 40 32 24 15 7 21 65 
0 36 44 43 34 41 49 57 58 59 60 61 62 54 55 56 48 40 32 24 16 8 7 6 5 13 21 28 29 65 
0 28 36 44 52 51 59 60 61 62 54 55 63 64 56 48 40 32 24 16 15 8 7 6 5 4 29 65 
0 28 36 44 45 53 61 60 59 58 57 49 41 33 25 17 18 10 9 1 2 3 4 5 6 14 21 65 
0 36 44 35 34 33 41 49 57 58 59 60 61 62 54 46 39 40 32 24 16 7 6 21 65 
0 36 35 34 33 41 49 57 58 59 60 61 62 54 55 48 40 32 24 16 8 7 15 14 6 12 20 28 29 65 
0 36 44 35 34 42 41 49 57 58 59 60 61 62 63 64 56 48 40 32 24 15 7 6 21 29 65 
0 36 44 35 34 33 41 49 57 58 59 60 61 62 63 64 56 48 40 32 24 15 7 6 21 29 65 
0 36 44 53 54 55 63 62 61 60 59 58 57 49 41 33 25 17 18 10 9 1 2 4 29 65 
0 36 44 35 34 33 41 49 50 58 59 60 61 62 63 64 56 48 40 32 24 16 8 7 6 29 65 
0 36 44 53 54 55 56 64 63 62 61 60 59 58 57 49 41 33 25 17 9 2 3 4 5 6 14 21 29 65 
0 36 35 34 33 41 49 57 58 59 60 61 62 63 64 56 48 40 32 24 16 8 7 6 5 4 29 65 
0 36 27 18 17 25 33 41 49 57 58 59 60 61 62 63 64 56 48 40 32 16 21 65 
0 36 44 45 53 61 60 59 58 57 49 41 33 25 17 9 1 2 3 4 5 6 7 16 39 38 65 
0 36 44 52 53 61 60 59 58 57 49 41 33 25 17 9 1 2 3 4 5 6 7 65 
0 29 21 20 28 36 44 51 50 42 34 26 18 10 11 12 13 14 15 23 31 39 47 38 65 
0 28 36 35 27 19 20 12 11 10 18 26 34 42 43 51 52 44 45 46 54 55 47 39 31 21 29 65 
0 36 28 27 19 11 10 18 26 34 42 43 44 53 54 46 47 39 32 31 23 15 14 6 5 4 21 65 
0 36 44 43 51 59 60 53 54 46 38 39 40 32 24 15 7 6 5 4 12 11 18 19 27 28 29 65 
0 28 36 44 45 53 61 62 54 55 64 56 48 47 46 38 39 40 32 24 16 15 7 6 4 29 65 
0 36 44 43 42 50 49 57 58 59 60 61 62 54 55 48 40 32 24 16 8 7 15 14 6 5 12 20 28 29 65 
0 28 36 44 45 53 61 62 54 55 63 64 56 48 47 46 39 40 32 24 16 15 7 6 21 29 65 
0 28 36 44 52 53 61 62 54 55 63 64 56 48 47 39 40 32 23 24 16 15 7 6 21 29 65 
0 28 36 44 52 53 61 62 54 55 63 64 56 48 47 39 40 32 24 16 8 15 7 6 21 29 65 
0 28 36 44 45 53 61 62 54 55 63 64 56 48 47 39 40 32 23 24 16 15 7 6 4 29 65 
0 28 20 12 11 10 18 19 27 35 34 42 43 44 36 37 38 46 45 53 54 55 47 39 31 23 15 14 21 29 65 
0 36 28 20 12 11 10 18 19 27 35 34 42 43 44 53 45 37 38 46 54 55 47 39 31 23 14 21 29 65 
0 36 28 20 12 11 10 18 19 27 35 34 42 43 44 37 38 46 45 53 54 55 47 39 31 23 14 21 29 65 
0 36 28 20 12 11 10 18 19 27 35 34 42 43 44 45 37 38 46 53 54 55 47 39 31 23 15 14 21 29 65 
0 36 28 20 12 11 10 18 26 27 35 34 42 43 44 53 45 37 38 46 54 55 47 39 31 23 14 21 65 
0 36 28 20 12 11 10 18 26 27 35 34 42 43 44 37 38 46 45 53 54 55 47 39 31 23 14 21 65 
0 36 28 20 12 11 10 18 26 27 35 34 42 43 44 45 37 38 46 53 54 55 47 39 31 23 14 21 29 65 
0 36 28 20 12 11 10 18 26 27 35 34 42 43 44 52 53 45 46 54 55 47 39 38 30 14 21 29 65 
0 37 36 28 20 12 11 10 18 26 27 35 34 42 43 44 52 53 45 46 54 55 47 39 31 21 29 65 
0 36 28 20 12 11 10 18 26 27 35 34 42 43 44 52 53 45 46 54 55 47 39 31 23 15 14 21 29 65 
0 36 28 20 12 11 10 18 26 27 35 34 42 43 44 52 53 45 37 46 54 55 47 39 31 23 14 21 65 
0 37 36 28 20 12 11 10 18 26 27 35 34 42 50 51 43 44 45 53 54 55 47 39 31 23 14 21 65 
0 36 35 43 44 45 37 38 46 54 55 47 39 31 23 15 14 6 5 12 11 10 18 26 34 28 29 65 
0 37 36 28 20 12 11 10 18 26 27 35 34 42 43 44 45 53 61 62 54 55 47 39 31 23 14 21 65 
0 28 20 12 11 10 18 26 27 35 34 42 43 44 36 37 45 53 61 62 54 55 47 39 31 14 29 65 
0 36 28 20 12 11 10 18 26 27 35 34 33 42 43 44 52 53 45 46 54 55 47 39 31 23 14 21 65 
0 37 36 28 20 12 11 10 18 26 27 35 34 42 43 44 53 61 62 54 55 47 39 31 23 14 13 29 65 
0 36 28 20 19 12 11 10 18 26 27 35 34 42 43 44 45 53 61 62 54 55 47 39 31 23 14 21 65 
0 36 28 20 12 11 10 18 19 27 35 34 42 50 43 44 45 53 61 62 54 55 47 39 31 23 15 14 21 29 65 
0 36 28 20 13 12 11 10 18 26 27 35 34 42 43 44 45 53 61 62 54 55 47 39 31 21 29 65 
0 36 28 20 12 11 10 18 26 34 27 35 43 51 52 44 45 53 61 62 54 55 47 39 31 23 14 21 65 
0 36 28 20 12 11 10 18 26 27 35 34 42 43 44 52 60 61 62 53 54 55 47 39 31 23 14 21 65 
0 36 28 20 12 11 10 18 26 27 35 34 42 43 44 52 60 61 53 62 54 55 47 39 31 23 15 14 21 29 65 
0 36 28 20 12 11 10 18 26 27 35 34 42 43 44 52 60 61 53 54 55 47 39 31 23 15 6 14 21 29 65 
0 36 28 20 12 11 10 18 26 27 35 34 42 43 44 52 60 61 53 54 55 47 39 31 23 15 7 14 21 29 65 
0 36 35 43 44 52 53 54 55 47 48 40 39 31 23 15 14 6 5 12 11 10 18 26 34 28 29 65 
0 36 44 43 51 59 60 53 54 55 47 39 31 23 15 7 6 5 12 11 10 18 26 34 35 27 28 20 21 29 65 
0 36 44 43 51 59 60 61 53 54 55 47 39 31 23 15 14 6 5 12 11 10 18 26 34 27 28 20 21 29 65 
0 36 44 43 50 58 59 60 61 53 54 55 47 39 31 23 15 14 6 5 12 11 10 18 26 27 28 29 65 
0 36 44 43 51 59 60 61 53 54 55 47 39 31 23 15 7 6 5 12 11 10 18 26 34 27 28 20 21 29 65 
0 36 44 52 53 61 62 54 55 48 47 39 31 23 15 7 6 5 4 12 11 18 26 34 28 29 65 
0 36 44 51 50 58 59 60 61 62 54 55 47 39 31 23 15 7 6 5 12 11 10 18 26 28 29 65 
0 36 44 43 51 59 60 61 62 54 55 48 47 39 31 23 15 7 6 5 4 12 11 10 18 28 65 
0 36 44 43 51 59 60 61 62 54 55 47 48 39 31 23 15 7 6 5 4 12 11 10 18 27 28 20 21 65 
0 36 44 51 50 58 59 60 61 62 54 55 47 39 31 23 15 7 6 5 4 12 11 18 28 65 
0 28 36 44 43 35 34 42 50 58 59 60 61 53 54 55 56 48 40 32 24 23 15 14 6 5 12 20 21 29 65 
0 28 36 44 43 51 59 60 61 62 54 55 56 48 39 31 23 15 14 6 5 4 3 2 10 11 12 20 21 29 65 
0 28 36 44 52 51 59 60 61 62 54 55 56 48 39 31 23 15 14 6 5 4 3 2 10 11 20 21 29 65 
0 36 44 43 35 34 33 41 49 57 58 59 60 61 53 54 55 56 48 40 32 24 23 15 7 6 29 65 
0 36 44 43 42 34 33 41 49 57 58 59 60 61 53 54 55 56 48 40 32 24 23 15 7 6 5 12 20 29 65 
0 36 44 43 35 34 33 41 49 57 58 59 60 61 53 54 55 56 48 40 32 24 16 8 7 6 29 65 
0 36 44 43 42 34 33 41 49 57 58 59 60 61 53 54 55 56 48 40 32 24 16 8 7 6 5 12 20 29 65 
0 36 44 43 42 34 33 41 49 57 58 59 60 61 62 63 64 56 48 40 32 23 15 7 6 4 29 65 
0 36 44 43 42 34 33 41 49 57 58 59 60 61 62 63 64 56 48 40 32 24 15 7 6 29 65 
0 36 28 20 12 11 10 18 26 27 35 34 42 50 43 44 52 53 45 46 54 55 47 39 31 23 14 21 65 
0 36 28 20 12 11 10 18 26 27 35 34 33 42 43 44 45 53 61 62 54 55 47 39 31 23 14 21 29 65 
0 36 44 52 53 61 62 54 55 48 47 39 31 23 15 14 6 5 4 12 11 18 26 34 28 29 65 
0 28 36 44 43 42 41 49 57 58 59 60 61 53 54 55 56 48 40 32 24 23 15 14 6 5 12 20 21 29 65 
0 36 44 43 42 34 33 41 49 57 58 59 60 61 53 54 55 56 48 40 32 24 15 7 6 12 20 28 29 65 
0 36 44 43 34 42 41 49 57 58 59 60 61 53 54 55 56 48 40 32 24 23 15 7 6 5 12 20 28 29 65 
0 28 36 44 43 42 50 49 58 59 60 61 53 54 55 56 48 40 32 24 23 15 14 6 5 4 12 20 21 29 65 
0 36 44 43 42 41 49 58 59 60 61 53 54 55 56 48 40 32 24 23 15 7 6 5 4 12 21 20 28 29 65 
0 37 36 28 20 12 11 10 18 19 27 35 34 42 43 44 45 53 54 55 47 46 38 39 31 23 14 21 65 
0 36 28 20 12 11 10 18 19 27 35 34 42 43 44 45 53 54 55 47 46 38 39 31 23 15 14 21 29 65 
0 28 27 19 20 12 11 10 18 26 34 35 43 44 36 37 45 53 54 55 47 46 38 39 31 23 15 14 21 29 65 
0 36 28 20 12 11 10 18 19 27 35 34 42 43 44 37 45 53 54 55 47 46 38 39 31 23 14 21 65 
0 28 20 12 11 10 18 19 27 35 34 42 43 44 36 37 45 53 54 55 47 46 38 39 31 23 14 21 29 65 
0 36 28 20 12 11 10 18 26 27 35 34 42 43 44 45 53 54 55 47 46 38 39 31 23 15 14 21 29 65 
0 37 36 28 20 12 11 10 18 26 27 35 34 42 43 44 45 53 54 55 47 46 38 39 31 21 29 65 
0 36 28 20 12 11 10 18 26 27 35 34 42 43 44 37 45 53 54 55 47 46 38 39 31 21 29 65 
0 28 20 12 11 10 18 26 27 35 34 42 43 44 36 37 45 53 54 55 47 46 38 39 31 21 29 65 
0 36 28 20 19 12 11 10 18 26 27 35 34 42 43 44 45 53 54 55 47 46 38 39 31 21 29 65 
0 36 35 27 19 20 12 11 10 18 26 34 42 43 44 45 53 54 55 47 46 38 39 31 23 15 14 21 29 65 
0 36 28 20 12 11 10 18 19 27 35 34 42 50 43 44 45 53 54 55 47 46 38 39 31 23 15 14 21 29 65 
0 28 27 19 20 12 11 10 18 26 34 42 43 35 36 44 45 53 54 55 47 46 38 39 31 23 15 14 21 29 65 
0 36 28 27 19 20 12 11 10 18 26 34 42 35 43 44 45 53 54 55 47 46 38 39 31 23 14 21 65 
0 28 36 35 27 19 20 12 11 10 18 26 34 42 43 44 45 53 54 55 47 46 38 39 31 23 14 21 65 
0 36 28 20 12 19 11 10 18 26 27 35 34 42 43 44 45 53 54 55 47 46 38 39 31 23 14 21 65 
0 36 28 20 12 11 10 18 26 27 35 34 42 50 43 44 45 53 54 55 47 46 38 39 31 23 14 21 65 
0 36 28 20 12 11 10 18 26 27 35 34 42 43 44 45 53 54 55 47 46 38 39 31 23 15 6 14 21 65 
0 36 28 20 12 11 10 18 26 27 35 34 42 43 44 45 53 61 54 55 47 46 38 39 31 21 29 65 
0 36 28 20 12 11 10 18 26 34 27 35 43 44 45 53 61 62 54 55 47 46 38 39 31 23 14 21 65 
0 36 28 27 20 12 11 10 18 26 34 35 43 44 45 53 61 62 54 55 47 46 38 39 31 23 15 14 21 29 65 
0 36 28 20 12 11 10 18 26 27 35 34 43 44 45 53 61 62 54 55 47 46 38 39 31 21 29 65 
0 36 28 27 20 12 11 10 18 26 34 35 43 44 52 60 61 53 54 55 47 46 38 39 31 23 15 14 21 29 65 
0 36 28 20 12 11 10 18 26 27 34 35 43 44 52 60 61 53 54 55 47 46 38 39 31 23 15 14 21 29 65 
0 36 28 20 12 11 10 18 26 34 27 35 43 44 52 60 61 53 54 55 47 46 38 39 31 23 14 21 29 65 
0 36 28 20 12 11 10 18 26 27 35 34 43 44 52 60 61 53 54 55 47 46 38 39 31 21 29 65 
0 36 28 27 20 12 11 10 18 26 34 35 43 44 45 46 54 53 61 62 63 55 47 39 31 23 15 14 21 29 65 
0 36 28 20 12 11 10 18 17 26 34 35 43 44 52 60 61 53 54 55 47 46 38 39 31 23 14 21 29 65 
0 36 28 20 12 11 10 17 18 26 34 42 43 44 45 46 54 53 61 62 63 55 47 39 31 23 14 21 65 
0 28 20 12 11 10 18 17 25 33 34 35 36 44 45 53 61 62 54 55 47 46 38 39 31 21 29 65 
0 36 44 45 53 61 54 62 63 64 56 55 47 39 31 23 15 14 21 20 12 11 18 26 34 35 29 65 
0 36 44 52 53 61 54 62 63 64 56 55 47 39 31 23 15 14 21 20 12 11 18 26 28 65 
0 36 28 27 34 43 44 52 60 61 62 54 55 47 39 31 23 15 14 6 5 4 3 2 10 11 20 21 65 
0 28 36 44 45 53 52 60 61 62 54 55 47 39 31 23 15 14 6 5 4 3 2 10 18 11 20 21 29 65 
0 36 35 44 52 53 54 55 63 62 61 60 59 58 50 42 34 26 27 28 20 12 4 5 6 7 14 21 65 
0 28 36 44 43 50 58 59 60 61 62 54 55 47 39 31 23 15 14 6 5 4 3 2 11 20 21 65 
0 36 44 52 53 54 55 64 63 62 61 60 59 58 50 42 34 26 27 28 20 12 4 5 6 7 14 21 29 65 
0 28 36 44 51 50 58 59 60 61 62 54 55 47 39 31 23 15 14 6 5 4 11 20 21 29 65 
0 28 36 44 43 51 59 60 61 53 54 62 63 55 47 39 32 24 16 15 14 6 5 4 3 11 20 21 29 65 
0 28 36 44 52 51 59 60 61 53 54 62 63 55 47 39 32 24 16 15 14 6 5 4 11 20 21 65 
0 36 28 20 12 11 10 18 17 25 33 41 49 57 58 59 60 61 62 54 55 47 39 31 21 29 65 
0 36 28 20 12 11 10 18 17 25 33 41 49 57 58 59 60 61 62 54 55 47 39 31 21 29 65 
0 36 28 20 12 11 10 18 17 25 33 41 49 57 58 59 60 61 62 54 55 47 39 31 21 29 65 
0 36 28 20 12 11 10 18 17 25 33 41 49 57 58 59 60 61 62 54 55 47 39 32 65 
0 36 28 20 12 11 10 18 17 25 33 41 49 57 58 59 60 61 62 54 55 56 48 21 65 
0 36 28 20 12 11 10 18 17 25 33 41 49 58 59 60 61 62 54 55 56 48 40 32 16 14 21 65 
0 36 28 20 12 11 10 9 17 25 33 41 49 58 59 60 61 62 54 55 56 48 40 32 24 16 14 21 29 65 
0 28 36 44 52 53 54 62 61 60 59 58 50 49 41 33 25 17 9 1 2 3 4 5 6 7 14 21 65 
0 36 28 20 12 11 10 9 17 25 33 41 49 58 59 60 61 62 63 64 56 48 40 32 16 14 21 65 
0 28 20 12 11 10 9 17 25 33 41 49 57 58 59 60 61 62 54 55 56 48 40 32 24 16 14 21 29 65 
0 28 20 12 11 10 18 17 25 33 41 49 57 58 59 60 61 62 63 56 48 40 32 24 16 14 21 65 
0 28 20 12 11 10 9 17 25 33 41 49 57 58 59 60 61 62 63 64 56 48 40 32 16 14 21 65 
0 36 28 20 12 11 10 17 18 26 34 35 43 44 45 46 54 53 61 62 63 55 47 39 31 23 14 21 65 
0 36 28 27 34 35 44 45 53 61 62 54 55 47 39 31 23 15 14 6 5 4 3 2 10 11 20 21 29 65 
0 36 28 27 34 42 43 44 53 61 62 54 55 47 39 31 23 15 14 6 5 4 3 2 10 11 12 20 21 29 65 
0 36 28 20 12 11 10 18 17 25 33 41 49 57 58 59 60 61 62 54 55 47 21 29 65 
0 29 28 36 44 43 35 34 26 27 19 18 10 11 12 20 21 14 15 23 31 39 38 46 47 54 45 37 65 
0 28 36 44 43 35 34 26 27 19 18 10 11 12 20 21 14 15 23 31 39 38 46 47 55 54 53 45 37 29 65 
0 36 28 20 12 11 10 18 26 27 35 34 42 43 44 45 53 54 46 47 39 31 23 15 14 13 21 29 38 65 
0 36 37 38 30 21 14 15 23 31 39 47 55 54 53 45 44 43 42 34 35 27 26 18 10 11 20 28 29 65 
0 36 28 20 12 11 10 18 26 27 35 34 42 43 44 45 53 54 55 47 39 31 23 15 14 21 30 38 37 65 
0 29 28 36 44 43 42 34 26 27 19 18 10 11 12 20 21 14 15 23 31 39 38 46 47 55 54 53 45 37 65 
0 28 36 44 43 42 34 26 27 19 18 10 11 12 20 21 14 15 23 31 39 38 46 47 55 54 53 45 37 29 65 
0 28 29 21 14 15 23 31 39 47 46 54 62 53 45 44 43 42 34 26 18 10 11 12 20 19 65 
0 28 27 19 20 12 11 10 18 26 34 35 43 44 45 53 61 62 54 46 38 39 31 23 15 14 21 29 37 36 65 
0 37 36 28 20 12 11 10 18 19 27 35 34 42 43 44 45 53 54 46 38 39 31 23 15 7 6 14 21 65 
0 36 28 20 12 11 10 18 19 27 35 34 42 43 44 45 53 54 46 38 39 31 23 15 7 6 14 21 29 65 
0 37 36 28 20 12 11 10 18 19 27 35 34 42 43 44 45 53 61 62 54 46 38 39 31 23 14 21 65 
0 36 28 20 12 11 10 18 19 27 35 34 42 43 44 45 53 61 62 54 46 38 39 31 23 15 14 21 29 65 
0 28 20 12 11 10 18 19 27 36 35 34 42 43 44 45 53 61 62 54 46 38 39 31 23 15 14 21 29 37 65 
0 28 20 12 11 10 18 19 27 35 34 42 43 44 36 45 53 61 62 54 46 38 39 31 23 15 14 21 29 65 
0 29 28 36 44 43 35 34 26 27 19 18 10 11 12 20 21 14 15 23 31 39 38 46 54 53 45 37 65 
0 28 29 21 14 15 23 31 39 38 46 54 62 61 53 45 44 43 42 34 26 18 10 11 12 20 27 36 37 65 
0 37 36 28 20 12 11 10 18 26 27 35 34 42 43 44 45 53 54 46 38 39 31 23 15 7 6 14 21 65 
0 36 28 20 12 11 10 18 26 27 35 34 42 43 44 45 53 54 46 38 39 31 23 15 7 6 14 21 29 65 
0 37 36 28 20 12 11 10 18 26 27 35 34 42 43 44 45 53 61 62 54 46 38 39 31 21 29 65 
0 36 28 20 12 11 10 18 26 27 35 34 42 43 44 45 53 61 62 54 46 38 39 31 23 15 14 21 29 65 
0 28 20 12 11 10 18 26 27 36 35 34 42 43 44 45 53 61 62 54 46 38 39 31 23 14 21 29 65 
0 28 20 12 11 10 18 26 27 35 34 42 43 44 36 45 53 61 62 54 46 38 39 31 23 14 21 65 
0 28 29 21 14 15 23 31 39 47 46 54 62 61 53 45 44 43 42 34 26 18 10 11 12 20 36 37 65 
0 37 36 28 20 12 11 10 18 26 27 35 34 42 43 44 45 46 54 55 47 39 31 23 15 7 6 14 21 65 
0 37 36 28 20 12 11 10 18 26 27 35 34 42 43 44 45 53 54 46 47 39 31 23 15 7 6 14 21 29 65 
0 36 28 20 12 11 10 18 19 27 35 34 42 43 44 45 46 53 54 55 47 39 31 23 15 7 6 14 21 29 65 
0 36 28 20 12 11 10 18 26 27 35 34 42 43 44 45 46 53 54 55 47 39 31 23 15 7 6 14 21 29 65 
0 36 28 27 20 12 11 10 18 26 34 35 43 44 45 53 61 62 54 46 38 39 31 23 15 7 6 14 21 29 65 
0 36 28 27 20 12 11 10 18 26 34 35 43 44 45 53 61 62 54 46 47 39 31 23 15 7 6 14 21 29 65 
0 36 28 20 12 11 10 18 26 27 35 34 42 43 44 53 61 62 54 55 47 39 31 23 15 7 6 14 21 65 
0 36 28 20 12 11 2 10 18 26 34 35 43 44 45 53 61 62 54 55 47 39 31 23 15 7 6 14 21 29 65 
0 36 28 20 12 11 10 18 17 25 33 34 35 43 44 53 61 62 54 55 47 39 31 23 7 14 21 65 
0 36 28 20 12 11 10 18 17 25 33 34 42 43 44 53 61 62 54 55 47 39 31 23 7 14 21 65 
0 36 28 20 12 11 10 18 17 25 33 41 42 43 44 53 61 62 54 55 47 39 31 23 7 14 21 65 
0 36 28 20 12 11 10 9 17 25 33 41 42 43 44 53 61 62 54 55 47 39 31 23 15 7 6 14 29 65 
0 36 44 45 53 61 62 54 55 47 39 31 23 15 7 6 5 4 3 2 1 9 10 18 11 20 21 65 
0 28 36 44 45 53 61 62 54 55 47 39 31 23 15 7 6 5 4 3 2 1 9 18 11 65 
0 28 36 44 52 53 61 62 54 55 47 39 31 23 15 7 6 5 4 3 2 9 18 11 65 
0 28 36 44 45 53 61 62 54 55 64 56 48 40 39 31 23 15 7 6 5 4 3 2 11 20 21 65 
0 28 36 44 45 53 61 62 54 55 63 64 56 48 39 31 23 15 7 6 5 4 3 2 11 20 21 65 
0 36 44 43 42 50 58 59 60 61 62 54 55 63 64 56 48 47 39 31 23 15 7 6 5 12 20 28 21 65 
0 28 36 44 43 42 50 58 59 60 61 62 54 55 63 64 56 48 47 39 31 23 15 7 6 5 12 20 21 29 65 
0 28 36 44 52 53 61 62 54 55 63 64 56 48 39 31 23 15 7 6 5 4 11 65 
0 36 44 43 51 59 60 61 62 54 55 63 64 56 48 47 39 40 32 24 23 15 7 6 5 12 20 21 29 28 65 
0 28 36 44 43 51 59 60 61 62 54 55 63 64 56 48 47 39 40 32 24 23 15 7 6 12 20 21 29 65 
0 36 44 52 51 59 60 61 62 54 55 63 64 56 48 47 39 40 32 24 23 15 7 6 5 21 29 28 65 
0 28 36 44 52 51 59 60 61 62 54 55 63 64 56 48 47 39 40 32 24 23 15 7 6 21 29 65 
0 28 36 44 43 51 59 60 61 62 54 55 63 64 56 48 47 39 40 32 24 16 15 7 6 12 20 21 29 65 
0 36 28 20 12 11 10 18 17 25 33 41 49 50 58 59 60 61 62 54 55 47 48 21 29 65 
0 28 36 44 52 60 61 53 54 55 56 48 40 32 24 15 7 6 5 4 3 2 9 11 20 21 29 65 
0 28 36 44 52 53 61 62 54 55 56 48 40 32 24 15 7 6 5 4 3 2 9 11 20 21 65 
0 36 28 20 12 11 10 18 17 25 33 41 49 50 58 59 60 61 54 55 56 48 21 29 65 
0 36 44 43 50 58 59 60 61 62 54 55 63 64 56 48 47 39 40 32 24 16 15 7 6 21 29 65 
0 36 44 51 50 58 59 60 61 62 54 55 63 64 56 48 47 39 40 32 24 16 15 7 6 21 29 65 
0 36 28 20 12 11 10 18 17 25 33 41 49 58 59 60 61 62 63 64 56 48 40 32 16 29 65 
0 36 28 20 12 11 10 9 17 25 33 41 49 58 59 60 61 62 63 64 56 48 40 32 16 14 21 65 
0 28 20 12 11 10 9 17 25 33 41 49 58 59 60 61 62 63 64 56 48 40 32 24 16 7 14 21 65 
0 36 28 20 12 11 10 18 26 27 35 34 42 43 44 53 61 62 54 46 47 39 31 23 15 7 6 14 21 29 65 
0 36 28 20 12 11 2 10 18 26 34 35 43 44 52 60 61 62 54 55 47 39 31 23 15 7 6 14 21 29 65 
0 36 28 20 12 11 10 18 17 25 34 35 43 44 45 53 61 62 54 55 47 39 31 23 15 7 6 14 21 65 
0 29 30 22 23 15 14 21 20 12 11 10 18 26 27 28 36 35 43 44 52 53 54 47 39 38 65 
0 28 29 21 22 14 15 23 31 39 47 46 55 54 53 45 44 43 42 34 26 18 10 11 12 20 36 37 65 
0 28 29 21 22 14 15 23 31 39 47 55 54 46 53 45 44 43 42 34 26 18 10 11 12 20 27 36 37 65 
0 28 29 21 13 14 15 23 31 39 47 46 55 54 53 45 44 43 42 34 26 18 10 11 12 20 36 37 65 
0 28 29 21 13 14 15 23 31 39 47 55 54 46 53 45 44 43 42 34 26 18 10 11 12 20 36 37 65 
0 28 29 21 14 15 23 31 39 47 55 54 61 53 45 44 43 42 34 26 18 10 11 12 20 19 36 37 65 
0 37 36 28 20 12 11 10 18 26 27 35 34 42 43 44 45 53 61 62 54 55 47 39 31 23 14 21 65 
0 37 36 35 34 42 43 44 45 53 54 55 47 39 31 23 15 14 6 5 4 12 11 10 18 27 28 20 21 65 
0 36 28 20 12 11 10 18 19 27 35 34 42 43 44 45 53 60 61 62 54 55 47 39 31 23 15 14 21 29 65 
0 36 28 20 12 11 10 18 26 27 35 34 42 43 44 45 53 60 61 62 54 55 47 39 31 23 15 14 21 29 65 
0 36 35 34 42 51 44 45 53 54 55 47 39 31 23 15 14 6 5 4 12 11 10 18 26 28 29 65 
0 36 35 34 42 50 51 44 45 53 54 55 47 39 31 23 15 14 6 5 4 12 11 10 18 28 65 
0 36 35 34 42 43 44 52 53 61 54 55 47 39 31 23 15 14 6 5 4 12 11 18 29 65 
0 36 35 44 43 51 59 60 61 53 54 55 47 39 31 23 15 14 6 5 4 12 11 10 18 28 29 65 
0 36 44 43 51 59 60 61 62 54 55 47 39 31 23 15 14 6 5 12 11 10 18 26 34 27 28 20 21 29 65 
0 36 44 43 51 59 60 53 61 62 54 55 47 39 31 23 15 14 6 5 4 12 11 10 18 28 65 
0 36 44 43 51 59 60 61 53 62 54 55 47 39 31 23 15 14 6 5 4 12 11 10 18 27 28 29 65 
0 36 44 43 51 59 60 61 62 53 54 55 47 39 31 23 15 14 6 5 4 12 11 10 18 28 65 
0 36 44 51 50 58 59 60 61 62 54 55 47 39 31 23 15 14 6 5 4 12 11 18 27 28 29 65 
0 36 44 52 53 61 62 54 55 56 48 47 39 31 23 15 7 6 5 4 3 10 18 26 34 27 28 29 65 
0 36 44 43 51 59 60 61 62 54 55 56 48 47 39 31 23 15 7 6 5 4 3 10 18 27 28 20 21 29 65 
0 36 44 43 51 59 60 61 53 54 55 56 48 40 39 31 23 15 7 6 5 4 3 10 18 27 28 29 65 
0 36 44 43 51 59 60 61 62 54 55 56 48 40 39 31 23 15 7 6 5 4 3 10 18 27 28 20 21 29 65 
0 36 44 43 42 50 51 60 61 53 54 55 47 39 32 24 23 15 7 6 5 4 3 2 11 20 28 29 65 
0 36 44 43 42 50 59 60 61 53 54 55 47 39 32 24 23 15 7 6 5 4 3 2 10 11 20 28 29 65 
0 36 44 43 51 59 60 61 62 54 55 56 48 40 32 24 23 15 7 6 5 4 3 10 18 27 28 20 21 29 65 
0 36 44 43 42 50 58 59 60 61 62 54 46 39 32 24 23 15 7 6 5 4 3 2 11 20 28 29 65 
0 36 44 43 50 59 60 61 53 54 55 56 48 40 32 24 23 15 7 6 5 4 3 2 10 11 20 28 29 65 
0 36 44 51 50 59 60 61 53 54 55 56 48 40 32 24 23 15 7 6 5 4 3 2 10 11 20 28 29 65 
0 28 36 44 43 42 41 49 57 58 59 60 61 53 54 55 56 48 40 32 24 16 15 7 6 5 4 29 65 
0 28 36 44 43 42 41 49 57 58 59 60 61 53 54 55 56 48 40 32 24 16 8 7 6 5 4 29 65 
0 36 44 35 34 33 41 49 57 58 59 60 61 53 54 55 56 48 40 32 24 16 8 7 6 29 65 
0 36 44 35 34 33 41 49 50 58 59 60 61 62 63 64 56 48 40 32 24 16 8 7 6 29 65 
0 37 36 28 20 12 11 10 18 26 27 35 34 42 43 44 45 53 61 54 55 47 39 31 21 29 65 
0 36 44 35 43 51 59 60 61 53 54 55 47 39 31 23 15 14 6 5 12 11 10 18 26 27 28 29 65 
0 36 44 52 53 61 62 54 55 47 48 39 31 23 15 7 6 5 4 12 11 10 18 26 34 28 29 65 
0 36 44 53 52 60 61 62 54 55 56 48 40 32 24 23 15 7 6 5 4 3 2 10 18 27 28 20 21 29 65 
0 36 44 43 42 41 49 58 59 60 61 53 54 55 56 48 40 32 24 23 15 7 6 5 4 12 20 28 29 65 
0 36 44 35 34 41 49 57 58 59 60 61 53 54 55 56 48 40 32 24 16 8 7 6 21 29 65 
0 36 44 35 34 33 41 49 57 58 59 60 61 62 54 55 56 48 40 32 24 16 8 7 6 29 65 
0 36 44 35 34 41 49 57 58 59 60 61 62 54 55 56 48 40 32 24 16 8 7 6 21 29 65 
0 36 44 37 45 53 54 55 47 46 38 39 31 23 15 14 21 20 12 11 10 18 26 34 42 43 65 
0 28 27 35 43 42 34 26 18 10 11 12 20 21 14 15 23 31 39 47 55 54 46 45 53 52 44 36 37 65 
0 36 44 52 53 45 37 46 54 55 47 39 31 23 15 14 21 20 12 11 10 18 26 34 42 43 65 
0 36 44 52 53 45 46 54 55 47 39 38 30 23 15 14 21 20 12 11 10 18 26 34 42 43 35 28 65 
0 36 44 52 45 53 54 55 47 46 38 39 31 23 15 14 21 20 12 11 10 18 26 34 42 43 65 
0 36 44 52 53 45 38 46 54 55 47 39 31 23 15 14 21 20 12 11 10 18 26 34 42 43 35 29 65 
0 36 44 45 53 54 62 55 47 46 38 39 31 23 15 14 21 20 12 11 10 18 26 34 42 43 65 
0 36 44 45 53 61 54 55 47 46 38 39 31 23 15 14 21 20 12 11 10 18 26 34 42 43 65 
0 36 44 52 53 54 62 55 47 46 38 39 31 23 15 14 21 20 12 11 18 26 34 42 43 65 
0 36 44 52 53 61 54 55 47 46 38 39 31 23 15 14 21 20 12 11 18 26 34 42 43 65 
0 36 44 45 53 61 62 54 55 47 46 39 31 23 15 14 21 20 12 11 10 18 26 34 42 43 35 27 28 29 65 
0 36 44 52 53 61 62 54 55 47 46 39 31 23 15 14 21 20 12 11 10 18 26 34 42 43 65 
0 36 44 52 53 54 55 47 48 39 31 23 15 7 6 14 21 20 12 11 10 18 26 34 42 43 35 28 65 
0 36 44 52 53 61 54 55 47 39 31 23 15 7 6 14 21 20 12 11 10 18 26 34 42 43 65 
0 36 44 45 53 61 62 54 55 47 39 31 23 15 7 6 14 21 20 12 11 10 18 26 34 42 43 35 28 29 65 
0 36 44 52 53 61 62 54 55 47 39 31 23 15 7 6 14 21 20 12 11 10 18 26 34 42 43 65 
0 36 28 20 12 11 10 18 26 34 35 43 44 52 60 61 53 54 46 39 40 32 24 23 15 7 6 14 21 29 65 
0 36 44 43 50 58 59 60 61 53 54 55 47 39 31 23 15 7 6 5 4 12 11 18 27 28 29 65 
0 36 44 52 53 61 62 54 55 47 39 31 23 15 7 6 5 4 12 11 10 18 25 33 28 65 
0 36 44 43 35 34 33 41 49 50 58 59 60 61 62 54 55 47 39 31 23 15 7 6 5 12 21 28 29 65 
0 36 44 43 42 34 33 41 49 50 58 59 60 61 62 54 55 47 39 31 23 15 7 6 5 12 21 20 28 29 65 
0 36 44 43 35 34 33 41 49 50 58 59 60 61 53 54 55 47 39 40 32 23 15 7 6 29 65 
0 36 44 43 42 34 33 41 49 50 58 59 60 61 53 54 55 47 39 40 32 23 15 7 6 5 28 29 65 
0 36 44 43 42 34 33 41 49 50 58 59 60 61 62 54 55 47 39 40 32 23 15 7 6 5 28 29 65 
0 36 44 43 42 41 49 57 58 59 60 61 53 54 55 56 48 47 39 32 24 15 7 6 29 65 
0 36 44 43 35 34 33 41 49 50 58 59 60 61 62 54 55 56 48 40 32 24 15 7 6 4 29 65 
0 36 44 43 42 34 33 41 49 50 58 59 60 61 62 54 55 56 48 40 32 24 15 7 6 5 4 29 65 
0 36 44 43 42 34 33 41 49 58 59 60 61 62 63 55 56 48 40 32 24 23 15 7 6 5 4 12 20 29 65 
0 36 44 35 34 33 41 49 57 58 59 60 61 62 63 55 56 48 40 32 24 23 15 7 6 29 65 
0 36 44 52 51 59 60 61 62 63 55 56 48 40 32 24 16 15 7 6 5 4 3 2 9 17 18 65 
0 36 44 45 53 61 54 55 47 39 31 23 15 7 6 14 21 20 12 11 10 18 26 34 42 43 35 28 65 
0 36 44 52 53 61 62 54 55 47 39 31 23 15 7 6 5 12 11 10 18 25 33 34 28 29 65 
0 36 44 43 35 34 33 41 49 50 58 59 60 61 53 54 55 47 39 31 23 15 7 6 5 12 21 28 29 65 
0 36 44 43 42 41 49 57 58 59 60 61 62 54 55 56 48 47 39 32 24 15 7 6 29 65 
0 36 44 43 35 34 33 41 49 58 59 60 61 53 54 55 56 48 40 32 24 23 15 7 6 5 12 20 28 29 65 
0 36 44 35 34 33 41 49 57 58 59 60 61 62 63 64 56 48 40 32 24 23 15 7 6 29 65 
0 36 44 52 53 61 62 54 55 47 39 31 23 15 7 6 14 21 20 12 11 10 18 17 26 34 28 65 
0 36 44 43 42 41 49 57 58 59 60 61 62 53 54 55 56 48 40 32 24 15 7 6 29 65 
0 28 29 21 14 15 23 31 39 38 46 47 55 54 53 45 44 43 34 26 18 10 11 12 20 19 27 36 37 65 
0 36 28 20 12 11 10 18 19 27 35 34 42 43 44 45 53 54 55 47 46 38 39 31 23 15 14 21 29 65 
0 37 36 28 20 12 11 10 18 19 27 35 34 42 43 44 45 53 54 55 47 46 38 39 31 23 14 21 65 
0 28 27 19 20 12 11 10 18 26 34 35 43 44 36 37 45 53 54 55 47 46 38 39 31 23 15 14 21 29 65 
0 36 28 20 12 11 10 18 19 27 35 34 42 43 44 37 45 53 54 55 47 46 38 39 31 23 14 21 65 
0 28 20 12 11 10 18 19 27 35 34 42 43 44 36 37 45 53 54 55 47 46 38 39 31 23 14 21 29 65 
0 28 27 19 18 10 11 12 20 21 14 15 23 31 39 38 46 47 55 54 53 45 44 43 42 34 35 36 37 29 65 
0 28 20 12 11 10 18 19 27 36 35 34 42 43 44 45 53 54 55 47 46 38 39 31 23 15 14 21 29 37 65 
0 28 20 12 11 10 18 19 27 26 34 43 35 36 44 45 53 54 55 47 46 38 39 31 23 15 14 21 29 65 
0 28 27 19 20 12 11 10 18 26 34 43 35 36 44 45 53 54 55 47 46 38 39 31 23 15 14 21 29 65 
0 28 27 19 20 12 11 10 18 26 34 35 43 44 36 45 53 54 55 47 46 38 39 31 23 15 14 21 29 65 
0 36 28 20 12 11 10 18 26 27 35 34 42 43 44 45 53 54 55 47 46 38 39 31 23 15 14 21 29 65 
0 37 36 28 20 12 11 10 18 26 27 35 34 42 43 44 45 53 54 55 47 46 38 39 31 21 29 65 
0 36 28 20 12 11 10 18 26 27 35 34 42 43 44 37 45 53 54 55 47 46 38 39 31 21 29 65 
0 28 20 12 11 10 18 26 27 35 34 42 43 44 36 37 45 53 54 55 47 46 38 39 31 21 29 65 
0 28 27 26 18 10 11 12 20 21 14 15 23 31 39 38 46 47 55 54 53 45 44 43 42 34 35 36 37 29 65 
0 28 27 20 12 11 10 18 26 34 42 43 35 36 44 45 53 54 55 47 46 38 39 31 23 15 14 21 29 65 
0 28 27 20 12 11 10 18 26 34 42 43 35 36 44 52 53 54 55 47 46 38 39 31 23 15 14 21 29 65 
0 36 28 20 12 11 10 18 26 27 35 34 42 50 43 44 45 53 54 55 47 46 38 39 31 23 14 21 65 
0 36 28 27 20 12 11 10 18 26 34 35 43 44 45 53 61 54 55 47 46 38 39 31 23 14 13 29 65 
0 36 28 20 12 11 10 18 26 34 27 35 43 44 45 53 54 62 55 47 46 38 39 31 23 14 21 65 
0 28 20 12 11 10 18 26 34 42 50 51 43 35 36 44 45 53 54 55 47 46 38 39 31 23 14 21 65 
0 36 28 27 20 12 11 10 18 26 34 42 50 51 43 44 45 53 54 55 47 46 38 39 31 23 15 14 21 29 65 
0 36 28 20 12 11 10 18 26 27 34 42 50 51 43 44 45 53 54 55 47 46 38 39 31 23 14 21 65 
0 36 28 20 12 11 10 18 26 35 34 42 50 51 43 44 45 53 54 55 47 46 38 39 31 23 15 14 21 29 65 
0 36 28 27 20 12 11 10 18 26 34 35 43 44 45 53 61 62 54 55 47 46 38 39 31 23 15 14 21 29 65 
0 36 28 20 12 11 10 18 26 27 35 34 43 44 45 53 61 62 54 55 47 46 38 39 31 21 29 65 
0 28 20 12 11 10 18 26 34 42 43 35 36 44 45 53 61 62 54 55 47 46 38 39 31 23 14 21 65 
0 36 28 27 20 12 11 10 18 26 34 42 43 44 45 53 61 62 54 55 47 46 38 39 31 23 15 14 21 29 65 
0 36 28 20 12 11 10 18 27 35 34 42 50 51 43 44 45 53 54 55 47 39 31 23 15 7 6 14 21 65 
0 36 28 20 12 11 10 18 26 27 35 34 42 43 44 45 53 61 62 54 46 39 31 23 15 7 6 14 21 65 
0 36 28 20 12 11 10 18 26 34 35 43 51 52 44 45 53 54 55 48 47 39 31 23 15 7 6 14 21 65 
0 36 28 20 12 11 10 18 26 27 35 43 51 44 52 60 61 53 54 55 47 39 31 23 15 7 6 14 21 65 
0 36 44 43 51 59 60 61 62 54 55 48 47 39 31 23 15 14 21 20 12 11 10 18 26 34 35 27 28 29 65 
0 36 44 43 51 59 60 61 62 54 55 47 48 39 31 23 15 14 21 20 12 11 10 18 26 34 35 27 28 29 65 
0 36 28 27 18 26 34 35 43 44 45 53 61 62 54 55 47 48 40 39 31 23 15 7 6 21 29 65 
0 36 44 52 51 59 60 61 62 54 55 48 47 39 31 23 15 14 21 20 12 11 18 26 34 35 28 65 
0 36 44 52 51 59 60 61 62 54 55 47 48 39 31 23 15 14 21 20 12 11 10 18 26 34 35 28 29 65 
0 36 28 27 18 26 34 42 43 44 45 53 61 62 54 55 47 48 40 39 31 23 15 7 6 21 29 65 
0 36 28 27 26 34 42 43 44 52 53 54 55 62 61 60 59 58 49 41 33 25 17 18 11 65 
0 36 28 27 34 43 44 52 53 54 55 63 62 61 60 59 58 50 49 41 33 25 17 18 11 20 21 65 
0 28 36 35 34 43 44 52 53 54 55 63 62 61 60 59 58 50 49 41 33 25 17 18 11 20 21 65 
0 36 28 27 34 35 44 52 53 54 55 63 62 61 60 59 58 50 49 41 33 25 17 18 11 20 21 29 65 
0 36 28 27 26 34 35 44 52 53 54 55 63 62 61 60 59 58 49 41 33 25 17 18 11 65 
0 36 28 20 12 11 10 18 17 25 33 41 49 50 51 60 61 53 54 55 47 39 31 6 14 29 65 
0 36 28 27 35 44 52 53 54 55 64 63 62 61 60 59 58 50 49 41 33 25 17 18 11 65 
0 36 28 20 12 11 10 18 17 25 33 41 49 50 58 59 60 53 54 55 47 39 31 21 29 65 
0 28 36 44 43 42 41 49 57 58 59 60 61 62 54 55 47 48 40 39 31 23 15 7 6 21 29 65 
0 36 28 20 12 11 10 18 26 25 33 41 49 58 59 60 61 62 54 55 47 39 31 23 15 7 14 21 29 65 
0 36 28 20 12 11 10 18 17 25 33 41 49 58 59 60 61 62 54 55 47 39 31 6 14 21 65 
0 28 36 44 43 42 41 49 57 58 59 60 61 62 54 55 56 48 40 32 24 16 15 7 6 5 21 29 65 
0 36 44 43 42 34 33 41 49 50 58 59 60 61 62 54 55 56 48 40 32 24 15 7 6 5 12 20 21 29 65 
0 36 44 43 42 34 33 41 49 57 58 59 60 61 62 54 55 56 48 40 32 24 15 7 6 12 20 21 29 65 
0 28 36 44 43 42 41 49 58 59 60 61 62 63 64 56 48 40 32 24 16 8 7 6 5 4 29 65 
0 36 44 35 34 33 41 49 58 59 60 61 62 63 64 56 48 40 32 24 16 8 7 6 5 4 29 65 
0 27 35 34 33 41 49 57 58 59 60 61 62 63 64 56 48 40 32 24 16 8 7 6 4 29 65 
0 36 44 52 53 60 61 62 54 55 47 39 31 23 15 7 6 14 5 4 12 11 10 18 26 27 28 29 65 
0 36 28 20 12 11 18 17 25 33 41 49 57 58 59 60 61 62 54 55 47 39 31 21 29 65 
0 36 44 43 42 41 49 57 58 59 60 61 62 54 55 56 48 40 32 24 16 15 7 6 14 21 12 20 28 29 65 
0 36 44 35 34 33 41 49 58 59 60 61 62 63 64 56 48 40 32 24 16 15 7 6 5 4 29 65 
0 36 44 35 34 33 41 49 57 58 59 60 61 62 63 64 56 48 40 32 24 16 7 6 29 65 
0 36 44 45 53 61 62 54 55 47 39 31 23 15 7 6 14 5 4 12 11 10 18 17 26 27 28 20 21 65 
0 36 44 43 42 41 49 58 59 60 61 62 63 64 56 48 40 32 24 16 8 15 7 6 5 4 29 65 
0 36 44 35 34 33 41 49 57 58 59 60 61 62 63 64 56 48 40 32 24 16 15 7 6 29 65 
0 36 44 52 53 61 62 54 55 47 48 39 31 23 15 7 6 5 4 12 11 10 18 17 26 28 65 
0 28 27 19 20 12 11 10 18 26 34 35 43 44 36 37 45 53 54 55 47 46 38 39 31 23 15 14 21 29 65 
0 37 36 28 20 12 11 10 18 19 27 35 34 42 43 44 45 53 54 55 47 46 38 39 31 23 14 21 65 
0 37 36 28 20 12 11 10 18 26 27 35 34 42 43 44 45 53 54 55 47 46 38 39 31 21 29 65 
0 36 28 20 12 11 10 18 19 27 35 34 42 50 43 44 45 53 54 55 47 46 38 39 31 23 15 14 21 29 65 
0 37 36 28 20 12 11 10 18 26 27 35 34 42 43 44 45 53 61 62 54 46 38 39 31 21 29 65 
0 36 28 20 12 11 10 18 26 27 35 34 42 50 51 43 44 45 53 54 55 47 39 31 23 15 14 21 29 65 
0 28 20 12 11 10 18 26 27 36 35 34 42 50 51 43 44 45 53 54 55 47 39 31 23 15 14 21 29 65 
0 36 44 43 51 50 42 34 35 27 26 18 10 11 12 20 28 29 21 14 15 23 31 39 47 54 45 37 65 
0 36 28 20 12 11 10 18 26 27 35 34 42 50 51 43 44 45 53 54 55 47 46 39 31 21 29 65 
0 36 28 27 20 12 11 10 18 26 34 35 43 42 50 51 52 44 45 53 54 55 47 39 31 23 15 14 21 29 65 
0 36 28 27 20 12 11 10 18 26 34 42 43 44 45 53 61 62 54 55 47 46 38 39 31 23 15 14 21 29 65 
0 36 28 20 12 11 10 18 26 27 35 34 41 42 43 44 45 53 61 62 54 46 47 39 31 23 14 21 65 
0 36 28 20 12 11 10 18 26 27 35 34 33 41 42 43 44 52 60 53 54 46 47 39 31 23 14 21 65 
0 36 43 44 52 53 54 55 47 46 38 39 31 23 15 14 6 5 4 12 11 18 26 34 35 28 65 
0 36 43 44 52 60 61 53 54 55 47 39 31 23 15 7 14 13 12 11 10 18 26 34 35 27 28 20 21 29 65 
0 36 44 45 53 61 62 54 55 46 38 39 31 23 15 14 6 5 4 12 11 10 18 26 34 35 28 29 65 
0 28 36 44 45 53 61 62 54 55 47 39 31 23 15 14 6 5 4 12 11 10 18 26 34 35 27 20 21 29 65 
0 28 36 44 52 53 61 62 54 55 47 39 31 23 15 14 6 5 4 12 11 10 18 26 34 35 29 65 
0 36 43 44 52 53 61 62 54 55 47 39 31 23 15 14 6 5 4 12 11 10 18 26 34 35 29 65 
0 36 44 43 51 59 60 61 62 54 55 47 39 31 23 15 7 6 5 12 11 10 18 26 34 27 28 20 21 29 65 
0 36 44 43 51 59 60 61 62 54 55 47 39 31 23 15 7 6 5 12 11 10 18 26 34 35 28 20 21 29 65 
0 36 28 27 18 26 25 33 34 42 43 44 53 61 62 54 55 47 39 31 23 15 7 6 21 29 65 
0 36 28 27 26 18 17 25 33 34 43 44 53 61 62 54 55 47 39 31 23 15 7 6 21 29 65 
0 36 44 43 42 50 58 59 60 53 54 55 47 39 31 23 15 7 6 5 4 3 2 10 11 12 20 28 29 65 
0 36 44 45 53 54 55 63 62 61 60 59 58 50 42 41 33 34 26 27 28 20 12 5 6 7 15 14 21 29 65 
0 36 44 43 51 59 60 61 62 53 54 55 47 39 31 23 15 7 6 5 4 3 2 10 11 20 28 29 65 
0 36 44 43 51 59 60 61 53 62 54 55 47 39 31 23 15 7 6 5 4 3 2 10 11 20 28 29 65 
0 36 44 43 51 59 60 53 61 62 54 55 47 39 31 23 15 7 6 5 4 3 2 10 11 20 28 29 65 
0 36 44 45 53 54 55 63 62 61 60 59 58 50 49 41 33 34 26 27 28 20 12 5 6 7 15 14 21 29 65 
0 36 44 52 53 54 55 63 62 61 60 59 58 50 49 41 33 34 26 27 28 20 12 5 6 7 14 21 29 65 
0 36 44 52 53 54 55 63 62 61 60 59 58 50 49 41 33 25 26 27 28 20 12 5 6 7 14 21 29 65 
0 28 36 44 52 53 54 62 61 60 59 58 50 42 34 33 25 17 18 10 11 3 4 5 6 7 14 21 65 
0 28 36 44 52 53 54 62 61 60 59 58 57 49 41 33 25 17 18 10 11 3 4 5 6 7 14 21 65 
0 36 44 52 53 54 62 61 60 59 51 50 58 49 41 33 25 17 18 10 11 3 4 5 6 14 21 65 
0 36 44 45 53 54 62 61 60 59 50 58 57 49 41 33 25 17 18 10 11 3 4 5 6 7 14 21 29 65 
0 36 44 52 53 54 62 61 60 59 50 58 57 49 41 33 25 17 18 10 11 3 4 5 6 7 14 21 65 
0 36 44 45 53 61 62 54 55 47 39 31 23 15 7 14 6 5 4 12 11 10 18 26 34 35 28 20 21 65 
0 28 36 44 45 53 54 62 61 60 59 58 50 42 34 33 25 17 18 10 11 3 4 5 6 7 14 21 29 65 
0 28 36 44 45 53 54 62 61 60 59 58 50 49 41 33 25 17 18 10 11 3 4 5 6 7 14 21 29 65 
0 28 36 44 52 53 54 62 61 60 59 58 50 49 41 33 25 17 18 10 11 3 4 5 6 7 14 21 65 
0 28 29 21 20 19 27 35 34 26 18 10 11 12 13 14 15 23 31 39 47 38 46 54 45 36 65 
0 28 29 21 20 19 27 35 34 26 18 10 11 12 13 14 15 23 31 39 47 55 46 54 45 36 65 
0 28 29 21 20 19 27 35 34 26 18 10 11 12 13 14 15 23 31 39 47 46 54 53 45 43 36 65 
0 36 37 38 46 47 55 54 53 45 44 43 35 34 26 18 10 11 12 5 6 7 15 14 21 20 19 28 29 65 
0 36 37 38 39 47 55 54 53 45 44 43 35 34 26 18 10 11 12 5 6 7 15 14 21 20 19 28 65 
0 36 37 38 46 47 55 54 53 45 44 43 35 34 26 18 10 11 12 4 5 6 7 15 14 21 20 28 29 65 
0 36 37 38 39 47 55 54 53 45 44 43 35 34 26 18 10 11 12 4 5 6 7 15 14 21 20 28 29 65 
0 36 37 46 38 39 47 55 54 53 52 44 43 35 34 26 18 10 11 12 4 5 6 7 15 14 21 28 29 65 
0 36 45 46 38 39 47 55 54 53 52 44 43 35 34 26 18 10 11 12 4 5 6 7 15 14 21 28 29 65 
0 36 44 53 52 60 61 54 62 63 55 47 39 31 23 15 14 13 12 11 10 18 26 34 35 27 28 20 21 29 65 
0 36 44 52 53 60 61 54 62 63 55 47 39 31 23 15 14 13 12 11 10 18 26 34 35 28 29 65 
0 36 37 38 39 47 48 56 55 54 62 61 53 44 43 35 34 26 18 10 11 12 4 5 6 14 21 20 28 29 65 
0 36 28 20 21 14 6 5 4 12 11 10 18 26 34 35 43 44 53 61 62 54 55 56 48 47 39 38 37 65 
0 36 37 38 39 40 48 56 55 54 62 61 53 44 43 35 34 26 18 10 11 12 4 5 6 14 21 20 28 29 65 
0 36 44 45 46 47 55 54 53 52 60 59 58 50 42 34 26 18 10 11 12 5 6 7 15 14 21 28 29 65 
0 36 44 45 53 54 55 63 62 61 60 52 51 43 35 34 26 18 10 11 12 5 6 7 15 14 21 20 28 29 65 
0 36 28 20 21 13 14 6 5 4 12 11 10 18 26 34 35 43 44 53 61 62 54 55 56 48 47 39 38 29 65 
0 36 44 45 53 54 55 63 62 61 60 59 51 43 35 34 26 18 10 11 12 5 6 7 15 14 21 20 28 29 65 
0 36 44 52 53 54 55 63 62 61 60 59 51 43 35 34 26 18 10 11 12 5 6 7 15 14 21 28 29 65 
0 36 44 52 53 54 55 63 62 61 60 59 58 50 42 34 26 18 10 11 12 5 6 7 14 21 28 29 65 
0 28 36 44 43 35 34 33 41 49 58 59 60 61 62 54 55 47 39 31 23 15 7 6 5 4 29 65 
0 36 44 43 42 34 33 41 49 50 58 59 60 61 53 54 62 55 47 39 31 23 15 7 6 29 65 
0 28 36 44 43 35 34 33 41 49 57 58 59 60 61 53 54 55 47 39 40 32 24 23 15 7 6 14 29 65 
0 28 36 44 43 42 34 33 41 49 57 58 59 60 61 53 54 55 47 39 40 32 24 23 15 7 6 14 21 29 65 
0 36 44 43 42 34 33 41 49 50 58 59 60 61 62 54 55 48 40 32 24 16 15 7 6 5 12 20 28 29 65 
0 28 36 44 43 42 34 33 41 49 57 58 59 60 61 62 54 55 56 48 40 32 24 16 8 7 6 14 21 29 65 
0 36 44 43 42 34 33 41 49 50 58 59 60 61 53 54 55 56 48 40 32 24 16 8 7 6 5 12 20 29 65 
0 36 44 43 42 34 33 41 49 57 58 59 60 61 53 54 55 56 48 40 32 24 16 8 7 6 5 12 20 29 65 
0 36 44 35 34 33 41 49 57 58 59 60 61 53 54 55 56 48 40 32 24 16 8 7 6 29 65 
0 36 44 43 42 34 33 41 49 57 58 59 60 61 62 63 55 56 48 40 32 24 16 8 7 6 5 12 20 29 65 
0 36 44 35 34 33 41 49 57 58 59 60 61 62 63 55 56 48 40 32 24 16 8 7 6 29 65 
0 28 20 12 11 3 2 1 9 17 25 33 41 49 57 58 59 60 61 62 30 29 65 
0 28 20 12 4 3 2 1 9 17 25 33 41 49 57 58 59 60 61 62 63 56 48 30 29 65 
0 36 44 43 51 60 53 61 62 54 55 47 39 31 23 15 14 13 12 11 10 18 26 34 35 27 28 29 65 
0 36 44 43 50 59 60 61 62 54 55 47 39 31 23 15 14 13 12 11 10 18 26 34 35 27 28 20 21 29 65 
0 36 44 45 53 54 55 62 61 60 59 58 50 42 34 26 18 10 11 12 4 5 6 7 15 14 21 28 29 65 
0 36 44 45 46 54 55 62 61 60 59 58 50 42 34 26 18 10 11 12 4 5 6 7 15 14 21 28 29 65 
0 36 44 43 35 34 33 41 49 58 59 60 61 62 54 55 47 39 40 32 24 16 15 7 6 12 20 28 29 65 
0 36 44 43 42 34 33 41 49 57 58 59 60 61 62 54 55 48 40 32 24 16 15 7 6 14 21 20 28 29 65 
0 36 44 43 42 34 33 41 49 58 59 60 61 53 54 55 56 48 40 32 24 16 8 7 6 5 12 20 28 29 65 
0 28 20 12 11 3 2 1 9 17 25 33 41 49 57 58 59 60 61 62 30 29 65 
0 36 35 27 19 20 12 11 10 18 26 34 42 43 44 45 37 38 46 54 55 47 39 31 23 15 14 21 29 65 
0 28 36 35 27 19 20 12 11 10 18 26 34 42 43 44 45 37 38 46 54 55 47 39 31 21 29 65 
0 36 35 28 27 19 20 12 11 10 18 26 34 42 43 44 45 37 38 46 54 55 47 39 31 23 14 21 65 
0 36 35 27 19 28 20 12 11 10 18 26 34 42 43 44 45 37 38 46 54 55 47 39 31 23 14 21 29 65 
0 36 35 27 28 19 20 12 11 10 18 26 34 42 43 44 45 37 38 46 54 55 47 39 31 21 29 65 
0 28 29 21 14 15 23 31 39 47 55 54 46 45 53 44 43 42 34 26 18 10 11 12 20 19 36 65 
0 37 36 28 20 12 11 10 18 26 27 35 34 42 43 44 52 53 45 46 54 55 47 39 31 21 29 65 
0 36 28 20 12 11 10 18 26 27 35 34 42 43 44 52 53 45 46 54 55 47 39 31 23 15 14 21 29 65 
0 28 20 12 11 10 18 26 27 36 35 34 42 43 44 52 53 45 46 54 55 47 39 31 23 14 21 29 65 
0 37 36 28 20 12 11 10 18 26 27 35 34 42 43 44 45 53 54 46 38 39 31 23 15 7 6 14 21 65 
0 28 27 20 12 11 10 18 26 34 42 50 51 43 35 36 44 45 53 54 55 47 39 31 23 15 14 21 29 37 65 
0 36 28 20 12 11 10 18 26 27 35 34 42 43 44 45 46 54 55 47 39 31 23 15 7 6 14 21 29 65 
0 37 36 28 20 12 11 10 18 26 27 35 34 42 43 44 45 53 54 55 47 39 31 23 15 7 6 14 21 29 65 
0 28 20 12 11 10 18 26 27 36 35 34 42 43 44 45 53 61 62 54 55 47 39 31 23 15 14 21 29 65 
0 36 28 20 12 11 10 18 19 27 35 34 42 43 44 52 53 54 46 55 47 39 31 23 15 7 6 14 21 65 
0 36 28 20 12 11 10 18 19 27 35 34 42 43 44 52 53 54 55 47 46 39 31 23 15 7 6 14 21 65 
0 36 28 20 12 11 10 18 19 27 35 34 42 43 44 52 53 46 54 55 47 39 31 23 15 7 6 14 21 65 
0 36 35 27 19 20 12 11 10 18 26 34 42 43 44 45 53 61 62 54 55 47 39 31 23 15 14 21 29 28 65 
0 36 28 27 19 20 12 11 10 18 26 34 35 43 44 52 60 61 53 54 46 55 47 39 31 23 15 14 21 29 65 
0 36 28 20 12 11 10 18 26 27 35 34 42 43 44 52 53 54 46 55 47 39 31 23 15 7 14 21 65 
0 36 28 20 12 11 10 18 26 27 35 34 42 43 44 52 53 46 54 55 47 39 31 23 15 7 14 21 29 65 
0 36 28 20 12 11 10 18 26 27 35 34 42 50 43 44 52 53 54 55 47 39 31 23 15 7 6 14 21 65 
0 36 28 27 20 12 11 10 18 26 34 35 43 44 45 53 61 62 54 55 47 39 31 23 15 7 6 14 21 29 65 
0 36 28 20 12 11 10 18 27 35 34 42 43 44 45 53 61 62 54 55 47 39 31 23 15 7 6 14 21 65 
0 36 28 20 12 11 10 18 26 34 27 35 43 44 45 53 61 62 54 55 47 39 31 23 15 7 6 14 21 29 65 
0 36 28 20 12 11 10 18 26 27 35 34 43 44 45 53 61 62 54 55 47 39 31 23 15 7 14 21 65 
0 36 28 27 20 12 11 10 18 26 34 42 43 44 52 60 61 62 54 55 47 39 31 23 15 7 6 14 21 29 65 
0 36 28 20 12 11 10 18 26 35 34 42 43 44 52 60 61 62 54 55 47 39 31 23 15 7 6 14 21 29 65 
0 36 28 20 12 11 10 18 26 27 34 42 43 44 52 60 61 62 54 55 47 39 31 23 15 7 6 14 21 29 65 
0 36 28 20 12 11 3 2 10 18 26 34 35 43 44 52 60 61 53 54 47 39 31 23 15 7 6 14 21 29 65 
0 36 28 20 12 4 3 2 10 18 26 34 35 43 44 52 60 61 53 54 47 39 31 23 15 7 6 14 21 29 65 
0 36 28 27 26 34 35 43 44 45 53 54 55 63 62 61 60 59 58 49 41 33 25 18 10 11 20 21 29 65 
0 36 44 45 53 54 46 47 48 56 55 62 61 60 59 58 50 49 41 42 34 26 18 10 11 12 20 28 21 65 
0 28 36 35 27 26 34 42 43 44 53 54 62 61 60 59 58 57 49 41 33 25 17 18 11 20 21 29 65 
0 36 28 27 26 34 42 43 44 53 54 55 63 62 61 60 59 58 57 49 41 33 25 18 10 11 12 20 21 29 65 
0 36 28 27 34 43 44 52 53 54 55 63 62 61 60 59 58 57 49 41 33 25 17 18 11 65 
0 28 36 44 52 53 54 55 63 62 61 60 59 58 57 49 41 33 34 27 26 25 17 18 11 20 21 65 
0 28 36 44 45 53 54 55 56 64 63 62 61 60 59 58 50 42 41 33 34 25 17 18 11 65 
0 28 36 44 52 53 54 55 56 64 63 62 61 60 59 58 50 49 41 33 34 25 17 18 11 65 
0 28 36 44 52 53 54 55 56 64 63 62 61 60 59 58 50 49 41 34 33 25 17 18 11 20 21 29 65 
0 28 36 44 52 53 54 55 56 64 63 62 61 60 59 58 57 49 41 33 34 25 17 18 11 65 
0 28 36 44 52 53 54 55 56 64 63 62 61 60 59 58 57 49 41 34 33 25 17 18 11 20 21 65 
0 28 36 44 52 53 54 55 48 56 64 63 62 61 60 59 58 57 49 41 33 25 17 18 11 65 
0 36 28 20 12 11 10 18 17 25 33 41 49 57 58 59 60 61 62 54 55 47 21 29 65 
0 36 28 20 12 11 10 18 17 25 33 41 49 57 58 59 60 61 62 54 55 56 48 21 65 
0 36 28 20 12 11 10 9 17 25 33 41 49 57 58 59 60 61 62 54 55 56 48 32 65 
0 36 28 20 12 11 10 18 17 25 33 41 49 57 58 59 60 61 62 63 56 48 21 29 65 
0 36 28 20 12 11 10 9 17 25 33 41 49 57 58 59 60 61 62 63 56 48 40 32 14 21 65 
0 36 44 52 53 54 62 61 60 59 58 50 49 41 33 25 17 9 1 2 3 4 5 6 7 29 65 
0 36 28 20 12 11 10 18 26 34 42 35 43 44 52 53 61 62 54 55 47 39 31 23 15 7 6 14 21 65 
0 36 28 20 12 11 10 18 26 34 27 35 43 44 52 53 61 62 54 55 47 39 31 23 15 7 6 14 21 65 
0 28 36 44 53 54 55 56 64 63 62 61 60 59 58 50 42 41 33 34 26 25 17 18 11 65 
0 36 44 45 53 54 62 61 60 59 58 50 49 41 33 25 17 9 1 2 3 4 5 6 7 16 29 65 
0 36 44 52 53 54 62 61 60 59 58 50 49 41 33 25 17 9 1 2 3 4 5 6 7 29 65 
0 29 28 36 44 43 35 34 26 27 19 18 10 11 12 20 21 14 15 23 31 39 38 46 47 54 45 37 65 
0 28 36 44 43 35 34 26 27 19 18 10 11 12 20 21 14 15 23 31 39 38 46 47 55 54 53 45 37 29 65 
0 36 44 43 42 34 35 28 27 19 18 10 11 12 20 21 14 15 23 31 39 38 46 47 55 54 53 45 37 29 65 
0 36 44 43 35 34 26 27 28 19 18 10 11 12 20 21 14 15 23 31 39 38 46 47 54 45 37 29 65 
0 36 44 43 35 34 26 27 28 20 19 18 10 11 12 21 14 15 23 31 39 38 46 47 54 53 45 37 29 65 
0 36 37 38 30 21 14 15 23 31 39 47 55 54 53 45 44 43 42 34 35 27 26 18 10 11 20 28 29 65 
0 29 28 36 44 43 42 34 26 27 19 18 10 11 12 20 21 14 15 23 31 39 38 46 47 55 54 53 45 37 65 
0 28 36 44 43 42 34 26 27 19 18 10 11 12 20 21 14 15 23 31 39 38 46 47 55 54 53 45 37 29 65 
0 36 44 43 42 34 26 27 28 19 18 10 11 12 20 21 14 15 23 31 39 38 46 47 54 53 45 37 29 65 
0 36 44 43 42 34 26 27 28 20 19 18 10 11 12 21 14 15 23 31 39 38 46 47 55 54 53 45 37 29 65 
0 37 36 28 20 12 11 10 18 26 27 35 43 44 45 53 54 55 48 47 46 38 39 31 21 29 65 
0 36 28 20 12 11 10 18 26 27 35 43 44 45 53 54 55 48 47 46 38 39 31 23 14 13 29 65 
0 36 28 20 12 11 10 18 26 27 35 43 44 45 53 61 54 55 47 46 38 39 31 21 29 65 
0 37 36 28 20 12 11 10 18 19 27 35 34 42 43 44 45 53 61 62 54 46 38 39 31 23 14 21 65 
0 36 28 20 12 11 10 18 19 27 35 34 42 43 44 45 53 61 62 54 46 38 39 31 23 15 14 21 29 65 
0 28 20 12 11 10 18 19 27 36 35 34 42 43 44 45 53 61 62 54 46 38 39 31 23 15 14 21 29 37 65 
0 28 20 12 11 10 18 19 27 26 34 43 35 36 44 45 53 61 62 54 46 38 39 31 23 15 14 21 29 65 
0 28 20 12 11 10 18 19 27 35 34 42 43 44 36 45 53 61 62 54 46 38 39 31 23 15 14 21 29 65 
0 29 28 36 44 43 35 34 26 27 19 18 10 11 12 20 21 14 15 23 31 39 38 46 54 53 45 37 65 
0 36 44 43 35 34 26 27 28 20 19 18 10 11 12 21 14 15 23 31 39 38 46 54 53 45 37 29 65 
0 37 36 28 20 12 11 10 18 26 27 35 34 42 43 44 45 53 61 62 54 46 38 39 31 21 29 65 
0 36 28 20 12 11 10 18 26 27 35 34 42 43 44 45 53 61 62 54 46 38 39 31 23 15 14 21 29 65 
0 28 20 12 11 10 18 26 27 36 35 34 42 43 44 45 53 61 62 54 46 38 39 31 23 14 21 29 65 
0 28 20 12 11 10 18 26 27 35 34 42 43 44 36 45 53 61 62 54 46 38 39 31 23 14 21 65 
0 36 28 27 35 44 43 42 34 26 18 10 11 12 20 21 14 15 23 31 39 38 46 54 53 45 37 29 65 
0 37 36 28 20 12 11 10 18 26 27 35 34 42 43 44 45 46 54 55 47 39 31 23 15 7 6 14 21 65 
0 36 44 45 53 61 62 54 55 47 39 31 23 15 14 21 20 12 11 10 18 26 34 42 43 35 27 28 29 37 65 
0 37 36 28 20 12 11 10 18 26 27 35 34 42 43 44 45 53 61 62 54 55 47 39 31 23 14 21 65 
0 36 28 20 12 11 10 18 26 27 35 34 42 43 44 45 53 61 62 54 55 47 39 31 23 15 14 21 29 65 
0 28 20 12 11 10 18 26 27 36 35 34 42 43 44 45 53 61 62 54 55 47 39 31 23 15 14 21 29 65 
0 36 44 52 53 61 62 54 55 47 39 31 23 15 14 21 20 12 11 10 18 26 34 42 43 35 27 28 29 65 
0 36 44 52 53 54 55 47 48 40 39 38 31 23 15 14 21 20 12 11 10 18 26 34 42 43 35 28 65 
0 36 28 20 12 11 10 18 19 27 35 34 42 43 44 45 53 61 62 54 55 47 39 31 23 15 7 14 21 29 65 
0 36 28 20 12 11 10 18 19 27 34 35 43 44 45 53 61 62 54 55 47 39 31 23 15 7 6 14 21 29 65 
0 36 28 27 20 12 11 10 18 26 34 35 43 44 45 53 61 62 54 55 47 39 31 23 15 7 6 14 21 29 65 
0 36 28 20 12 11 10 18 26 34 27 35 43 44 45 53 61 62 54 55 47 39 31 23 15 7 6 14 21 29 65 
0 36 28 20 12 11 10 18 26 27 34 35 43 44 45 53 61 62 54 55 47 39 31 23 15 7 6 14 21 29 65 
0 36 28 20 12 11 10 18 26 27 35 34 42 43 44 53 61 62 54 55 47 39 31 23 15 7 6 14 21 65 
0 36 28 20 12 11 10 18 26 34 42 35 43 44 52 53 61 62 54 55 47 39 31 23 15 7 6 14 21 65 
0 36 44 43 51 59 60 61 53 54 55 47 39 31 23 15 14 6 5 12 11 10 18 26 34 27 28 20 21 29 65 
0 28 20 12 11 10 18 17 25 33 34 35 36 44 45 53 61 62 54 55 47 39 31 23 15 7 14 21 65 
0 28 20 12 11 10 18 17 25 33 34 35 36 44 52 53 61 62 54 55 47 39 31 23 6 14 29 65 
0 36 28 20 12 11 10 18 17 25 33 41 42 43 44 53 61 62 54 55 47 39 31 23 7 14 21 65 
0 36 28 20 12 11 10 9 17 25 33 41 42 43 44 53 61 62 54 55 47 39 31 23 15 7 6 14 29 65 
0 36 44 45 53 54 55 63 62 61 60 59 58 50 49 41 33 34 26 27 28 20 12 5 6 7 15 14 21 29 65 
0 36 44 45 53 54 55 63 62 61 60 59 58 50 49 41 33 34 26 27 28 20 12 4 5 6 7 14 21 29 65 
0 36 44 43 51 52 53 54 62 61 60 59 58 57 49 41 33 34 26 18 10 11 4 5 6 14 21 28 65 
0 36 28 20 12 11 10 18 17 25 33 41 49 50 59 60 61 62 54 55 47 39 31 23 6 14 29 65 
0 36 28 20 12 11 10 18 17 25 33 41 49 58 59 60 61 62 54 55 47 39 31 6 14 21 65 
0 36 44 52 53 54 55 63 62 61 60 59 58 50 41 33 25 26 18 10 2 3 4 5 6 14 21 28 29 65 
0 36 28 20 12 11 10 9 17 25 33 41 49 58 59 60 61 62 54 55 47 39 31 23 7 14 21 65 
0 36 44 53 54 55 63 62 61 60 59 58 50 49 41 33 25 26 18 10 2 3 4 5 6 14 21 20 28 29 65 
0 36 44 52 51 59 60 61 62 54 55 64 56 48 40 32 24 16 15 7 6 5 4 3 11 20 21 29 65 
0 36 44 43 51 59 60 61 62 54 55 63 64 56 48 40 32 24 16 15 7 6 5 4 3 12 20 21 29 28 65 
0 28 36 44 52 53 54 55 63 62 61 60 59 58 50 49 41 33 25 26 18 10 2 3 4 5 6 14 21 65 
0 36 44 43 35 34 33 41 49 58 59 60 61 62 54 55 56 48 40 32 24 16 8 7 6 5 4 29 65 
0 36 44 43 42 34 33 41 49 58 59 60 61 62 54 55 56 48 40 32 24 16 8 7 6 5 4 12 20 29 65 
0 36 44 35 34 33 41 49 57 58 59 60 61 62 54 55 56 48 40 32 24 16 8 7 6 29 65 
0 36 44 35 34 33 41 49 57 58 59 60 61 62 63 55 56 48 40 32 24 16 8 7 6 29 65 
0 36 44 52 53 61 62 54 55 47 39 31 23 15 7 6 14 21 20 12 11 10 18 25 33 28 65 
0 36 28 20 12 11 10 18 17 26 34 42 50 58 59 60 61 62 54 55 47 39 31 23 15 7 6 14 21 29 65 
0 36 44 43 50 58 59 60 61 62 54 55 63 64 56 48 40 32 24 16 8 7 6 5 4 12 20 28 29 65 
0 36 44 43 42 41 50 58 59 60 61 62 54 55 63 64 56 48 40 32 24 16 7 6 5 4 29 65 
0 36 44 43 34 42 50 58 59 60 61 62 54 55 63 64 56 48 40 32 24 16 7 6 5 4 28 65 
