n 102
m 1
tmax 6
5.83	5.83	0  0.0
2.50	5.00	26  17.0
9.17	0.83	29  15.0
5.17	8.67	27  9.0
10.00	2.00	31  9.0
1.33	9.33	27  25.0
2.17	8.67	36  18.0
1.00	11.33	30  5.0
3.50	4.00	28  2.0
9.33	6.50	36  19.0
9.17	9.00	26  1.0
2.67	3.67	41  9.0
0.67	3.00	35  25.0
4.67	3.00	26  20.0
4.33	4.50	27  19.0
9.17	7.50	13  6.0
9.17	3.33	19  10.0
9.17	10.00	16  16.0
5.00	10.00	16  13.0
3.33	10.83	12  10.0
8.33	5.83	19  13.0
5.00	4.17	23  9.0
2.50	1.67	20  7.0
1.67	3.33	19  19.0
3.33	6.67	12  16.0
2.50	10.00	17  3.0
7.50	3.33	11  5.0
7.50	1.67	18  27.0
7.50	5.00	17  25.0
5.83	6.67	16  9.0
6.83	6.17	16  36.0
6.67	10.00	21  12.0
5.83	11.50	23  12.0
8.83	8.67	11  8.0
10.83	9.17	14  16.0
0.83	0.83	16  15.0
1.83	2.33	18  1.0
1.00	6.33	16  35.0
7.83	7.83	13  28.0
6.17	5.17	14  27.0
9.50	4.83	18  17.0
6.00	4.33	18  3.0
2.00	4.00	13  26.0
4.00	9.67	19  2.0
10.33	12.83	20  3.0
8.17	12.17	25  9.0
11.17	0.83	25  5.0
9.50	11.33	15  18.0
7.83	2.67	25  5.0
8.17	1.83	18  27.0
8.17	7.00	13  19.0
8.83	7.17	14  22.0
9.50	8.00	23  7.0
2.50	7.83	16  9.0
2.33	6.17	11  16.0
4.33	5.83	15  9.0
3.00	4.00	22  30.0
4.17	4.00	20  36.0
3.67	4.50	11  23.0
4.17	3.50	12  13.0
3.00	3.00	17  23.0
6.83	8.17	10  21.0
5.83	2.83	7  26.0
4.17	5.00	3  8.0
3.33	8.33	5  6.0
1.67	7.17	9  11.0
5.00	0.83	8  20.0
0.83	5.00	2  3.0
7.50	10.83	9  10.0
10.83	5.83	3  5.0
10.83	3.33	6  18.0
10.67	7.00	9  8.0
10.50	10.83	8  6.0
0.33	10.00	5  2.0
3.33	3.33	8  13.0
6.67	4.17	9  41.0
7.00	1.17	5  18.0
4.00	2.00	5  11.0
3.83	0.50	7  9.0
0.33	8.00	1  26.0
8.17	9.67	10  12.0
4.50	7.17	9  14.0
10.50	3.83	2  20.0
8.83	2.00	6  18.0
5.33	2.00	7  16.0
2.83	5.67	3  3.0
4.50	11.50	10  31.0
2.50	12.83	9  29.0
6.17	7.83	6  11.0
6.17	9.33	5  14.0
7.33	2.83	9  7.0
7.67	2.17	8  16.0
10.17	8.67	3  23.0
9.33	6.17	6  16.0
1.83	5.17	7  8.0
4.33	8.67	9  14.0
5.17	11.17	3  17.0
2.50	3.17	1  6.0
3.67	3.67	2  11.0
3.17	3.50	10  7.0
3.33	4.33	9  10.0
5.83	5.83	0  0.0
