46
422.0 502.0 
572.0 638.0 
515.0 573.0 
422.0 502.0 
572.0 638.0 
515.0 573.0 
422.0 502.0 
572.0 638.0 
515.0 573.0 
422.0 502.0 
515.0 573.0 
572.0 638.0 
422.0 502.0 
572.0 638.0 
515.0 573.0 
422.0 502.0 
572.0 638.0 
515.0 573.0 
422.0 502.0 
346.0 471.0 
572.0 638.0 
515.0 573.0 
422.0 502.0 
572.0 638.0 
515.0 573.0 
422.0 502.0 
572.0 638.0 
515.0 573.0 
422.0 502.0 
515.0 573.0 
572.0 638.0 
515.0 573.0 
515.0 573.0 
572.0 638.0 
515.0 573.0 
422.0 502.0 
515.0 573.0 
515.0 573.0 
515.0 573.0 
422.0 502.0 
515.0 573.0 
422.0 502.0 
515.0 573.0 
572.0 638.0 
515.0 573.0 
515.0 573.0 

0 321 78 489 80 478 82 84 479 0 
0 321 484 477 78 489 80 82 84 479 159 0 
0 159 491 479 84 82 80 489 78 477 484 0 
0 321 78 489 80 478 82 84 479 0 
0 321 484 477 78 489 80 82 84 479 159 0 
0 159 491 479 84 82 80 489 78 477 484 0 
0 321 78 489 80 478 82 84 479 0 
0 321 484 477 78 489 80 82 84 479 159 0 
0 159 491 479 84 82 80 489 78 477 484 0 
0 321 78 489 80 478 82 84 479 0 
0 159 491 479 84 82 80 489 78 477 484 0 
0 321 484 477 78 489 80 82 84 479 159 0 
0 321 78 489 80 478 82 84 479 0 
0 321 484 477 78 489 80 82 84 479 159 0 
0 159 491 479 84 82 80 489 78 477 484 0 
0 321 78 489 80 478 82 84 479 0 
0 321 484 477 78 489 80 82 84 479 159 0 
0 159 491 479 84 82 80 489 78 477 484 0 
0 321 78 489 80 478 82 84 479 0 
0 484 486 479 84 82 478 80 78 0 
0 321 484 477 78 489 80 82 84 479 159 0 
0 159 491 479 84 82 80 489 78 477 484 0 
0 321 78 489 80 478 82 84 479 0 
0 321 484 477 78 489 80 82 84 479 159 0 
0 159 491 479 84 82 80 489 78 477 484 0 
0 321 78 489 80 478 82 84 479 0 
0 321 484 477 78 489 80 82 84 479 159 0 
0 159 491 479 84 82 80 489 78 477 484 0 
0 321 78 489 80 478 82 84 479 0 
0 159 491 479 84 82 80 489 78 477 484 0 
0 321 484 477 78 489 80 82 84 479 159 0 
0 159 491 479 84 82 80 489 78 477 484 0 
0 159 491 479 84 82 80 489 78 477 484 0 
0 321 484 477 78 489 80 82 84 479 159 0 
0 159 491 479 84 82 80 489 78 477 484 0 
0 321 78 489 80 478 82 84 479 0 
0 159 491 479 84 82 80 489 78 477 484 0 
0 159 491 479 84 82 80 489 78 477 484 0 
0 159 491 479 84 82 80 489 78 477 484 0 
0 321 78 489 80 478 82 84 479 0 
0 159 491 479 84 82 80 489 78 477 484 0 
0 321 78 489 80 478 82 84 479 0 
0 159 491 479 84 82 80 489 78 477 484 0 
0 321 484 477 78 489 80 82 84 479 159 0 
0 159 491 479 84 82 80 489 78 477 484 0 
0 159 491 479 84 82 80 489 78 477 484 0 
