80
260.0 266.0 
314.0 321.0 
333.0 272.0 
289.0 240.0 
260.0 266.0 
314.0 321.0 
333.0 272.0 
289.0 240.0 
260.0 266.0 
314.0 321.0 
333.0 272.0 
289.0 240.0 
260.0 266.0 
314.0 321.0 
333.0 272.0 
289.0 240.0 
260.0 266.0 
314.0 321.0 
333.0 272.0 
289.0 240.0 
260.0 266.0 
314.0 321.0 
333.0 272.0 
289.0 240.0 
260.0 266.0 
314.0 321.0 
333.0 272.0 
289.0 240.0 
260.0 266.0 
267.0 206.0 
333.0 272.0 
289.0 240.0 
260.0 266.0 
314.0 321.0 
333.0 272.0 
289.0 240.0 
260.0 266.0 
267.0 206.0 
333.0 272.0 
289.0 240.0 
260.0 266.0 
314.0 321.0 
333.0 272.0 
289.0 240.0 
260.0 266.0 
267.0 206.0 
289.0 240.0 
333.0 272.0 
260.0 266.0 
314.0 321.0 
333.0 272.0 
289.0 240.0 
260.0 266.0 
314.0 321.0 
333.0 272.0 
289.0 240.0 
260.0 266.0 
267.0 206.0 
289.0 240.0 
333.0 272.0 
260.0 266.0 
267.0 206.0 
289.0 240.0 
333.0 272.0 
260.0 266.0 
267.0 206.0 
333.0 272.0 
289.0 240.0 
260.0 266.0 
314.0 321.0 
333.0 272.0 
289.0 240.0 
260.0 266.0 
267.0 206.0 
333.0 272.0 
289.0 240.0 
260.0 266.0 
314.0 321.0 
333.0 272.0 
289.0 240.0 

0 321 484 78 80 0 
0 479 84 82 80 78 477 0 
0 321 484 477 78 80 0 
0 479 82 80 78 477 0 
0 321 484 78 80 0 
0 479 84 82 80 78 477 0 
0 321 484 477 78 80 0 
0 479 82 80 78 477 0 
0 321 484 78 80 0 
0 479 84 82 80 78 477 0 
0 321 484 477 78 80 0 
0 479 82 80 78 477 0 
0 321 484 78 80 0 
0 479 84 82 80 78 477 0 
0 321 484 477 78 80 0 
0 479 82 80 78 477 0 
0 321 484 78 80 0 
0 479 84 82 80 78 477 0 
0 321 484 477 78 80 0 
0 479 82 80 78 477 0 
0 321 484 78 80 0 
0 479 84 82 80 78 477 0 
0 321 484 477 78 80 0 
0 479 82 80 78 477 0 
0 321 484 78 80 0 
0 479 84 82 80 78 477 0 
0 321 484 477 78 80 0 
0 479 82 80 78 477 0 
0 321 484 78 80 0 
0 321 477 78 80 0 
0 321 484 477 78 80 0 
0 479 82 80 78 477 0 
0 321 484 78 80 0 
0 479 84 82 80 78 477 0 
0 321 484 477 78 80 0 
0 479 82 80 78 477 0 
0 321 484 78 80 0 
0 321 477 78 80 0 
0 321 484 477 78 80 0 
0 479 82 80 78 477 0 
0 321 484 78 80 0 
0 479 84 82 80 78 477 0 
0 321 484 477 78 80 0 
0 479 82 80 78 477 0 
0 321 484 78 80 0 
0 321 477 78 80 0 
0 479 82 80 78 477 0 
0 321 484 477 78 80 0 
0 321 484 78 80 0 
0 479 84 82 80 78 477 0 
0 321 484 477 78 80 0 
0 479 82 80 78 477 0 
0 321 484 78 80 0 
0 479 84 82 80 78 477 0 
0 321 484 477 78 80 0 
0 479 82 80 78 477 0 
0 321 484 78 80 0 
0 321 477 78 80 0 
0 479 82 80 78 477 0 
0 321 484 477 78 80 0 
0 321 484 78 80 0 
0 321 477 78 80 0 
0 479 82 80 78 477 0 
0 321 484 477 78 80 0 
0 321 484 78 80 0 
0 321 477 78 80 0 
0 321 484 477 78 80 0 
0 479 82 80 78 477 0 
0 321 484 78 80 0 
0 479 84 82 80 78 477 0 
0 321 484 477 78 80 0 
0 479 82 80 78 477 0 
0 321 484 78 80 0 
0 321 477 78 80 0 
0 321 484 477 78 80 0 
0 479 82 80 78 477 0 
0 321 484 78 80 0 
0 479 84 82 80 78 477 0 
0 321 484 477 78 80 0 
0 479 82 80 78 477 0 
