438
1217.0 1591.0 
1074.0 1314.0 
1142.0 1408.0 
1185.0 1486.0 
1142.0 1408.0 
1185.0 1486.0 
1288.0 1473.0 
1288.0 1473.0 
1046.0 1061.0 
1327.0 1250.0 
1407.0 1313.0 
1407.0 1313.0 
1484.0 1291.0 
1203.0 1615.0 
1227.0 1219.0 
1085.0 1337.0 
1270.0 1517.0 
1265.0 1646.0 
1288.0 1473.0 
1288.0 1473.0 
1288.0 1473.0 
1323.0 1270.0 
1407.0 1313.0 
1407.0 1313.0 
943.0 848.0 
1484.0 1291.0 
1245.0 1657.0 
1160.0 1230.0 
1307.0 1282.0 
1305.0 1450.0 
1183.0 1326.0 
1310.0 1498.0 
1304.0 1587.0 
1304.0 1587.0 
1339.0 1482.0 
1399.0 1287.0 
1242.0 1637.0 
1374.0 1477.0 
1346.0 1522.0 
1323.0 1270.0 
1217.0 1591.0 
1304.0 1587.0 
1000.0 995.0 
1301.0 1254.0 
1366.0 1430.0 
1414.0 1323.0 
1439.0 1309.0 
1203.0 1615.0 
1440.0 1289.0 
1282.0 1609.0 
1288.0 1473.0 
1288.0 1473.0 
1046.0 1061.0 
1327.0 1250.0 
1407.0 1313.0 
1407.0 1313.0 
1407.0 1313.0 
1417.0 1303.0 
1484.0 1291.0 
1484.0 1291.0 
1245.0 1657.0 
1281.0 1629.0 
1282.0 1609.0 
1304.0 1587.0 
1046.0 1061.0 
1160.0 1230.0 
1287.0 1246.0 
1242.0 1637.0 
1343.0 1502.0 
1294.0 1379.0 
1391.0 1397.0 
1425.0 1355.0 
1141.0 1448.0 
1287.0 1246.0 
1313.0 1276.0 
1306.0 1275.0 
1293.0 1272.0 
1407.0 1313.0 
1218.0 1641.0 
1349.0 1539.0 
1404.0 1327.0 
1484.0 1291.0 
1281.0 1629.0 
1292.0 1620.0 
1242.0 1637.0 
1288.0 1473.0 
1288.0 1473.0 
1288.0 1473.0 
1250.0 1349.0 
1343.0 1502.0 
1294.0 1379.0 
1407.0 1313.0 
1407.0 1313.0 
1407.0 1313.0 
1440.0 1310.0 
989.0 830.0 
1323.0 1270.0 
1316.0 1533.0 
1242.0 1637.0 
1157.0 1599.0 
1157.0 1599.0 
1288.0 1473.0 
1288.0 1473.0 
1308.0 1547.0 
1391.0 1397.0 
1407.0 1313.0 
1407.0 1313.0 
1407.0 1313.0 
1484.0 1291.0 
1356.0 1482.0 
1289.0 1600.0 
1360.0 1462.0 
1331.0 1535.0 
1157.0 1599.0 
1142.0 1408.0 
1288.0 1473.0 
1288.0 1473.0 
1327.0 1250.0 
1407.0 1313.0 
1484.0 1291.0 
1484.0 1291.0 
1484.0 1291.0 
1250.0 1393.0 
1323.0 1270.0 
1018.0 1174.0 
1314.0 1438.0 
1316.0 1416.0 
1316.0 1416.0 
1316.0 1416.0 
1316.0 1416.0 
1316.0 1416.0 
1316.0 1416.0 
1316.0 1416.0 
1316.0 1416.0 
1316.0 1416.0 
1316.0 1416.0 
1316.0 1416.0 
1316.0 1416.0 
1316.0 1416.0 
1316.0 1416.0 
1316.0 1416.0 
1316.0 1416.0 
1316.0 1416.0 
1316.0 1416.0 
1340.0 1404.0 
1420.0 1403.0 
1412.0 1310.0 
1412.0 1310.0 
1498.0 1307.0 
1498.0 1307.0 
1498.0 1307.0 
1498.0 1307.0 
1501.0 1275.0 
1501.0 1275.0 
1501.0 1275.0 
1501.0 1275.0 
1501.0 1275.0 
1501.0 1275.0 
1501.0 1275.0 
1501.0 1275.0 
1501.0 1275.0 
1501.0 1275.0 
1501.0 1275.0 
1501.0 1275.0 
1501.0 1275.0 
1501.0 1275.0 
1501.0 1275.0 
1501.0 1275.0 
1501.0 1275.0 
1501.0 1275.0 
1501.0 1275.0 
1518.0 1229.0 
1446.0 1369.0 
1043.0 1284.0 
1043.0 1284.0 
1043.0 1284.0 
1043.0 1284.0 
1043.0 1284.0 
1043.0 1284.0 
1043.0 1284.0 
1043.0 1284.0 
1090.0 1256.0 
1098.0 1349.0 
1090.0 1256.0 
1191.0 1363.0 
1098.0 1349.0 
1166.0 1361.0 
1158.0 1268.0 
1191.0 1363.0 
1106.0 1168.0 
1218.0 1197.0 
1218.0 1197.0 
1205.0 1011.0 
1149.0 1004.0 
1362.0 1175.0 
1288.0 1448.0 
1144.0 995.0 
1043.0 1284.0 
1043.0 1284.0 
1043.0 1284.0 
964.0 1102.0 
1018.0 1174.0 
1018.0 1174.0 
1018.0 1174.0 
1018.0 1174.0 
1039.0 1143.0 
1039.0 1143.0 
1420.0 1403.0 
1425.0 1355.0 
1426.0 1315.0 
1426.0 1315.0 
1426.0 1315.0 
1426.0 1315.0 
1426.0 1315.0 
1426.0 1315.0 
1426.0 1315.0 
1426.0 1315.0 
1426.0 1315.0 
1426.0 1315.0 
1426.0 1315.0 
1426.0 1315.0 
1426.0 1315.0 
1442.0 1303.0 
1442.0 1303.0 
1442.0 1303.0 
1442.0 1303.0 
1442.0 1303.0 
1442.0 1303.0 
1442.0 1303.0 
1442.0 1303.0 
1442.0 1303.0 
1442.0 1303.0 
1442.0 1303.0 
1442.0 1303.0 
1442.0 1303.0 
1448.0 1255.0 
1445.0 1277.0 
1464.0 1248.0 
1429.0 1314.0 
1043.0 1284.0 
1043.0 1284.0 
1043.0 1284.0 
1043.0 1284.0 
1043.0 1284.0 
1043.0 1284.0 
1043.0 1284.0 
1043.0 1284.0 
1043.0 1284.0 
1043.0 1284.0 
1043.0 1284.0 
1043.0 1284.0 
1043.0 1284.0 
1043.0 1284.0 
1043.0 1284.0 
1158.0 1268.0 
1090.0 1256.0 
1098.0 1349.0 
1166.0 1361.0 
1166.0 1361.0 
1098.0 1349.0 
1090.0 1256.0 
1090.0 1256.0 
1158.0 1268.0 
1158.0 1268.0 
1191.0 1363.0 
1191.0 1363.0 
1090.0 1256.0 
1090.0 1256.0 
1158.0 1268.0 
1205.0 1011.0 
1205.0 1011.0 
1205.0 1011.0 
1069.0 1011.0 
1056.0 1137.0 
1128.0 1204.0 
1103.0 1109.0 
1228.0 1273.0 
1402.0 1272.0 
1043.0 1284.0 
1043.0 1284.0 
1043.0 1284.0 
1043.0 1284.0 
1043.0 1284.0 
1043.0 1284.0 
1043.0 1284.0 
1043.0 1284.0 
1043.0 1284.0 
1043.0 1284.0 
1043.0 1284.0 
1043.0 1284.0 
1043.0 1284.0 
1043.0 1284.0 
1106.0 1168.0 
967.0 1111.0 
1194.0 1166.0 
1329.0 1080.0 
1123.0 894.0 
1123.0 894.0 
1123.0 894.0 
1123.0 894.0 
1123.0 894.0 
1123.0 894.0 
1318.0 1008.0 
1318.0 1008.0 
1318.0 1008.0 
1318.0 1008.0 
1313.0 999.0 
1313.0 999.0 
1288.0 1448.0 
918.0 1072.0 
1264.0 1152.0 
1262.0 1333.0 
1216.0 1491.0 
1218.0 1469.0 
1218.0 1469.0 
1222.0 1454.0 
1222.0 1454.0 
1222.0 1454.0 
1222.0 1454.0 
1222.0 1454.0 
1222.0 1454.0 
1222.0 1454.0 
1222.0 1454.0 
1041.0 1076.0 
1106.0 1168.0 
1066.0 1163.0 
1066.0 1163.0 
1066.0 1163.0 
988.0 1122.0 
1300.0 1433.0 
1302.0 1411.0 
1302.0 1411.0 
1246.0 1239.0 
1279.0 1334.0 
1279.0 1334.0 
1178.0 1227.0 
1213.0 1188.0 
1281.0 1200.0 
1144.0 995.0 
1264.0 1152.0 
1292.0 1022.0 
1119.0 1260.0 
1066.0 1163.0 
1066.0 1163.0 
1178.0 1227.0 
1250.0 1141.0 
1180.0 1123.0 
1369.0 1289.0 
1420.0 1253.0 
1420.0 1253.0 
1420.0 1253.0 
1420.0 1253.0 
1420.0 1253.0 
1104.0 928.0 
1045.0 1152.0 
1041.0 867.0 
1205.0 1011.0 
1121.0 1496.0 
1036.0 1392.0 
1237.0 1582.0 
1185.0 1486.0 
1142.0 1408.0 
1142.0 1408.0 
1237.0 1582.0 
1185.0 1486.0 
1237.0 1582.0 
1237.0 1582.0 
1237.0 1582.0 
1237.0 1582.0 
1237.0 1582.0 
1237.0 1582.0 
1121.0 1405.0 
1215.0 1462.0 
1215.0 1462.0 
1125.0 1283.0 
1125.0 1283.0 
1046.0 1061.0 
1046.0 1061.0 
1044.0 995.0 
1022.0 953.0 
1009.0 867.0 
1041.0 1076.0 
1041.0 1076.0 
1106.0 1168.0 
1055.0 1013.0 
1133.0 1054.0 
1133.0 1054.0 
1245.0 1118.0 
1245.0 1118.0 
1246.0 1081.0 
1246.0 1081.0 
1246.0 1081.0 
1241.0 1058.0 
1102.0 917.0 
1262.0 1035.0 
1262.0 1035.0 
1123.0 894.0 
1123.0 894.0 
1123.0 894.0 
1123.0 894.0 
1292.0 1022.0 
1313.0 999.0 
1313.0 999.0 
1313.0 999.0 
1313.0 999.0 
1249.0 1224.0 
1038.0 1182.0 
1061.0 1140.0 
1127.0 1104.0 
1314.0 1438.0 
1314.0 1438.0 
1316.0 1416.0 
1316.0 1416.0 
1316.0 1416.0 
1316.0 1416.0 
1316.0 1416.0 
1316.0 1416.0 
1442.0 1303.0 
1442.0 1303.0 
1442.0 1303.0 
1442.0 1303.0 
1442.0 1303.0 
1442.0 1303.0 
1442.0 1303.0 
1442.0 1303.0 
1442.0 1303.0 
1442.0 1303.0 
1442.0 1303.0 
1442.0 1303.0 
1442.0 1303.0 
1442.0 1303.0 
1442.0 1303.0 
1446.0 1273.0 
1466.0 1195.0 
1440.0 1325.0 
1412.0 1310.0 
1449.0 1241.0 
1415.0 1251.0 

0 321 484 486 479 84 82 80 478 116 470 469 467 183 471 447 445 440 443 438 442 208 182 459 457 0 
0 321 484 486 84 82 489 78 477 80 81 478 116 470 469 467 183 471 446 494 493 475 479 0 
0 321 477 78 489 82 80 81 478 116 470 469 467 183 471 473 446 494 493 475 84 479 486 484 0 
0 321 477 78 489 80 81 478 116 470 469 467 183 471 473 441 446 494 493 475 82 84 479 486 484 0 
0 321 477 78 489 82 80 81 478 116 470 467 469 183 471 473 446 494 493 475 84 479 486 484 0 
0 321 477 78 489 80 81 478 116 470 467 469 183 471 473 441 446 494 493 475 82 84 479 486 484 0 
0 321 484 84 82 80 478 116 470 467 469 183 471 473 441 439 444 443 438 442 182 208 459 457 0 
0 321 484 84 82 80 478 116 470 469 467 183 471 473 441 439 444 443 438 442 182 208 459 457 0 
0 321 477 78 489 80 81 478 116 470 469 467 472 183 471 439 446 493 475 484 0 
0 321 484 477 78 489 80 478 116 470 469 467 183 471 473 441 439 444 443 438 208 182 457 0 
0 480 454 55 358 359 323 356 329 328 326 337 324 332 334 325 336 333 331 327 335 339 360 455 51 0 
0 480 454 55 358 359 323 356 329 328 326 337 324 332 334 325 336 333 327 335 331 339 360 455 51 0 
0 480 454 55 358 359 323 356 338 198 325 334 332 337 324 328 336 333 331 327 335 339 360 455 51 0 
0 321 484 486 84 82 80 478 116 470 467 469 183 471 473 447 445 440 443 438 442 182 208 459 457 0 
0 321 484 477 78 489 80 478 116 470 469 467 183 471 473 441 443 438 182 208 457 0 
0 321 484 84 82 80 81 478 116 470 467 469 183 471 473 441 443 438 208 182 457 0 
0 321 477 78 489 80 82 84 116 470 469 467 183 471 473 441 445 440 443 438 442 182 208 457 0 
0 321 484 84 82 478 116 470 467 469 183 471 473 441 447 445 440 443 438 442 208 182 459 457 159 0 
0 321 484 84 82 80 478 116 470 467 469 183 471 473 441 439 444 443 438 442 182 208 459 457 0 
0 321 484 84 82 80 478 116 470 469 467 183 471 473 441 439 444 443 438 442 182 208 459 457 0 
0 321 484 84 82 80 478 116 470 467 469 183 471 473 441 439 444 443 438 442 208 182 459 457 0 
0 321 477 78 489 80 478 116 470 467 469 183 471 473 441 439 444 443 438 182 208 459 457 0 
0 480 454 55 358 359 323 356 329 328 326 337 324 332 334 325 336 333 331 327 335 339 360 455 51 0 
0 480 454 55 358 359 356 323 329 328 326 337 324 332 334 325 336 333 327 335 331 339 360 455 51 0 
0 159 480 358 359 323 356 328 324 332 325 336 333 335 327 360 454 0 
0 480 454 55 358 359 323 356 338 198 325 334 332 337 324 328 336 333 331 327 335 339 360 455 51 0 
0 321 484 84 82 80 478 116 470 467 469 183 471 473 447 445 440 443 438 442 208 182 459 457 159 0 
0 321 484 477 78 489 80 478 116 470 469 467 183 471 473 441 439 444 446 493 475 479 0 
0 321 477 78 489 80 478 116 470 469 467 183 471 473 441 439 444 443 438 182 208 457 159 0 
0 321 484 84 82 489 78 477 478 116 470 467 469 183 471 473 445 440 443 438 442 182 208 457 0 
0 321 484 84 82 489 78 477 80 81 478 116 470 467 469 183 471 473 441 439 444 446 479 0 
0 321 477 78 489 80 82 478 116 470 469 467 183 471 473 447 445 440 443 438 442 182 208 457 159 0 
0 321 477 489 80 478 116 470 467 469 183 471 473 441 447 445 440 443 438 442 182 208 459 457 159 0 
0 321 477 489 80 478 116 470 469 467 183 471 473 441 447 445 440 443 438 442 182 208 459 457 159 0 
0 321 484 477 78 489 80 478 116 470 469 467 183 471 473 445 440 443 438 442 182 208 459 457 0 
0 480 55 454 367 369 330 329 328 324 325 334 332 326 336 333 331 335 327 339 323 356 359 358 455 51 0 
0 321 484 84 82 80 478 116 470 467 469 183 471 473 441 447 445 440 443 438 442 208 182 459 457 0 
0 321 477 78 489 80 478 116 470 469 467 183 471 473 441 444 440 443 438 442 208 182 459 457 479 0 
0 321 477 78 489 80 478 116 470 469 467 183 471 473 447 445 440 443 438 442 208 182 459 457 159 0 
0 321 477 78 489 80 478 116 470 469 467 183 471 473 441 439 444 443 438 208 182 459 457 0 
0 321 484 486 479 84 82 80 478 116 470 469 467 183 471 447 445 440 443 438 442 208 182 459 457 0 
0 321 477 489 80 478 116 470 467 469 183 471 473 441 447 445 440 443 438 442 182 208 459 457 159 0 
0 321 477 78 489 80 82 475 493 494 457 459 182 208 471 469 470 0 
0 321 477 78 489 80 478 116 470 469 467 472 183 471 473 443 438 442 182 208 459 457 0 
0 321 477 489 80 478 116 470 469 183 471 473 441 439 440 443 438 442 182 208 459 457 480 0 
0 480 92 455 454 55 358 359 323 356 339 331 327 335 333 336 324 337 334 332 328 329 330 369 367 90 51 0 
0 480 92 455 454 55 358 359 323 356 339 331 327 335 333 336 326 337 324 325 334 328 330 369 367 51 0 
0 321 484 486 84 82 80 478 116 470 469 467 183 471 473 447 445 440 443 438 442 182 208 459 457 0 
0 51 90 367 369 330 329 328 326 334 332 324 337 336 333 327 335 331 339 356 323 359 358 454 55 455 480 0 
0 321 484 84 82 80 478 116 470 469 467 183 471 473 447 445 440 443 438 442 208 182 459 457 480 0 
0 321 484 84 82 80 478 116 470 467 469 183 471 473 441 439 444 443 438 442 182 208 459 457 0 
0 321 484 84 82 80 478 116 470 469 467 183 471 473 441 439 444 443 438 442 182 208 459 457 0 
0 321 477 78 489 80 81 478 116 470 469 467 472 183 471 439 446 493 475 484 0 
0 321 484 477 78 489 80 478 116 470 469 467 183 471 473 441 439 444 443 438 182 208 457 0 
0 480 454 55 358 359 356 323 329 328 326 337 324 332 334 325 336 333 327 335 331 339 360 455 51 0 
0 480 454 55 358 359 323 356 339 335 327 331 333 336 326 334 325 332 337 324 328 329 360 455 51 0 
0 480 454 55 358 359 356 323 329 328 326 337 324 332 334 325 336 333 331 335 327 339 360 455 51 0 
0 159 480 455 360 339 335 327 331 333 336 328 334 325 332 324 337 323 356 359 358 55 454 51 0 
0 480 454 55 358 359 323 356 338 198 325 334 332 337 324 328 336 333 331 327 335 339 360 455 51 0 
0 480 454 55 358 359 323 356 338 198 325 334 332 324 337 328 336 333 331 327 335 339 360 455 51 0 
0 321 484 84 82 80 478 116 470 469 467 183 471 473 447 445 440 443 438 442 208 182 459 457 159 0 
0 321 484 84 82 80 478 116 470 469 467 183 471 473 447 445 440 443 438 442 208 182 459 457 479 0 
0 321 484 84 82 80 478 116 470 469 467 183 471 473 447 445 440 443 438 442 208 182 459 457 480 0 
0 321 477 489 80 478 116 470 467 469 183 471 473 441 447 445 440 443 438 442 182 208 459 457 159 0 
0 321 477 78 489 80 81 478 116 470 469 467 472 183 471 439 446 493 475 484 0 
0 321 484 477 78 489 80 478 116 470 467 469 183 471 473 441 439 444 446 493 475 479 0 
0 321 477 78 489 80 82 478 116 470 469 467 183 471 473 441 439 444 443 438 208 182 457 0 
0 321 484 84 82 80 478 116 470 469 467 183 471 473 441 447 445 440 443 438 442 208 182 459 457 0 
0 321 477 78 489 80 478 116 470 469 467 183 471 473 441 447 445 440 443 438 442 208 182 459 457 0 
0 321 477 78 489 82 478 116 470 469 467 183 471 473 441 440 443 438 442 208 182 459 457 0 
0 480 455 55 454 360 359 323 356 339 331 335 327 333 336 325 334 332 337 324 328 329 330 369 367 51 0 
0 480 455 55 454 358 359 323 356 339 331 335 327 333 336 325 334 332 337 324 328 329 330 369 367 51 0 
0 321 477 489 80 478 116 470 469 467 183 471 473 441 442 438 443 446 494 493 475 84 82 484 0 
0 321 477 78 489 80 82 478 116 470 469 467 183 471 473 441 439 444 443 438 208 182 457 0 
0 480 92 455 360 339 329 328 324 337 332 334 325 336 333 327 335 331 356 323 358 55 454 51 0 
0 480 92 455 360 329 328 324 337 332 334 325 336 333 335 327 331 339 356 358 55 454 51 0 
0 480 92 455 360 339 331 335 327 333 336 329 328 337 324 325 332 323 356 359 358 55 454 51 0 
0 480 454 55 358 359 323 356 339 326 337 324 332 325 334 329 328 336 333 331 335 327 360 455 51 0 
0 479 84 82 80 478 116 470 469 467 183 471 473 441 447 445 440 443 438 442 208 182 459 457 159 0 
0 321 484 84 82 489 78 477 80 478 116 470 469 467 183 471 447 445 440 443 438 442 182 208 459 457 0 
0 480 454 358 359 356 323 338 198 325 334 332 337 324 329 328 336 333 331 335 327 339 360 455 51 0 
0 480 454 55 358 359 323 356 338 198 325 334 332 324 337 328 336 333 331 335 327 339 360 455 51 0 
0 321 484 84 82 80 478 116 470 469 467 183 471 473 447 445 440 443 438 442 208 182 459 457 479 0 
0 484 84 82 489 477 80 478 116 470 469 467 183 471 473 447 445 440 443 438 442 208 182 459 457 159 0 
0 457 459 182 208 442 438 443 440 445 447 441 473 471 183 467 469 470 116 478 80 82 84 484 321 0 
0 321 484 84 82 80 478 116 470 469 467 183 471 473 441 439 444 443 438 442 182 208 459 457 0 
0 321 484 84 82 80 478 116 470 467 469 183 471 473 441 439 444 443 438 442 182 208 459 457 0 
0 321 484 84 82 80 478 116 470 467 469 183 471 473 441 439 444 443 438 442 208 182 459 457 0 
0 321 477 78 489 80 478 116 470 469 467 183 471 473 441 439 444 443 438 494 493 475 84 82 484 0 
0 321 477 78 489 80 478 116 470 467 469 183 471 473 441 447 445 440 443 438 442 208 182 459 457 0 
0 321 477 78 489 82 478 116 470 469 467 183 471 473 441 440 443 438 442 208 182 459 457 0 
0 480 454 55 358 359 356 323 327 335 331 333 336 329 328 326 324 337 334 325 332 339 360 455 51 0 
0 480 454 55 358 359 323 356 329 328 326 337 324 332 334 325 336 333 331 327 335 339 360 455 51 0 
0 480 454 55 358 359 323 356 339 331 335 327 333 336 325 334 332 324 337 326 328 329 360 455 51 0 
0 480 92 358 359 323 356 322 198 325 334 337 324 328 336 333 331 327 335 339 360 454 55 455 51 0 
0 480 358 359 323 356 198 325 332 324 328 336 333 335 327 360 454 51 0 
0 321 477 78 489 80 478 116 470 469 467 183 471 473 441 439 444 443 438 208 182 459 457 0 
0 321 477 78 489 80 82 84 116 470 469 467 183 471 473 447 445 440 443 438 442 182 208 459 457 0 
0 321 484 84 82 80 478 116 470 469 467 183 471 473 441 447 445 440 443 438 442 182 208 459 457 0 
0 321 484 486 84 82 80 478 116 470 467 469 183 471 473 441 445 440 443 438 442 208 182 457 0 
0 321 484 486 84 82 80 478 116 470 467 469 183 471 473 441 445 440 443 438 442 182 208 457 0 
0 321 484 84 82 80 478 116 470 469 467 183 471 473 441 439 444 443 438 442 182 208 459 457 0 
0 321 484 84 82 80 478 116 470 467 469 183 471 473 441 439 444 443 438 442 182 208 459 457 0 
0 84 82 489 78 477 80 478 116 470 469 467 183 471 473 441 447 445 440 443 438 442 208 182 459 457 0 
0 480 455 55 454 360 359 323 356 339 335 327 331 333 336 325 334 332 337 324 328 329 330 369 367 51 0 
0 480 454 55 358 359 356 323 339 324 337 334 325 332 326 329 328 336 333 331 327 335 360 455 51 0 
0 480 454 55 358 359 323 356 329 328 326 337 324 332 334 325 336 333 331 327 335 339 360 455 51 0 
0 480 454 55 358 359 356 323 327 335 331 333 336 328 329 326 324 337 334 325 332 339 360 455 51 0 
0 480 454 55 358 359 323 356 338 198 325 334 332 337 324 328 336 333 335 327 331 339 360 455 51 0 
0 84 82 489 78 477 80 478 116 470 467 469 183 471 473 441 439 444 440 443 438 442 182 208 459 457 0 
0 484 84 82 489 477 80 478 116 470 467 469 183 471 473 441 447 445 440 443 438 442 182 208 459 457 0 
0 484 84 82 489 78 477 80 478 116 470 467 469 183 471 473 441 439 444 440 443 438 442 182 208 457 0 
0 484 84 82 489 78 477 80 478 116 470 469 467 183 471 473 447 445 440 443 438 442 182 208 459 457 0 
0 321 484 486 84 82 80 478 116 470 469 467 183 471 473 441 445 440 443 438 442 208 182 457 0 
0 321 477 78 489 82 80 81 478 116 470 469 467 183 471 473 446 494 493 475 84 479 486 484 0 
0 321 484 84 82 80 478 116 470 469 467 183 471 473 441 439 444 443 438 442 182 208 459 457 0 
0 321 484 84 82 80 478 116 470 467 469 183 471 473 441 439 444 443 438 442 182 208 459 457 0 
0 321 484 477 78 489 80 478 116 470 469 467 183 471 473 441 439 444 443 438 208 182 457 0 
0 480 454 55 358 359 323 356 339 333 336 325 334 332 324 337 326 329 328 331 327 335 360 455 51 0 
0 480 454 55 358 359 356 323 338 198 325 334 332 337 324 328 336 333 331 327 335 339 360 455 51 0 
0 480 454 55 358 359 323 356 338 198 325 334 332 337 324 328 336 333 331 335 327 339 360 455 51 0 
0 480 454 55 358 359 323 356 338 198 325 334 332 337 324 328 336 333 331 327 335 339 360 455 51 0 
0 321 477 78 489 80 478 116 470 469 467 183 471 473 441 439 444 494 493 475 82 84 479 486 484 0 
0 321 477 78 489 80 478 116 470 467 469 183 471 473 441 439 444 443 438 182 208 459 457 0 
0 159 89 91 374 104 341 107 179 198 325 332 324 336 333 327 335 358 455 51 0 
0 480 92 455 55 454 360 359 356 339 331 327 335 333 336 332 334 337 324 328 329 342 330 369 367 51 0 
0 480 92 455 55 454 360 359 323 356 339 331 327 335 333 336 332 334 337 324 328 329 342 330 367 51 0 
0 480 92 455 55 454 360 359 356 323 339 331 327 335 333 336 334 332 337 324 328 329 342 330 367 51 0 
0 480 92 455 55 454 360 359 356 323 339 335 327 331 333 336 334 332 337 324 328 329 342 330 367 51 0 
0 480 92 455 55 454 360 359 356 323 339 335 327 331 333 336 332 334 337 324 328 329 342 330 367 51 0 
0 480 92 455 55 454 360 359 356 323 339 331 327 335 333 336 332 334 337 324 328 329 342 330 367 51 0 
0 480 92 455 55 454 360 359 323 356 339 335 327 331 333 336 332 334 337 324 328 329 342 330 367 51 0 
0 480 92 455 55 454 360 359 323 356 339 327 335 331 333 336 332 334 337 324 328 329 342 330 367 51 0 
0 480 92 455 55 454 360 359 323 356 339 331 335 327 333 336 332 334 337 324 328 329 342 330 367 51 0 
0 480 92 455 55 454 360 359 323 356 339 331 335 327 333 336 324 337 334 332 328 329 342 330 367 51 0 
0 480 92 455 55 454 360 359 323 356 339 335 327 331 333 336 324 337 334 332 328 329 342 330 367 51 0 
0 480 92 455 55 454 360 359 356 323 339 335 327 331 333 336 324 337 334 332 328 329 342 330 367 51 0 
0 480 92 455 55 454 360 359 356 323 339 331 327 335 333 336 324 337 334 332 328 329 342 330 367 51 0 
0 480 92 455 55 454 360 359 323 356 339 331 327 335 333 336 324 337 334 332 328 329 342 330 367 51 0 
0 480 92 455 55 454 360 359 323 356 339 331 327 335 333 336 337 324 334 332 328 329 342 330 367 51 0 
0 480 92 455 55 454 360 359 323 356 339 335 327 331 333 336 337 324 334 332 328 329 342 330 367 51 0 
0 480 92 455 55 454 360 359 356 323 339 335 327 331 333 336 337 324 334 332 328 329 342 330 367 51 0 
0 480 92 455 55 454 360 359 356 323 339 331 335 327 333 336 337 324 334 332 328 329 342 330 367 51 0 
0 480 92 455 55 454 360 359 356 323 339 331 335 327 333 336 324 337 334 332 328 329 342 330 367 51 0 
0 480 455 55 454 360 359 356 339 331 327 335 333 336 337 324 332 334 326 328 329 342 330 369 367 51 0 
0 480 92 455 55 454 358 359 356 339 331 335 327 333 336 325 334 332 324 337 328 329 330 369 367 51 0 
0 480 92 455 55 454 358 359 356 339 331 327 335 333 336 325 334 332 324 337 328 330 369 367 51 0 
0 480 92 455 454 55 358 359 356 339 331 327 335 333 336 325 334 332 324 337 328 330 369 367 51 0 
0 51 90 367 369 330 329 328 332 325 334 324 337 333 335 327 331 339 356 359 358 55 454 455 480 0 
0 51 90 367 369 330 329 328 332 325 334 324 337 333 335 327 331 339 356 359 358 454 55 455 480 0 
0 51 90 367 369 330 329 328 332 325 334 324 337 333 331 335 327 339 356 359 358 454 55 455 480 0 
0 51 90 367 369 330 329 328 332 325 334 324 337 333 331 327 335 339 356 359 358 454 55 455 480 0 
0 51 90 367 369 330 328 337 324 332 325 334 336 333 335 327 331 339 323 356 359 358 55 454 455 480 0 
0 480 455 454 55 358 359 323 356 339 335 327 331 333 336 334 325 332 324 337 328 330 369 367 90 51 0 
0 480 455 454 55 358 359 323 356 339 331 335 327 333 336 334 325 332 324 337 328 330 369 367 90 51 0 
0 480 455 454 55 358 359 356 323 339 331 335 327 333 336 334 325 332 324 337 328 330 369 367 90 51 0 
0 480 455 454 55 358 359 356 323 339 331 327 335 333 336 334 325 332 324 337 328 330 369 367 90 51 0 
0 480 455 454 55 358 359 323 356 339 331 327 335 333 336 334 325 332 324 337 328 330 369 367 90 51 0 
0 51 90 367 369 330 328 337 324 332 325 334 336 333 335 327 331 339 356 323 359 358 55 454 455 480 0 
0 51 90 367 369 330 328 324 337 332 325 334 336 333 335 327 331 339 356 323 359 358 55 454 455 480 0 
0 51 90 367 369 330 328 324 337 332 325 334 336 333 331 335 327 339 356 323 359 358 55 454 455 480 0 
0 51 90 367 369 330 328 324 337 332 334 325 336 333 331 335 327 339 356 323 359 358 55 454 455 480 0 
0 51 90 367 369 330 328 324 337 332 334 325 336 333 331 335 327 339 356 323 359 358 454 55 455 480 0 
0 51 90 367 369 330 328 324 337 332 334 325 336 333 331 327 335 339 356 323 359 358 454 55 455 480 0 
0 51 90 367 369 330 328 324 337 332 334 325 336 333 331 327 335 339 323 356 359 358 454 55 455 480 0 
0 51 90 367 369 330 328 324 337 332 325 334 336 333 331 327 335 339 323 356 359 358 454 55 455 480 0 
0 51 90 367 369 330 328 337 324 332 325 334 336 333 331 327 335 339 323 356 359 358 454 55 455 480 0 
0 480 455 55 454 358 359 356 323 339 335 327 331 333 336 334 325 332 324 337 328 330 369 367 90 51 0 
0 480 455 55 454 358 359 356 323 339 331 335 327 333 336 334 325 332 324 337 328 330 369 367 90 51 0 
0 480 455 55 454 358 359 356 323 339 331 335 327 333 336 325 334 332 324 337 328 330 369 367 90 51 0 
0 480 455 55 454 358 359 323 356 339 331 335 327 333 336 325 334 332 324 337 328 330 369 367 90 51 0 
0 51 90 367 369 330 328 326 334 325 332 324 337 333 331 327 335 339 356 359 358 454 55 455 480 0 
0 480 455 55 454 358 359 356 339 331 327 335 333 336 326 337 324 332 334 325 328 329 330 369 367 51 0 
0 159 89 91 374 104 341 107 109 342 369 367 330 328 336 333 335 327 358 455 92 480 0 
0 159 89 91 374 104 341 107 109 342 330 367 369 328 336 333 335 327 358 455 92 480 0 
0 159 89 91 374 104 341 107 109 342 330 369 367 328 336 333 335 327 358 455 92 480 0 
0 159 89 91 374 104 341 107 109 342 330 369 367 328 336 333 335 327 358 455 92 480 0 
0 159 89 91 374 104 341 107 109 342 330 367 369 328 336 333 335 327 358 455 92 480 0 
0 159 89 91 374 104 341 107 109 342 330 367 369 328 336 333 327 335 358 455 92 480 0 
0 159 89 91 374 104 341 107 109 342 369 367 330 328 336 333 327 335 358 455 92 480 0 
0 159 89 91 374 104 341 107 109 342 330 369 367 328 336 333 327 335 358 455 92 480 0 
0 87 89 91 374 104 341 107 109 342 369 367 330 328 336 333 335 327 358 455 92 480 0 
0 87 89 91 374 104 341 107 109 342 330 367 369 329 328 336 333 335 327 358 455 92 480 0 
0 87 89 91 374 104 341 107 109 342 330 369 367 328 336 333 335 327 358 455 92 480 0 
0 87 89 91 374 104 341 107 109 342 330 369 367 328 336 333 331 335 327 339 358 455 92 480 0 
0 87 89 91 374 104 341 107 109 342 330 367 369 329 328 336 333 335 327 358 455 92 480 0 
0 87 89 91 374 104 341 107 109 342 330 367 369 329 328 336 333 327 335 339 358 455 92 480 0 
0 87 89 91 374 104 341 107 109 342 369 367 330 328 336 333 327 335 339 358 455 92 480 0 
0 87 89 91 374 104 341 107 109 342 330 369 367 328 336 333 331 327 335 339 358 455 92 480 0 
0 159 89 91 374 104 341 107 109 330 369 367 328 336 333 335 327 356 358 455 51 0 
0 87 89 91 100 374 104 341 107 109 342 329 328 336 333 327 335 356 358 455 480 0 
0 87 89 91 100 374 104 341 107 109 342 329 328 336 333 335 327 356 358 455 480 0 
0 159 89 98 100 374 104 341 107 109 330 328 336 333 335 327 356 358 455 51 0 
0 159 89 98 100 374 104 341 107 109 342 328 336 333 327 335 356 358 480 0 
0 87 89 98 100 374 104 341 107 109 342 328 336 333 331 327 335 339 356 358 455 480 0 
0 480 455 358 359 356 339 335 327 331 333 336 328 329 367 369 330 109 107 341 104 374 91 89 159 0 
0 159 89 98 100 374 104 341 107 109 342 328 336 333 335 327 356 358 51 0 
0 159 89 91 374 104 341 107 109 342 330 367 369 328 336 333 335 327 358 455 92 480 0 
0 159 89 91 374 104 341 107 109 342 330 367 369 328 336 333 335 327 358 455 92 480 0 
0 159 89 91 374 104 341 107 109 342 330 367 369 328 336 333 327 335 358 455 92 480 0 
0 159 89 91 374 104 341 107 109 342 332 324 336 333 327 335 358 455 51 0 
0 159 89 91 374 104 341 107 179 198 325 332 324 336 333 327 335 358 455 51 0 
0 159 89 91 374 104 341 107 179 198 325 332 324 336 333 335 327 358 455 51 0 
0 159 89 91 374 104 341 107 179 198 325 332 324 336 333 335 327 358 455 51 0 
0 159 89 91 374 104 341 107 179 198 325 332 324 336 333 327 335 358 455 51 0 
0 159 89 91 374 104 341 107 109 329 328 332 324 336 333 335 327 358 455 51 0 
0 159 89 91 374 104 341 107 109 329 328 332 324 336 333 327 335 358 455 51 0 
0 480 92 455 55 454 358 359 356 339 331 327 335 333 336 337 324 334 325 332 328 329 330 369 367 51 0 
0 480 455 55 454 358 359 356 323 339 331 335 327 333 336 337 324 334 325 332 328 329 330 369 367 51 0 
0 480 92 455 55 454 358 359 323 356 339 331 327 335 333 336 326 337 324 332 334 325 328 369 367 51 0 
0 480 92 455 55 454 358 359 323 356 339 331 335 327 333 336 326 337 324 332 334 325 328 369 367 51 0 
0 480 92 455 55 454 358 359 356 323 339 331 335 327 333 336 326 337 324 332 334 325 328 369 367 51 0 
0 480 92 455 55 454 358 359 356 323 339 331 327 335 333 336 326 337 324 332 334 325 328 369 367 51 0 
0 480 92 455 55 454 358 359 356 323 339 335 327 331 333 336 326 337 324 332 334 325 328 369 367 51 0 
0 480 92 455 454 55 358 359 356 323 339 335 327 331 333 336 326 337 324 332 334 325 328 369 367 51 0 
0 480 92 455 454 55 358 359 356 323 339 331 335 327 333 336 326 337 324 332 334 325 328 369 367 51 0 
0 480 92 455 454 55 358 359 323 356 339 331 335 327 333 336 326 337 324 332 334 325 328 369 367 51 0 
0 480 92 455 454 55 358 359 323 356 339 331 327 335 333 336 326 337 324 332 334 325 328 369 367 51 0 
0 480 92 455 454 55 358 359 323 356 339 335 327 331 333 336 326 337 324 332 334 325 328 369 367 51 0 
0 480 92 455 55 454 358 359 323 356 339 327 335 331 333 336 326 337 324 332 334 325 328 369 367 51 0 
0 480 92 455 55 454 358 359 356 323 339 327 335 331 333 336 326 337 324 332 334 325 328 369 367 51 0 
0 480 92 455 55 454 358 359 323 356 339 335 327 331 333 336 326 337 324 332 334 325 328 369 367 51 0 
0 480 92 455 55 454 358 359 323 356 339 331 327 335 333 336 326 337 324 332 334 325 328 330 367 51 0 
0 480 92 455 55 454 358 359 323 356 339 331 335 327 333 336 326 337 324 332 334 325 328 330 367 51 0 
0 480 92 455 55 454 358 359 356 323 339 331 335 327 333 336 326 337 324 332 334 325 328 330 367 51 0 
0 480 92 455 55 454 358 359 356 323 339 331 327 335 333 336 326 337 324 332 334 325 328 330 367 51 0 
0 480 92 455 55 454 358 359 356 323 339 335 327 331 333 336 326 337 324 332 334 325 328 330 367 51 0 
0 480 92 455 454 55 358 359 356 323 339 335 327 331 333 336 326 337 324 332 334 325 328 330 367 51 0 
0 480 92 455 454 55 358 359 356 323 339 331 335 327 333 336 326 337 324 332 334 325 328 330 367 51 0 
0 480 92 455 454 55 358 359 323 356 339 331 335 327 333 336 326 337 324 332 334 325 328 330 367 51 0 
0 480 92 455 454 55 358 359 323 356 339 331 327 335 333 336 326 337 324 332 334 325 328 330 367 51 0 
0 480 92 455 454 55 358 359 323 356 339 335 327 331 333 336 326 337 324 332 334 325 328 330 367 51 0 
0 480 92 455 55 454 358 359 323 356 339 335 327 331 333 336 326 337 324 332 334 325 328 330 367 51 0 
0 480 92 455 55 454 358 359 356 323 339 327 335 331 333 336 326 337 324 332 334 325 328 330 367 51 0 
0 480 92 455 55 454 358 359 323 356 339 327 335 331 333 336 326 337 324 332 334 325 328 330 367 51 0 
0 480 92 463 454 55 358 359 356 339 335 327 331 333 336 328 324 337 332 334 325 360 455 51 0 
0 480 455 55 454 358 359 356 323 339 331 335 327 333 336 337 324 332 325 334 326 328 330 369 367 51 0 
0 480 55 454 366 367 330 328 324 337 332 334 325 336 333 331 327 335 339 356 323 359 358 455 51 0 
0 480 55 454 367 330 328 324 337 332 334 325 336 333 331 327 335 339 356 359 360 358 455 51 0 
0 159 89 91 374 104 341 107 109 342 369 367 330 328 336 333 327 335 358 455 92 480 0 
0 159 89 91 374 104 341 107 109 342 369 367 330 328 336 333 335 327 358 455 92 480 0 
0 159 89 91 374 104 341 107 109 342 330 369 367 328 336 333 335 327 358 455 92 480 0 
0 159 89 91 374 104 341 107 109 342 330 367 369 328 336 333 335 327 358 455 92 480 0 
0 159 89 91 374 104 341 107 109 342 330 367 369 328 336 333 327 335 358 455 92 480 0 
0 159 89 91 374 104 341 107 109 342 330 367 369 328 336 333 327 335 358 455 92 480 0 
0 159 89 91 374 104 341 107 109 342 330 367 369 328 336 333 335 327 358 455 92 480 0 
0 159 89 91 374 104 341 107 109 342 369 367 330 328 336 333 335 327 358 455 92 480 0 
0 159 89 91 374 104 341 107 109 342 369 367 330 328 336 333 327 335 358 455 92 480 0 
0 159 89 91 374 104 341 107 109 342 330 369 367 328 336 333 327 335 358 455 92 480 0 
0 159 89 91 374 104 341 107 109 342 330 369 367 328 336 333 327 335 358 455 92 480 0 
0 159 89 91 374 104 341 107 109 342 330 369 367 328 336 333 335 327 358 455 92 480 0 
0 159 89 91 374 104 341 107 109 342 367 369 330 328 336 333 335 327 358 455 92 480 0 
0 159 89 91 374 104 341 107 109 342 367 369 330 328 336 333 335 327 358 455 92 480 0 
0 159 89 91 374 104 341 107 109 342 367 369 330 328 336 333 327 335 358 455 92 480 0 
0 87 89 91 374 104 341 107 109 342 369 367 330 328 336 333 327 335 339 358 455 92 480 0 
0 87 89 91 374 104 341 107 109 342 330 369 367 328 336 333 335 327 358 455 92 480 0 
0 87 89 91 374 104 341 107 109 342 330 367 369 329 328 336 333 335 327 358 455 92 480 0 
0 87 89 91 374 104 341 107 109 342 330 367 369 329 328 336 333 327 335 339 358 455 92 480 0 
0 87 89 91 374 104 341 107 109 342 330 367 369 329 328 336 333 327 335 339 358 455 92 480 0 
0 87 89 91 374 104 341 107 109 342 330 367 369 329 328 336 333 335 327 358 455 92 480 0 
0 87 89 91 374 104 341 107 109 342 369 367 330 328 336 333 335 327 358 455 92 480 0 
0 87 89 91 374 104 341 107 109 342 369 367 330 328 336 333 335 327 358 455 92 480 0 
0 87 89 91 374 104 341 107 109 342 369 367 330 328 336 333 327 335 339 358 455 92 480 0 
0 87 89 91 374 104 341 107 109 342 330 369 367 328 336 333 327 335 339 358 455 92 480 0 
0 87 89 91 374 104 341 107 109 342 330 369 367 328 336 333 331 335 327 339 358 455 92 480 0 
0 87 89 91 374 104 341 107 109 342 330 369 367 328 336 333 331 327 335 339 358 455 92 480 0 
0 87 89 91 374 104 341 107 109 342 367 369 330 328 336 333 335 327 358 455 92 480 0 
0 87 89 91 374 104 341 107 109 342 367 369 330 328 336 333 335 327 358 455 92 480 0 
0 87 89 91 374 104 341 107 109 342 367 369 330 328 336 333 327 335 339 358 455 92 480 0 
0 159 89 98 100 374 104 341 107 109 330 328 336 333 327 335 356 358 455 51 0 
0 159 89 98 100 374 104 341 107 109 330 328 336 333 335 327 356 358 455 51 0 
0 159 89 98 100 374 104 341 107 109 330 328 336 333 335 327 356 358 455 51 0 
0 90 51 455 358 359 356 335 327 331 333 336 328 109 107 104 89 87 0 
0 159 89 91 374 104 341 107 109 342 328 332 324 336 333 327 335 358 455 51 0 
0 159 89 91 100 374 104 341 107 109 342 367 330 328 336 333 327 335 358 455 51 0 
0 87 89 91 374 104 341 107 109 342 328 332 324 336 333 335 327 358 455 51 0 
0 87 89 91 374 104 341 107 109 329 328 324 337 332 334 336 333 335 327 358 455 51 0 
0 480 455 358 359 356 339 331 327 335 333 332 334 337 324 328 109 107 341 104 374 91 159 0 
0 159 89 91 374 104 341 107 109 342 330 367 369 328 336 333 335 327 358 455 92 480 0 
0 159 89 91 374 104 341 107 109 342 330 369 367 328 336 333 335 327 358 455 92 480 0 
0 159 89 91 374 104 341 107 109 342 330 369 367 328 336 333 327 335 358 455 92 480 0 
0 159 89 91 374 104 341 107 109 342 330 367 369 328 336 333 327 335 358 455 92 480 0 
0 159 89 91 374 104 341 107 109 342 330 367 369 328 336 333 335 327 358 455 92 480 0 
0 159 89 91 374 104 341 107 109 342 330 367 369 328 336 333 327 335 358 455 92 480 0 
0 159 89 91 374 104 341 107 109 342 369 367 330 328 336 333 327 335 358 455 92 480 0 
0 159 89 91 374 104 341 107 109 342 367 369 330 328 336 333 327 335 358 455 92 480 0 
0 159 89 91 374 104 341 107 109 342 367 369 330 328 336 333 327 335 358 455 92 480 0 
0 159 89 91 374 104 341 107 109 342 367 369 330 328 336 333 335 327 358 455 92 480 0 
0 159 89 91 374 104 341 107 109 342 367 369 330 328 336 333 335 327 358 455 92 480 0 
0 159 89 91 374 104 341 107 109 342 369 367 330 328 336 333 335 327 358 455 92 480 0 
0 159 89 91 374 104 341 107 109 342 369 367 330 328 336 333 327 335 358 455 92 480 0 
0 159 89 91 374 104 341 107 109 342 369 367 330 328 336 333 335 327 358 455 92 480 0 
0 159 89 91 374 104 341 107 109 367 369 330 328 336 333 327 335 356 358 455 51 0 
0 159 89 91 374 104 341 107 109 342 367 369 328 336 333 327 335 356 358 0 
0 87 89 91 100 374 104 341 109 342 329 328 336 333 335 327 356 358 455 480 0 
0 87 89 98 100 374 104 341 107 109 342 328 336 333 327 335 339 356 358 455 480 0 
0 159 89 98 100 374 104 341 107 109 328 324 336 333 335 327 356 358 0 
0 159 89 98 100 374 104 341 107 109 328 324 336 333 327 335 356 358 0 
0 159 89 98 100 374 104 341 107 109 328 324 336 333 327 335 356 358 0 
0 159 89 98 100 374 104 341 107 109 328 324 336 333 335 327 356 358 0 
0 159 89 98 100 374 104 341 107 109 328 324 336 333 335 327 356 358 0 
0 159 89 98 100 374 104 341 107 109 328 324 336 333 335 327 356 358 0 
0 87 89 98 100 374 104 341 107 109 328 324 336 333 335 327 356 358 455 480 0 
0 87 89 98 100 374 104 341 107 109 328 324 336 333 327 335 356 358 455 480 0 
0 87 89 98 100 374 104 341 107 109 328 324 336 333 327 335 356 358 455 480 0 
0 87 89 98 100 374 104 341 107 109 328 324 336 333 335 327 356 358 455 480 0 
0 87 89 98 100 374 104 341 107 109 328 324 336 333 335 327 356 358 455 51 0 
0 87 89 98 100 374 104 341 107 109 328 324 336 333 335 327 356 358 455 51 0 
0 480 455 358 359 356 339 327 335 331 333 336 328 329 367 369 330 109 107 341 104 374 91 89 159 0 
0 159 91 374 104 341 107 109 342 330 369 367 328 336 333 335 327 356 360 0 
0 87 89 98 100 374 104 341 107 109 342 329 328 336 333 335 327 356 358 455 51 0 
0 87 89 91 374 104 341 107 367 369 330 329 328 336 333 331 335 327 339 356 358 55 455 480 0 
0 51 455 358 359 356 339 327 335 331 333 336 329 330 367 369 342 109 107 341 104 374 91 89 159 0 
0 51 455 358 359 323 356 339 331 335 327 333 336 329 330 367 342 109 107 341 104 374 91 89 159 0 
0 51 455 358 359 356 323 339 331 335 327 333 336 329 330 367 342 109 107 341 104 374 91 89 159 0 
0 51 455 358 359 356 323 339 331 335 327 333 336 328 329 342 330 369 367 107 341 104 374 91 89 159 0 
0 51 455 358 359 323 356 339 331 335 327 333 336 328 329 342 330 369 367 107 341 104 374 91 89 159 0 
0 51 455 358 359 323 356 339 331 327 335 333 336 328 329 342 330 369 367 107 341 104 374 91 89 159 0 
0 51 455 358 359 356 323 339 331 327 335 333 336 328 329 342 330 369 367 107 341 104 374 91 89 159 0 
0 51 455 358 359 356 323 339 335 327 331 333 336 328 329 342 330 369 367 107 341 104 374 91 89 159 0 
0 51 455 358 359 323 356 339 335 327 331 333 336 328 329 342 330 369 367 107 341 104 374 91 89 159 0 
0 51 455 358 359 323 356 339 327 335 331 333 336 328 329 342 330 369 367 107 341 104 374 91 89 159 0 
0 51 455 358 359 356 323 339 327 335 331 333 336 328 329 342 330 369 367 107 341 104 374 91 89 159 0 
0 159 89 91 374 104 341 107 109 367 369 330 328 336 333 335 327 356 358 51 0 
0 159 89 91 374 104 341 107 109 369 367 330 328 336 333 327 335 356 358 455 51 0 
0 159 89 91 374 104 341 107 109 342 369 367 330 328 336 333 327 335 356 358 51 0 
0 159 89 91 374 104 341 107 109 342 330 367 369 328 336 333 327 335 356 358 51 0 
0 159 89 91 374 104 341 107 109 342 330 367 369 328 336 333 335 327 356 358 51 0 
0 159 89 91 374 104 341 107 109 342 369 367 330 328 336 333 335 327 356 358 0 
0 51 455 358 359 356 339 327 335 331 333 336 328 330 367 369 342 109 107 341 104 374 91 89 159 0 
0 51 455 358 359 323 356 339 327 335 331 333 336 328 330 367 342 109 107 341 104 374 91 89 159 0 
0 51 455 358 359 356 323 339 331 335 327 333 336 328 330 367 342 109 107 341 104 374 91 89 159 0 
0 87 89 91 374 104 341 107 109 342 369 367 330 328 336 333 327 335 339 356 358 455 51 0 
0 87 89 91 374 104 341 107 109 342 330 367 369 328 336 333 331 327 335 339 356 358 455 51 0 
0 87 89 91 374 104 341 107 109 342 330 367 369 328 336 333 331 335 327 339 356 358 455 51 0 
0 87 89 91 374 104 341 107 109 342 369 367 330 328 336 333 335 327 356 358 455 51 0 
0 87 89 91 100 374 104 341 107 109 342 329 328 336 333 335 327 356 358 455 51 0 
0 87 89 91 100 374 104 341 107 109 342 329 328 336 333 327 335 339 356 358 455 51 0 
0 159 89 98 100 374 104 341 107 109 342 328 336 333 335 327 356 358 51 0 
0 87 89 98 100 374 104 341 107 109 342 329 328 336 333 335 327 356 358 455 51 0 
0 87 89 98 100 374 104 341 107 109 367 330 328 333 335 327 356 358 455 51 0 
0 159 89 91 374 104 341 107 109 342 367 330 328 336 333 335 327 358 55 455 51 0 
0 159 89 91 374 104 341 107 109 342 367 369 330 328 336 333 335 327 356 358 51 0 
0 159 89 91 374 104 341 107 109 342 367 369 330 328 336 333 327 335 356 358 51 0 
0 87 89 91 374 104 341 107 109 342 367 369 330 328 336 333 335 327 356 358 455 51 0 
0 87 89 91 100 374 104 341 107 109 367 369 330 328 336 333 335 327 356 358 455 51 0 
0 87 89 91 100 374 104 341 107 108 367 369 330 328 336 333 327 335 356 358 455 51 0 
0 87 89 91 100 374 104 341 107 109 329 328 336 333 327 335 331 339 323 356 359 358 455 480 0 
0 87 89 98 100 374 104 341 107 109 329 328 336 333 331 327 335 339 323 356 359 358 455 480 0 
0 87 89 98 100 374 104 341 107 109 329 328 336 333 331 327 335 339 356 323 359 358 455 480 0 
0 87 89 98 100 374 104 341 107 109 329 328 336 333 331 335 327 339 356 323 359 358 455 480 0 
0 87 89 98 100 374 104 341 107 109 329 328 336 333 327 335 331 339 356 323 359 358 455 480 0 
0 87 89 98 100 374 104 341 107 109 329 328 336 333 327 335 331 339 323 356 359 358 455 480 0 
0 90 51 455 358 359 356 339 335 327 333 336 328 109 107 104 89 87 0 
0 159 89 91 374 104 341 107 109 342 367 369 328 336 333 335 327 356 358 51 0 
0 159 89 98 100 374 104 341 107 109 328 336 333 327 335 356 358 0 
0 159 89 98 100 374 104 341 107 109 330 328 336 333 327 335 356 358 455 51 0 
0 484 486 479 84 82 475 493 494 446 447 445 441 473 471 183 472 467 469 470 116 478 81 80 489 477 0 
0 484 486 479 84 82 475 493 494 446 447 445 441 473 471 183 472 469 467 470 116 478 80 477 0 
0 484 486 479 84 82 475 493 494 446 447 445 441 473 471 183 469 467 470 116 478 81 80 489 78 477 321 0 
0 321 477 78 489 80 81 478 116 470 467 469 183 471 473 441 446 494 493 475 82 84 479 486 484 0 
0 321 477 78 489 82 80 81 478 116 470 467 469 183 471 473 446 494 493 475 84 479 486 484 0 
0 321 477 78 489 82 80 81 478 116 470 469 467 183 471 473 446 494 493 475 84 479 486 484 0 
0 486 479 84 475 493 494 446 447 445 441 473 471 183 467 469 470 116 478 81 80 489 78 477 82 484 321 0 
0 321 477 78 489 80 81 478 116 470 469 467 183 471 473 441 446 494 493 475 82 84 479 486 484 0 
0 484 486 479 84 82 475 493 494 446 447 445 441 473 471 183 467 469 470 116 478 81 80 489 78 477 321 0 
0 484 486 479 84 475 493 494 446 447 445 441 473 471 183 467 469 470 116 478 81 80 82 489 78 477 321 0 
0 484 486 479 84 475 493 494 446 447 445 441 473 471 183 469 467 470 116 478 81 80 82 489 78 477 321 0 
0 486 479 84 475 493 494 446 447 445 441 473 471 183 469 467 470 116 478 81 80 489 78 477 82 484 321 0 
0 486 479 84 475 493 494 446 447 445 441 473 471 183 469 467 470 116 478 81 80 477 78 489 82 484 321 0 
0 486 479 84 475 493 494 446 447 445 441 473 471 183 467 469 470 116 478 81 80 477 78 489 82 484 321 0 
0 484 486 479 84 82 475 493 494 446 447 445 441 473 471 183 472 469 467 470 116 478 80 78 477 0 
0 321 477 78 489 80 478 116 470 467 469 472 183 471 473 441 446 494 493 475 82 84 479 486 484 0 
0 321 477 78 489 80 478 116 470 469 467 472 183 471 473 441 446 494 493 475 82 84 479 486 484 0 
0 321 484 477 78 489 80 81 478 116 470 467 469 472 183 471 446 494 493 475 82 84 479 0 
0 321 484 477 78 489 80 81 478 116 470 469 467 472 183 471 446 494 493 475 82 84 479 0 
0 321 477 78 489 80 81 478 116 470 469 467 472 183 471 439 446 493 475 484 0 
0 321 477 78 489 80 81 478 116 470 467 469 472 183 471 439 446 493 475 484 0 
0 321 484 477 78 489 80 82 84 479 480 51 90 102 91 89 87 483 0 
0 321 477 78 489 80 82 84 479 480 51 90 102 373 89 87 483 0 
0 321 484 477 78 489 80 82 84 479 480 51 90 102 99 89 87 0 
0 159 89 91 374 104 341 107 109 369 367 330 328 336 333 335 327 356 358 51 0 
0 159 89 91 374 104 341 107 109 369 367 330 328 336 333 335 327 356 358 51 0 
0 159 89 91 374 104 341 107 109 330 369 367 328 336 333 335 327 356 358 455 51 0 
0 159 89 91 100 374 104 341 107 109 367 330 328 336 333 335 327 356 358 0 
0 159 89 91 100 374 104 341 107 109 367 330 328 336 333 327 335 356 358 51 0 
0 159 89 91 100 374 104 341 107 109 367 330 328 336 333 327 335 356 358 51 0 
0 87 89 91 100 374 104 341 107 109 367 330 328 336 333 327 335 356 358 455 51 0 
0 87 89 91 100 374 104 341 107 109 367 330 328 336 333 327 335 356 358 455 51 0 
0 87 89 91 100 374 104 341 107 109 369 367 330 328 333 335 327 356 358 455 51 0 
0 87 89 91 100 374 104 341 107 109 369 367 330 328 333 327 335 356 358 455 51 0 
0 87 89 91 100 374 104 341 107 109 367 369 330 328 333 327 335 356 358 455 51 0 
0 87 89 91 100 374 104 341 107 109 367 330 328 333 335 327 356 358 455 51 0 
0 159 89 98 100 374 104 341 107 109 367 330 328 333 335 327 356 358 0 
0 87 89 91 100 374 104 341 107 109 328 324 336 333 327 335 356 358 455 51 0 
0 87 89 91 100 374 104 341 107 109 328 324 336 333 327 335 356 358 455 51 0 
0 159 89 98 100 374 104 341 107 109 328 324 336 333 327 335 356 358 0 
0 159 89 98 100 374 104 341 107 109 328 324 336 333 335 327 356 358 0 
0 159 89 98 100 374 104 341 107 109 328 324 336 333 335 327 356 358 0 
0 159 89 98 100 374 104 341 107 109 328 324 336 333 327 335 356 358 0 
0 87 89 98 100 374 104 341 107 109 367 330 328 333 335 327 356 358 455 51 0 
0 87 89 98 100 374 104 341 107 109 328 324 336 333 327 335 356 358 455 51 0 
0 87 89 98 100 374 104 341 107 109 328 324 336 333 335 327 356 358 455 51 0 
0 87 89 98 100 374 104 341 107 109 328 324 336 333 335 327 356 358 455 51 0 
0 87 89 98 100 374 104 341 107 109 328 324 336 333 327 335 356 358 455 51 0 
0 87 89 91 374 104 341 107 109 367 330 328 336 333 335 327 331 339 356 358 455 51 0 
0 159 89 91 374 104 341 107 367 369 330 342 328 336 333 335 327 356 358 455 51 0 
0 159 89 91 374 104 341 107 109 342 367 330 328 336 333 327 335 356 358 51 0 
0 159 89 91 374 104 341 107 109 329 328 324 333 327 335 356 358 455 480 0 
0 480 92 455 55 454 360 359 356 339 331 327 335 333 336 334 332 324 337 328 329 342 330 369 367 51 0 
0 480 92 455 55 454 360 359 356 339 331 327 335 333 336 332 334 337 324 328 329 342 330 369 367 51 0 
0 480 92 455 55 454 360 359 323 356 339 331 327 335 333 336 332 334 337 324 328 329 342 330 367 51 0 
0 480 92 455 55 454 360 359 323 356 339 331 327 335 333 336 334 332 337 324 328 329 342 330 367 51 0 
0 480 92 455 55 454 360 359 356 323 339 335 327 331 333 336 334 332 337 324 328 329 342 330 367 51 0 
0 480 92 455 55 454 360 359 356 323 339 335 327 331 333 336 332 334 337 324 328 329 342 330 367 51 0 
0 480 92 455 55 454 360 359 356 323 339 331 335 327 333 336 332 334 337 324 328 329 342 330 367 51 0 
0 480 92 455 55 454 360 359 356 323 339 327 335 331 333 336 332 334 337 324 328 329 342 330 367 51 0 
0 480 92 455 55 454 358 359 356 323 339 331 335 327 333 336 326 337 324 332 334 325 328 330 367 51 0 
0 480 92 455 55 454 358 359 323 356 339 331 335 327 333 336 326 337 324 332 334 325 328 330 367 51 0 
0 480 92 455 55 454 358 359 323 356 339 335 327 331 333 336 326 337 324 332 334 325 328 330 367 51 0 
0 480 92 455 55 454 358 359 323 356 339 327 335 331 333 336 326 337 324 332 334 325 328 330 367 51 0 
0 480 92 455 55 454 358 359 323 356 339 331 327 335 333 336 326 337 324 332 334 325 328 330 367 51 0 
0 480 92 455 55 454 358 359 356 323 339 331 327 335 333 336 326 337 324 332 334 325 328 330 367 51 0 
0 480 92 455 454 55 358 359 323 356 339 331 327 335 333 336 326 337 324 332 334 325 328 330 367 51 0 
0 480 92 455 454 55 358 359 356 323 339 331 327 335 333 336 326 337 324 332 334 325 328 330 367 51 0 
0 480 92 455 454 55 358 359 356 323 339 335 327 331 333 336 326 337 324 332 334 325 328 330 367 51 0 
0 480 92 455 55 454 358 359 356 323 339 335 327 331 333 336 326 337 324 332 334 325 328 330 367 51 0 
0 480 92 455 55 454 358 359 356 323 339 327 335 331 333 336 326 337 324 332 334 325 328 330 367 51 0 
0 480 92 455 454 55 358 359 356 323 339 331 335 327 333 336 326 337 324 332 334 325 328 330 367 51 0 
0 480 92 455 454 55 358 359 323 356 339 331 335 327 333 336 326 337 324 332 334 325 328 330 367 51 0 
0 480 92 455 454 55 358 359 323 356 339 327 335 331 333 336 326 337 324 332 334 325 328 330 367 51 0 
0 480 92 455 454 55 358 359 356 323 339 327 335 331 333 336 326 337 324 332 334 325 328 330 367 51 0 
0 51 90 367 369 330 329 328 324 332 325 334 333 331 327 335 339 356 359 358 454 55 455 92 480 0 
0 51 90 367 369 330 328 326 324 332 325 334 333 331 327 335 339 356 359 358 454 55 455 92 480 0 
0 480 92 455 55 454 358 359 356 339 327 335 331 333 336 326 337 324 332 334 325 328 330 369 367 51 0 
0 480 92 455 55 454 358 359 356 339 327 335 331 333 336 325 334 332 324 337 328 330 369 367 51 0 
0 480 92 455 55 454 358 359 356 323 339 327 335 331 333 336 325 334 332 324 328 330 369 367 90 51 0 
0 480 92 455 454 55 358 359 356 323 339 327 335 331 333 334 325 332 324 337 328 330 369 367 51 0 
