865
366.0 874.0 
348.0 848.0 
378.0 860.0 
378.0 871.0 
354.0 840.0 
360.0 839.0 
384.0 809.0 
366.0 788.0 
426.0 886.0 
396.0 818.0 
402.0 782.0 
378.0 755.0 
390.0 740.0 
366.0 662.0 
444.0 825.0 
372.0 652.0 
408.0 725.0 
456.0 720.0 
480.0 736.0 
450.0 727.0 
378.0 592.0 
462.0 712.0 
504.0 617.0 
540.0 691.0 
552.0 669.0 
528.0 599.0 
558.0 674.0 
492.0 592.0 
522.0 611.0 
552.0 576.0 
588.0 646.0 
648.0 692.0 
636.0 602.0 
612.0 629.0 
672.0 664.0 
594.0 597.0 
600.0 585.0 
492.0 502.0 
402.0 728.0 
624.0 663.0 
366.0 874.0 
378.0 906.0 
372.0 838.0 
390.0 828.0 
372.0 795.0 
420.0 884.0 
378.0 787.0 
408.0 749.0 
420.0 804.0 
372.0 749.0 
366.0 662.0 
408.0 717.0 
408.0 717.0 
420.0 756.0 
426.0 745.0 
456.0 722.0 
438.0 743.0 
432.0 696.0 
462.0 593.0 
456.0 752.0 
450.0 711.0 
486.0 675.0 
432.0 642.0 
486.0 636.0 
564.0 718.0 
420.0 617.0 
552.0 637.0 
474.0 605.0 
510.0 614.0 
546.0 579.0 
552.0 576.0 
618.0 661.0 
594.0 597.0 
528.0 508.0 
606.0 587.0 
672.0 664.0 
594.0 597.0 
600.0 585.0 
606.0 582.0 
576.0 561.0 
546.0 491.0 
546.0 596.0 
300.0 788.0 
366.0 874.0 
378.0 906.0 
372.0 838.0 
390.0 828.0 
390.0 826.0 
408.0 857.0 
396.0 816.0 
402.0 815.0 
342.0 684.0 
402.0 780.0 
366.0 662.0 
384.0 693.0 
372.0 652.0 
402.0 729.0 
372.0 604.0 
450.0 677.0 
480.0 787.0 
408.0 661.0 
486.0 637.0 
378.0 592.0 
468.0 697.0 
486.0 640.0 
522.0 563.0 
528.0 599.0 
606.0 709.0 
612.0 708.0 
540.0 534.0 
546.0 579.0 
552.0 576.0 
618.0 661.0 
552.0 525.0 
516.0 519.0 
606.0 587.0 
576.0 617.0 
546.0 491.0 
672.0 664.0 
642.0 646.0 
600.0 585.0 
528.0 514.0 
366.0 874.0 
378.0 906.0 
372.0 838.0 
384.0 808.0 
390.0 826.0 
342.0 774.0 
390.0 722.0 
432.0 835.0 
366.0 662.0 
438.0 830.0 
348.0 623.0 
474.0 801.0 
456.0 765.0 
456.0 720.0 
480.0 703.0 
438.0 732.0 
498.0 773.0 
414.0 604.0 
462.0 708.0 
474.0 611.0 
510.0 611.0 
480.0 543.0 
546.0 676.0 
630.0 703.0 
552.0 576.0 
552.0 631.0 
546.0 549.0 
672.0 664.0 
642.0 646.0 
642.0 646.0 
630.0 603.0 
600.0 585.0 
450.0 670.0 
504.0 617.0 
444.0 545.0 
582.0 559.0 
648.0 692.0 
366.0 874.0 
372.0 838.0 
390.0 826.0 
408.0 857.0 
384.0 822.0 
402.0 782.0 
414.0 843.0 
396.0 732.0 
366.0 662.0 
420.0 755.0 
444.0 717.0 
420.0 656.0 
348.0 685.0 
390.0 690.0 
456.0 722.0 
378.0 596.0 
504.0 729.0 
468.0 708.0 
468.0 606.0 
522.0 668.0 
510.0 611.0 
492.0 635.0 
528.0 600.0 
570.0 659.0 
552.0 576.0 
618.0 661.0 
528.0 615.0 
606.0 587.0 
636.0 602.0 
594.0 597.0 
600.0 585.0 
630.0 603.0 
600.0 535.0 
546.0 596.0 
582.0 559.0 
366.0 874.0 
372.0 838.0 
372.0 795.0 
390.0 823.0 
342.0 774.0 
336.0 683.0 
420.0 804.0 
366.0 662.0 
402.0 738.0 
402.0 729.0 
432.0 653.0 
456.0 720.0 
468.0 760.0 
450.0 676.0 
498.0 771.0 
378.0 592.0 
456.0 612.0 
450.0 523.0 
552.0 684.0 
492.0 537.0 
546.0 581.0 
540.0 542.0 
618.0 611.0 
588.0 604.0 
606.0 587.0 
552.0 544.0 
642.0 646.0 
642.0 646.0 
600.0 585.0 
630.0 603.0 
606.0 582.0 
576.0 561.0 
426.0 659.0 
420.0 554.0 
372.0 595.0 
384.0 587.0 
504.0 581.0 
636.0 699.0 
576.0 614.0 
546.0 596.0 
390.0 536.0 
468.0 557.0 
366.0 874.0 
378.0 906.0 
372.0 838.0 
384.0 809.0 
390.0 826.0 
384.0 822.0 
372.0 734.0 
396.0 818.0 
390.0 740.0 
366.0 662.0 
384.0 693.0 
372.0 652.0 
420.0 656.0 
456.0 779.0 
438.0 688.0 
450.0 625.0 
480.0 703.0 
444.0 724.0 
468.0 751.0 
486.0 675.0 
528.0 657.0 
462.0 618.0 
540.0 548.0 
648.0 692.0 
630.0 605.0 
582.0 553.0 
546.0 491.0 
642.0 646.0 
642.0 646.0 
600.0 585.0 
576.0 561.0 
534.0 602.0 
534.0 602.0 
624.0 663.0 
504.0 529.0 
504.0 529.0 
378.0 906.0 
366.0 874.0 
372.0 838.0 
372.0 795.0 
408.0 841.0 
348.0 710.0 
408.0 821.0 
366.0 696.0 
420.0 804.0 
378.0 702.0 
438.0 736.0 
402.0 738.0 
402.0 688.0 
402.0 729.0 
408.0 725.0 
456.0 712.0 
366.0 548.0 
444.0 724.0 
468.0 655.0 
390.0 589.0 
432.0 642.0 
522.0 701.0 
570.0 747.0 
510.0 611.0 
546.0 631.0 
408.0 527.0 
456.0 633.0 
546.0 579.0 
546.0 529.0 
618.0 661.0 
564.0 563.0 
438.0 506.0 
636.0 602.0 
546.0 491.0 
582.0 608.0 
642.0 646.0 
600.0 585.0 
630.0 603.0 
522.0 512.0 
504.0 617.0 
504.0 617.0 
342.0 813.0 
372.0 838.0 
390.0 826.0 
366.0 803.0 
342.0 774.0 
390.0 823.0 
390.0 722.0 
336.0 683.0 
360.0 765.0 
378.0 744.0 
366.0 662.0 
402.0 738.0 
408.0 738.0 
468.0 756.0 
408.0 564.0 
420.0 612.0 
366.0 610.0 
450.0 727.0 
390.0 589.0 
390.0 600.0 
462.0 618.0 
444.0 545.0 
570.0 621.0 
618.0 661.0 
552.0 525.0 
606.0 587.0 
636.0 602.0 
672.0 664.0 
594.0 597.0 
600.0 585.0 
594.0 537.0 
354.0 842.0 
468.0 769.0 
468.0 615.0 
546.0 596.0 
348.0 842.0 
366.0 874.0 
378.0 906.0 
372.0 838.0 
402.0 848.0 
384.0 783.0 
402.0 818.0 
378.0 755.0 
402.0 780.0 
366.0 662.0 
384.0 693.0 
414.0 764.0 
348.0 623.0 
432.0 751.0 
456.0 720.0 
474.0 742.0 
444.0 626.0 
444.0 724.0 
486.0 637.0 
414.0 561.0 
390.0 575.0 
486.0 630.0 
510.0 611.0 
576.0 688.0 
516.0 606.0 
576.0 696.0 
564.0 658.0 
564.0 658.0 
534.0 541.0 
504.0 630.0 
570.0 621.0 
636.0 602.0 
624.0 614.0 
642.0 646.0 
642.0 646.0 
600.0 585.0 
630.0 603.0 
606.0 582.0 
384.0 809.0 
648.0 692.0 
588.0 604.0 
672.0 664.0 
600.0 642.0 
372.0 908.0 
384.0 903.0 
396.0 898.0 
402.0 896.0 
408.0 891.0 
396.0 854.0 
354.0 714.0 
372.0 753.0 
420.0 841.0 
318.0 609.0 
390.0 740.0 
426.0 811.0 
390.0 696.0 
426.0 706.0 
408.0 735.0 
414.0 729.0 
438.0 747.0 
426.0 717.0 
432.0 713.0 
438.0 704.0 
492.0 747.0 
402.0 580.0 
444.0 597.0 
384.0 553.0 
444.0 606.0 
432.0 554.0 
444.0 592.0 
480.0 609.0 
414.0 518.0 
456.0 575.0 
450.0 533.0 
462.0 569.0 
402.0 478.0 
438.0 490.0 
504.0 625.0 
510.0 619.0 
498.0 549.0 
510.0 539.0 
534.0 566.0 
570.0 575.0 
552.0 544.0 
552.0 544.0 
594.0 597.0 
558.0 636.0 
372.0 860.0 
354.0 832.0 
348.0 772.0 
396.0 826.0 
402.0 824.0 
444.0 875.0 
426.0 843.0 
420.0 807.0 
420.0 803.0 
372.0 651.0 
438.0 799.0 
318.0 601.0 
408.0 630.0 
408.0 622.0 
438.0 701.0 
468.0 769.0 
432.0 700.0 
468.0 762.0 
408.0 572.0 
408.0 572.0 
426.0 609.0 
348.0 477.0 
390.0 546.0 
492.0 643.0 
372.0 567.0 
420.0 561.0 
450.0 533.0 
396.0 588.0 
450.0 533.0 
474.0 560.0 
468.0 567.0 
432.0 514.0 
468.0 524.0 
462.0 582.0 
396.0 511.0 
390.0 520.0 
492.0 558.0 
456.0 545.0 
546.0 602.0 
594.0 597.0 
618.0 571.0 
600.0 580.0 
624.0 554.0 
576.0 623.0 
570.0 629.0 
582.0 565.0 
360.0 840.0 
366.0 836.0 
366.0 806.0 
408.0 858.0 
432.0 885.0 
438.0 882.0 
408.0 815.0 
408.0 767.0 
372.0 658.0 
426.0 804.0 
432.0 799.0 
438.0 797.0 
444.0 748.0 
480.0 807.0 
420.0 721.0 
426.0 715.0 
438.0 647.0 
432.0 665.0 
438.0 600.0 
390.0 547.0 
432.0 650.0 
462.0 680.0 
480.0 659.0 
396.0 531.0 
414.0 624.0 
348.0 533.0 
432.0 542.0 
438.0 536.0 
522.0 614.0 
522.0 568.0 
552.0 598.0 
558.0 592.0 
582.0 662.0 
588.0 655.0 
594.0 649.0 
576.0 623.0 
600.0 652.0 
582.0 568.0 
594.0 597.0 
552.0 646.0 
528.0 565.0 
372.0 913.0 
336.0 850.0 
378.0 909.0 
342.0 846.0 
384.0 904.0 
396.0 903.0 
408.0 902.0 
414.0 886.0 
360.0 772.0 
396.0 745.0 
396.0 728.0 
390.0 742.0 
438.0 802.0 
450.0 787.0 
444.0 793.0 
444.0 748.0 
480.0 807.0 
450.0 735.0 
456.0 729.0 
420.0 568.0 
474.0 712.0 
408.0 572.0 
426.0 609.0 
414.0 572.0 
426.0 610.0 
444.0 592.0 
444.0 589.0 
480.0 609.0 
492.0 645.0 
522.0 660.0 
450.0 586.0 
486.0 654.0 
516.0 578.0 
546.0 599.0 
540.0 602.0 
552.0 640.0 
462.0 481.0 
576.0 617.0 
534.0 560.0 
504.0 545.0 
546.0 556.0 
576.0 620.0 
582.0 565.0 
582.0 568.0 
564.0 522.0 
594.0 586.0 
444.0 645.0 
558.0 593.0 
570.0 630.0 
588.0 548.0 
366.0 911.0 
396.0 903.0 
402.0 899.0 
384.0 832.0 
390.0 829.0 
396.0 826.0 
426.0 846.0 
414.0 812.0 
420.0 807.0 
426.0 804.0 
396.0 746.0 
438.0 793.0 
414.0 733.0 
414.0 716.0 
462.0 770.0 
468.0 766.0 
360.0 529.0 
450.0 695.0 
360.0 529.0 
450.0 695.0 
450.0 641.0 
498.0 692.0 
456.0 583.0 
432.0 553.0 
474.0 614.0 
486.0 649.0 
456.0 628.0 
474.0 622.0 
480.0 613.0 
486.0 601.0 
516.0 578.0 
540.0 602.0 
552.0 640.0 
522.0 573.0 
462.0 478.0 
576.0 620.0 
582.0 568.0 
546.0 502.0 
558.0 474.0 
516.0 578.0 
546.0 599.0 
558.0 531.0 
366.0 841.0 
372.0 835.0 
408.0 846.0 
384.0 825.0 
372.0 738.0 
390.0 819.0 
372.0 787.0 
366.0 716.0 
450.0 874.0 
396.0 780.0 
420.0 806.0 
432.0 797.0 
450.0 827.0 
366.0 656.0 
396.0 681.0 
408.0 630.0 
462.0 774.0 
438.0 692.0 
438.0 692.0 
462.0 721.0 
468.0 715.0 
456.0 678.0 
438.0 548.0 
504.0 698.0 
516.0 724.0 
408.0 633.0 
462.0 576.0 
510.0 634.0 
450.0 546.0 
480.0 567.0 
414.0 529.0 
396.0 491.0 
474.0 560.0 
408.0 538.0 
480.0 554.0 
396.0 491.0 
516.0 572.0 
552.0 631.0 
486.0 597.0 
522.0 560.0 
522.0 511.0 
462.0 478.0 
510.0 536.0 
546.0 556.0 
606.0 640.0 
522.0 511.0 
546.0 488.0 
552.0 532.0 
558.0 526.0 
594.0 535.0 
600.0 652.0 
576.0 623.0 
348.0 848.0 
378.0 817.0 
384.0 808.0 
390.0 770.0 
390.0 829.0 
414.0 850.0 
390.0 732.0 
450.0 874.0 
420.0 809.0 
390.0 732.0 
396.0 728.0 
444.0 825.0 
438.0 792.0 
450.0 787.0 
420.0 658.0 
474.0 805.0 
444.0 649.0 
456.0 729.0 
414.0 627.0 
438.0 752.0 
408.0 734.0 
474.0 659.0 
468.0 617.0 
474.0 608.0 
468.0 722.0 
480.0 616.0 
444.0 591.0 
348.0 533.0 
438.0 644.0 
462.0 627.0 
474.0 607.0 
432.0 613.0 
450.0 586.0 
486.0 654.0 
534.0 649.0 
414.0 522.0 
354.0 442.0 
546.0 599.0 
588.0 656.0 
570.0 582.0 
576.0 576.0 
576.0 623.0 
606.0 641.0 
600.0 652.0 
612.0 635.0 
582.0 565.0 
582.0 568.0 
546.0 598.0 
582.0 664.0 
384.0 896.0 
390.0 892.0 
402.0 890.0 
414.0 881.0 
390.0 785.0 
456.0 874.0 
390.0 684.0 
444.0 828.0 
432.0 796.0 
438.0 799.0 
438.0 748.0 
468.0 763.0 
408.0 630.0 
474.0 760.0 
462.0 728.0 
498.0 787.0 
432.0 665.0 
438.0 600.0 
390.0 547.0 
450.0 685.0 
462.0 680.0 
498.0 683.0 
390.0 593.0 
462.0 626.0 
462.0 626.0 
432.0 554.0 
444.0 592.0 
408.0 518.0 
450.0 583.0 
462.0 680.0 
468.0 674.0 
408.0 538.0 
396.0 491.0 
474.0 518.0 
474.0 518.0 
432.0 558.0 
438.0 555.0 
528.0 560.0 
528.0 560.0 
540.0 598.0 
540.0 547.0 
552.0 585.0 
552.0 585.0 
558.0 579.0 
534.0 560.0 
546.0 598.0 
552.0 581.0 
534.0 490.0 
630.0 594.0 
414.0 529.0 
432.0 558.0 
402.0 896.0 
408.0 880.0 
372.0 822.0 
384.0 821.0 
444.0 877.0 
450.0 861.0 
414.0 764.0 
432.0 796.0 
396.0 728.0 
438.0 802.0 
444.0 748.0 
480.0 807.0 
444.0 745.0 
396.0 633.0 
396.0 633.0 
480.0 752.0 
450.0 631.0 
426.0 561.0 
426.0 561.0 
534.0 753.0 
432.0 609.0 
480.0 661.0 
348.0 533.0 
474.0 610.0 
480.0 601.0 
486.0 710.0 
468.0 616.0 
492.0 599.0 
504.0 584.0 
504.0 584.0 
522.0 571.0 
534.0 609.0 
528.0 612.0 
534.0 566.0 
540.0 560.0 
534.0 566.0 
540.0 608.0 
576.0 620.0 
546.0 602.0 
546.0 556.0 
582.0 568.0 
582.0 565.0 
558.0 574.0 
558.0 574.0 
564.0 522.0 
396.0 903.0 
480.0 565.0 
336.0 847.0 
396.0 903.0 
408.0 902.0 
414.0 887.0 
414.0 887.0 
378.0 824.0 
420.0 883.0 
420.0 883.0 
384.0 820.0 
396.0 818.0 
342.0 680.0 
360.0 719.0 
432.0 844.0 
462.0 865.0 
474.0 854.0 
444.0 748.0 
480.0 807.0 
426.0 657.0 
450.0 738.0 
420.0 668.0 
432.0 700.0 
420.0 611.0 
420.0 574.0 
444.0 635.0 
468.0 722.0 
390.0 593.0 
462.0 626.0 
432.0 603.0 
450.0 583.0 
438.0 644.0 
474.0 607.0 
492.0 587.0 
528.0 616.0 
474.0 574.0 
486.0 559.0 
570.0 620.0 
582.0 658.0 
552.0 640.0 
480.0 504.0 
498.0 485.0 
510.0 536.0 
546.0 556.0 
576.0 620.0 
582.0 565.0 
582.0 568.0 
618.0 571.0 
624.0 554.0 
558.0 541.0 
594.0 494.0 
600.0 477.0 
360.0 874.0 
546.0 599.0 

0 1 3 6 11 17 12 8 4 2 5 9 14 19 13 18 24 32 39 45 51 56 60 62 59 58 61 63 
0 1 3 6 11 7 4 2 5 8 13 9 14 19 25 32 39 45 51 56 60 62 59 55 58 61 63 
0 1 3 6 11 7 4 2 5 8 13 9 14 19 25 32 39 45 51 55 50 54 58 61 59 56 60 63 
0 1 3 6 11 7 4 2 5 8 13 9 14 19 25 32 39 45 50 54 58 55 51 56 60 62 61 63 
0 1 3 6 11 17 12 8 4 2 5 9 14 19 13 18 24 32 39 45 51 56 60 62 59 61 63 
0 1 3 6 11 17 12 8 4 2 5 9 14 19 13 18 24 32 39 45 51 55 59 56 60 62 63 
0 1 3 6 11 17 12 8 4 2 5 9 14 19 13 18 24 32 39 45 50 54 58 55 51 56 63 
0 1 3 7 12 8 4 2 5 9 13 19 25 32 39 45 38 44 50 54 58 55 51 56 60 63 
0 2 5 9 14 19 13 8 4 1 3 6 11 17 12 18 24 32 39 45 51 56 52 47 53 57 60 62 63 
0 1 3 7 11 17 12 8 13 9 14 19 26 33 40 32 39 45 51 55 58 61 59 56 60 62 63 
0 1 3 7 11 17 12 8 13 9 14 19 26 33 40 32 39 45 51 56 52 57 60 62 61 63 
0 1 3 7 11 17 12 8 4 2 5 9 13 19 14 20 26 33 40 32 51 56 60 62 63 
0 1 3 7 11 6 10 16 23 17 12 8 4 2 5 9 14 26 33 40 32 51 56 60 63 
0 1 3 7 11 16 23 17 12 8 4 2 5 9 13 19 14 20 33 40 32 51 63 
0 1 3 6 10 15 22 16 11 7 4 2 5 8 13 9 14 19 25 32 39 31 45 51 56 60 62 63 
0 1 3 7 4 2 5 8 13 9 14 19 25 32 24 17 11 16 10 15 22 51 63 
0 1 3 6 10 16 23 17 12 8 5 9 13 19 26 33 40 32 39 45 51 56 60 62 63 
0 1 3 6 11 7 4 2 5 8 13 9 14 19 25 32 39 46 40 33 34 41 48 53 60 63 
0 1 3 7 4 2 5 8 12 17 23 16 10 15 21 28 36 43 37 44 38 45 51 56 60 62 63 
0 1 3 6 11 16 10 15 22 30 23 17 12 8 4 2 5 9 14 34 48 53 57 60 62 63 
0 1 3 6 11 7 4 2 5 8 13 9 14 20 27 42 34 25 32 40 62 63 
0 1 3 6 10 15 22 16 11 7 12 8 4 2 5 9 14 19 26 34 27 48 53 60 62 63 
0 1 3 7 11 16 10 15 21 28 36 29 37 43 49 54 58 55 51 45 39 32 40 62 63 
0 2 4 1 3 6 10 15 21 28 36 43 37 44 38 31 23 16 11 17 24 32 40 53 60 62 63 
0 1 3 7 12 8 13 19 14 20 27 35 42 34 26 33 41 48 53 47 40 46 51 56 60 62 63 
0 1 3 7 11 16 10 15 21 28 36 43 37 30 38 44 49 54 50 45 39 32 40 62 63 
0 1 3 6 10 15 21 29 37 30 23 16 11 7 4 8 13 19 26 33 41 34 48 53 60 62 63 
0 1 3 7 11 16 23 17 24 32 39 46 40 33 26 19 14 20 27 34 41 53 60 63 
0 1 3 7 11 16 23 17 24 32 40 33 26 19 13 9 14 20 27 34 41 48 53 60 63 
0 1 3 6 10 15 21 28 36 43 37 44 38 30 22 16 11 17 23 31 39 32 40 62 63 
0 1 3 6 11 16 10 15 21 28 36 29 37 43 49 54 50 45 39 32 40 33 41 53 60 62 63 
0 1 3 6 11 16 10 15 21 28 36 29 37 43 49 44 38 45 39 32 40 33 41 48 53 57 60 62 63 
0 1 3 6 11 16 10 15 21 28 36 43 37 29 22 30 38 45 39 32 40 33 41 48 53 60 63 
0 1 3 7 11 16 10 15 21 28 36 29 37 30 38 45 39 32 40 33 41 34 48 53 60 62 63 
0 1 3 6 10 15 21 28 36 29 37 43 49 44 38 45 39 32 40 33 26 34 41 48 53 57 60 62 63 
0 1 3 6 11 16 10 15 21 28 36 29 37 30 38 31 39 32 40 33 34 48 53 60 62 63 
0 1 3 6 10 15 21 28 36 29 37 43 49 44 38 31 39 32 40 33 34 48 53 60 62 63 
0 1 3 6 10 15 22 29 36 43 37 44 38 31 39 32 40 33 34 53 60 63 
0 1 3 6 11 16 23 17 12 8 5 9 13 19 26 33 40 32 39 45 51 56 60 62 63 
0 1 3 7 11 16 10 15 21 28 36 29 37 43 49 44 38 45 39 32 40 33 41 48 53 60 62 63 
0 1 3 6 11 17 12 8 4 2 5 9 14 19 13 18 24 32 39 45 51 56 60 62 59 58 61 63 
0 2 5 9 14 19 13 8 4 1 3 6 11 17 12 18 24 32 39 45 51 56 60 62 59 55 58 61 63 
0 1 3 6 10 16 11 7 4 2 5 8 13 9 14 19 25 32 39 45 51 56 60 62 59 61 63 
0 1 3 6 10 16 11 7 4 2 5 9 14 19 13 8 12 18 25 32 39 45 51 56 60 62 63 
0 1 3 6 11 17 12 8 4 2 5 9 13 19 26 33 40 32 39 45 51 56 60 62 61 63 
0 1 3 6 11 17 12 18 13 8 4 2 5 9 14 19 26 33 40 32 39 45 51 56 60 62 59 61 63 
0 1 3 7 11 16 23 17 12 8 4 2 5 9 14 19 13 18 24 32 39 31 56 60 62 63 
0 1 3 7 4 8 13 9 14 19 26 33 40 32 39 45 38 44 50 54 58 61 59 55 51 63 
0 1 3 6 10 16 11 7 12 8 13 9 14 19 26 33 40 32 39 45 51 56 60 62 59 61 63 
0 1 3 6 10 16 11 7 4 2 5 8 13 9 14 19 25 32 24 17 31 56 60 62 63 
0 1 3 7 11 16 23 17 12 8 4 2 5 9 13 19 14 20 33 40 32 51 63 
0 1 3 6 11 16 23 17 12 8 4 2 5 9 14 19 13 18 24 32 40 33 41 60 63 
0 1 3 6 11 16 23 17 12 8 4 2 5 9 14 19 13 18 24 32 40 33 41 60 63 
0 1 3 6 11 16 10 15 22 30 23 17 12 8 4 2 5 9 14 33 40 51 56 60 62 63 
0 2 5 8 4 1 3 7 11 16 10 15 22 30 23 31 38 45 51 56 52 48 53 60 62 63 
0 1 3 7 11 17 12 8 13 9 14 19 25 32 39 46 40 33 26 34 41 53 60 62 61 63 
0 1 3 7 4 2 5 8 13 9 14 19 25 32 39 46 40 33 26 34 48 53 56 60 62 63 
0 1 3 6 11 16 23 17 12 8 4 2 5 9 14 19 26 34 27 48 53 57 60 56 63 
0 1 4 8 12 7 3 6 11 16 10 15 21 28 36 29 37 43 49 54 58 55 51 63 
0 1 3 6 11 16 22 30 23 17 12 8 4 2 5 9 14 20 27 48 53 57 52 56 60 62 63 
0 1 3 6 11 16 22 30 23 17 12 8 4 2 5 9 13 19 14 20 27 48 53 60 62 63 
0 1 3 7 12 18 13 8 4 2 5 9 14 20 27 35 42 34 26 25 33 40 53 60 62 63 
0 1 3 6 11 17 12 8 4 2 5 9 13 19 14 20 27 34 33 41 48 53 60 63 
0 1 3 7 11 17 23 16 10 15 21 28 36 29 37 43 49 54 58 55 51 56 60 62 63 
0 2 4 1 3 7 12 8 13 19 14 20 27 35 42 34 26 33 25 32 40 41 48 53 57 60 62 63 
0 1 3 6 10 16 11 7 4 8 13 18 25 19 14 20 27 34 33 41 60 62 63 
0 1 3 7 4 8 13 19 14 20 27 35 42 34 26 33 25 32 40 41 48 53 57 56 60 63 
0 1 3 6 10 16 23 17 12 8 5 9 13 19 14 20 27 34 33 41 48 53 60 63 
0 1 3 6 10 15 22 16 23 17 12 8 5 9 13 19 26 33 41 34 27 48 53 60 63 
0 1 3 6 11 16 10 15 21 28 36 43 37 29 22 30 38 45 51 46 39 32 40 62 63 
0 1 3 6 10 15 21 28 36 43 37 44 38 30 22 16 11 17 23 31 39 32 40 62 63 
0 1 3 6 11 16 10 15 21 28 36 29 37 43 49 54 50 45 39 32 40 33 41 48 53 60 62 63 
0 1 3 6 11 16 10 15 21 28 36 43 37 29 22 30 38 45 39 32 40 33 41 56 60 63 
0 1 3 7 11 16 10 15 21 28 36 29 37 43 49 44 38 31 39 32 40 33 63 
0 1 3 6 11 16 10 15 21 28 36 43 37 29 22 30 38 45 39 32 40 33 41 53 60 63 
0 1 3 6 10 15 21 28 36 29 37 43 49 44 38 45 39 32 40 33 26 34 41 48 53 57 60 62 63 
0 1 3 6 11 16 10 15 21 28 36 29 37 30 38 31 39 32 40 33 34 48 53 60 62 63 
0 1 3 6 10 15 21 28 36 29 37 43 49 44 38 31 39 32 40 33 34 48 53 60 62 63 
0 1 3 6 10 15 21 28 36 43 37 29 22 30 38 45 39 32 40 33 34 48 53 60 62 63 
0 1 3 6 10 15 21 28 36 43 37 29 22 30 38 31 39 32 40 33 48 53 60 62 63 
0 1 3 6 11 16 10 15 21 28 36 43 37 29 22 30 38 31 39 32 40 33 63 
0 1 3 7 11 16 10 15 21 28 36 29 37 44 38 31 39 32 40 33 48 53 60 62 63 
0 1 3 7 11 17 12 8 4 2 5 9 13 18 24 32 39 45 51 56 60 62 59 61 63 
0 1 3 6 11 17 12 8 4 2 5 9 14 19 13 18 24 32 39 45 51 56 60 62 59 58 61 63 
0 2 5 9 14 19 13 8 4 1 3 6 11 17 12 18 24 32 39 45 51 56 60 62 59 55 58 61 63 
0 1 3 6 10 16 11 7 4 2 5 8 13 9 14 19 25 32 39 45 51 56 60 62 59 61 63 
0 1 3 6 10 16 11 7 4 2 5 9 14 19 13 8 12 18 25 32 39 45 51 56 60 62 63 
0 1 3 6 11 17 12 8 4 2 5 9 14 19 26 33 40 32 39 45 51 56 60 62 59 55 63 
0 1 3 6 10 16 23 17 11 7 4 2 5 8 13 9 14 19 25 32 39 45 51 56 60 62 61 63 
0 1 3 6 11 7 4 2 5 8 13 19 14 20 26 33 40 32 39 45 51 56 60 62 59 61 63 
0 1 3 6 11 7 4 2 5 8 13 19 14 20 26 33 40 32 39 45 51 55 59 56 60 62 63 
0 1 3 6 10 16 11 7 4 2 5 8 12 18 13 9 14 33 40 32 51 56 63 
0 1 3 6 11 17 12 8 4 2 5 9 13 19 14 20 26 33 40 32 39 51 56 60 62 63 
0 1 3 7 11 16 23 17 12 8 4 2 5 9 13 19 14 20 33 40 32 51 63 
0 1 3 6 11 16 23 17 12 8 4 2 5 9 13 19 14 20 33 40 32 51 56 63 
0 1 3 7 4 2 5 8 13 9 14 19 25 32 24 17 11 16 10 15 22 51 63 
0 1 3 7 11 17 12 8 5 9 13 19 14 20 26 33 40 32 39 45 51 56 60 62 63 
0 1 3 7 11 6 10 16 23 17 12 8 5 9 13 14 20 33 40 32 51 63 
0 1 3 6 10 16 11 7 12 8 5 9 13 19 14 20 26 33 41 47 40 32 51 56 63 
0 1 3 7 11 17 12 8 13 9 14 19 25 32 39 46 40 33 26 34 48 53 57 60 62 59 61 63 
0 1 3 6 10 16 23 17 11 7 12 8 5 9 13 18 24 32 40 33 48 53 60 63 
0 1 3 7 11 17 12 8 13 9 14 19 25 32 39 46 40 33 26 20 27 34 41 56 63 
0 1 3 6 11 7 4 2 5 8 13 9 14 20 27 42 34 25 32 40 62 63 
0 1 3 6 11 17 12 18 13 8 4 2 5 9 14 20 27 42 34 33 41 48 53 60 62 63 
0 1 3 7 4 2 5 8 13 9 14 20 27 35 42 34 26 25 32 40 33 41 60 62 63 
0 1 3 7 4 8 13 19 14 20 27 35 42 34 26 33 41 48 53 47 40 32 56 63 
0 1 3 7 11 16 10 15 21 28 36 43 37 30 38 44 49 54 50 45 39 32 40 62 63 
0 1 3 6 10 15 21 28 36 29 37 43 49 44 38 30 23 16 11 17 24 32 39 45 51 56 60 62 63 
0 1 3 6 11 16 10 15 21 28 36 29 37 43 49 54 58 55 51 46 40 33 41 48 53 57 60 62 63 
0 1 3 7 11 6 10 15 21 28 36 43 37 44 38 30 22 16 23 31 39 32 40 63 
0 1 3 6 11 16 10 15 21 28 36 43 37 29 22 30 38 45 51 46 39 32 40 62 63 
0 1 3 6 10 15 21 28 36 43 37 44 38 30 22 16 11 17 23 31 39 32 40 62 63 
0 1 3 6 11 16 10 15 21 28 36 29 37 43 49 54 50 45 39 32 40 33 41 48 53 60 62 63 
0 1 3 7 11 16 10 15 21 28 36 29 37 43 49 44 38 30 23 31 39 32 40 63 
0 1 3 7 11 16 10 15 21 28 36 43 37 29 22 30 38 31 39 32 40 62 63 
0 1 3 6 11 16 10 15 21 28 36 43 37 29 22 30 38 45 39 32 40 33 41 53 60 63 
0 1 3 7 11 16 10 15 21 28 36 29 37 44 38 45 39 32 40 33 34 48 53 60 62 63 
0 1 3 6 11 16 10 15 21 28 36 43 37 29 22 30 38 31 39 32 40 33 63 
0 1 3 6 10 15 21 28 36 29 37 43 49 44 38 45 39 32 40 33 26 34 41 48 53 57 60 62 63 
0 1 3 6 10 15 21 28 36 29 37 43 49 44 38 45 39 32 40 33 26 34 48 53 57 60 62 63 
0 1 3 6 10 15 21 28 36 29 37 43 49 44 38 31 39 32 40 33 34 48 53 60 62 63 
0 1 3 6 10 15 21 29 36 43 37 44 38 31 39 32 40 33 34 48 53 60 63 
0 1 3 6 11 17 12 8 4 2 5 9 14 19 13 18 24 32 39 45 51 56 60 62 59 58 61 63 
0 2 5 9 14 19 13 8 4 1 3 6 11 17 12 18 24 32 39 45 51 56 60 62 59 55 58 61 63 
0 1 3 6 10 16 11 7 4 2 5 8 13 9 14 19 25 32 39 45 51 56 60 62 59 61 63 
0 1 3 6 10 16 11 7 4 2 5 8 13 9 14 19 25 32 39 45 50 55 58 61 59 56 63 
0 1 3 6 11 17 12 8 4 2 5 9 14 19 26 33 40 32 39 45 51 56 60 62 59 55 63 
0 1 3 6 11 17 12 8 4 2 5 9 14 19 13 18 24 32 39 45 51 56 60 62 63 
0 1 3 7 12 8 4 2 5 9 13 19 26 33 40 32 39 45 38 44 50 54 58 55 63 
0 1 3 7 11 17 12 8 13 9 14 19 26 33 40 32 39 31 38 45 51 56 60 62 59 58 61 63 
0 1 3 7 11 16 23 17 12 8 4 2 5 9 13 19 14 20 33 40 32 51 63 
0 1 3 6 10 15 22 16 11 7 12 18 13 8 4 2 5 9 14 19 33 40 46 51 56 60 62 63 
0 1 3 7 11 6 10 16 23 17 12 8 4 2 5 9 13 14 20 33 40 63 
0 1 3 7 11 17 12 8 13 9 14 19 26 33 41 48 53 47 40 32 39 45 51 56 60 62 61 63 
0 1 3 6 11 7 12 8 5 9 13 19 14 20 26 33 41 47 40 32 39 45 51 56 60 62 63 
0 1 3 6 11 7 4 2 5 8 13 9 14 19 25 32 39 46 40 33 34 41 48 53 60 63 
0 1 3 6 10 15 22 16 23 17 12 8 5 9 13 19 14 20 26 33 40 32 51 56 60 63 
0 1 3 7 12 8 4 2 5 9 14 20 26 19 13 18 24 32 40 33 41 48 53 60 62 63 
0 1 3 6 10 15 22 30 23 17 12 18 13 8 4 2 5 9 14 19 26 34 48 53 57 60 62 63 
0 1 3 6 10 15 22 16 11 7 12 8 5 9 13 18 25 14 20 33 41 60 63 
0 1 3 6 11 16 23 17 12 8 4 2 5 9 14 19 25 33 26 34 27 48 53 60 62 63 
0 1 3 7 11 17 12 8 13 9 14 19 26 20 27 42 34 41 33 40 32 51 56 63 
0 1 3 6 11 16 10 15 21 28 36 29 37 43 49 54 58 55 51 45 39 32 40 62 63 
0 1 3 7 11 16 10 15 22 29 36 43 37 30 38 44 49 54 50 45 53 60 63 
0 1 3 6 11 16 10 15 21 28 36 43 49 54 58 55 51 56 52 47 41 34 48 53 60 62 63 
0 1 3 6 11 16 10 15 21 28 36 29 37 30 38 45 51 46 39 32 40 33 41 48 53 57 60 62 63 
0 1 3 6 10 15 21 28 36 43 37 44 38 30 22 16 11 17 23 31 39 32 40 62 63 
0 1 4 7 3 6 10 15 21 28 36 43 37 44 38 45 39 32 40 33 34 48 53 60 62 63 
0 1 3 7 11 16 10 15 21 28 36 29 37 44 38 45 39 32 40 33 34 41 60 63 
0 1 3 6 10 15 21 28 36 29 37 43 49 44 38 45 39 32 40 33 26 34 41 48 53 57 60 62 63 
0 1 3 6 10 15 21 28 36 29 37 43 49 44 38 45 39 32 40 33 41 34 48 53 57 60 62 63 
0 1 3 6 10 15 21 28 36 29 37 43 49 44 38 45 39 32 40 33 26 34 48 53 57 60 62 63 
0 1 3 6 10 15 21 28 36 29 37 43 49 44 38 31 39 32 40 33 41 34 48 53 60 62 63 
0 1 3 6 10 15 21 28 36 29 37 43 49 44 38 31 39 32 40 33 34 48 53 60 62 63 
0 1 3 7 11 16 23 17 12 8 4 2 5 9 14 19 25 33 26 34 27 48 53 60 63 
0 1 3 7 11 16 10 15 21 28 36 29 37 43 49 54 58 55 51 45 39 32 40 62 63 
0 1 3 7 11 6 10 16 23 31 39 32 40 33 26 14 20 27 48 53 60 63 
0 1 3 6 11 16 10 15 21 28 36 29 37 44 38 31 39 32 40 33 34 48 53 60 63 
0 1 3 6 11 16 10 15 21 28 36 29 37 43 49 44 38 45 39 32 40 33 41 48 53 57 60 62 63 
0 1 3 6 11 17 12 8 4 2 5 9 14 19 13 18 24 32 39 45 51 56 60 62 59 58 61 63 
0 1 3 6 10 16 11 7 4 2 5 8 13 9 14 19 25 32 39 45 51 56 60 62 59 61 63 
0 1 3 6 11 17 12 8 4 2 5 9 14 19 26 33 40 32 39 45 51 56 60 62 59 55 63 
0 1 3 6 10 16 23 17 11 7 4 2 5 8 13 9 14 19 25 32 39 45 51 56 60 62 61 63 
0 1 3 6 10 16 11 7 12 8 13 9 14 19 25 32 39 45 51 55 58 61 59 56 60 62 63 
0 1 3 7 11 17 12 8 13 9 14 19 26 33 40 32 39 45 51 56 52 57 60 62 61 63 
0 1 3 7 11 16 23 17 12 18 13 8 4 2 5 9 14 19 25 32 39 31 45 51 56 60 62 63 
0 1 3 6 11 17 12 8 4 2 5 9 14 19 13 18 24 32 40 33 41 53 60 56 63 
0 1 3 7 11 16 23 17 12 8 4 2 5 9 13 19 14 20 33 40 32 51 63 
0 2 5 9 13 8 4 1 3 7 11 17 23 16 10 15 22 30 38 45 51 56 52 53 60 63 
0 1 3 7 12 8 5 9 13 19 14 20 26 33 40 32 39 45 38 44 50 54 58 55 51 63 
0 1 3 6 11 17 12 8 4 2 5 9 13 19 14 20 26 34 41 33 40 32 51 63 
0 1 3 7 11 17 12 8 5 9 13 19 26 33 40 32 39 45 51 56 60 62 63 
0 1 3 6 11 17 12 8 4 2 5 9 14 19 13 18 24 32 40 33 34 53 60 63 
0 1 3 7 11 17 12 8 13 9 14 19 25 32 39 46 40 33 26 34 41 53 60 62 61 63 
0 1 3 6 11 7 4 2 5 9 13 19 14 20 27 34 33 40 32 51 56 63 
0 2 4 1 3 7 11 6 10 15 22 16 23 30 37 44 38 45 39 32 40 33 41 53 60 62 63 
0 1 3 6 11 16 23 17 12 8 4 2 5 9 14 19 26 33 41 34 27 48 53 60 62 63 
0 1 3 6 10 15 21 29 22 16 11 7 12 8 5 9 13 14 20 33 41 53 60 63 
0 1 3 6 11 16 10 15 21 28 36 43 37 44 38 45 51 46 39 32 40 53 56 60 62 63 
0 1 3 6 11 16 10 15 21 28 36 29 37 43 49 54 58 55 51 45 39 32 40 62 63 
0 1 3 6 10 16 11 7 12 8 13 9 14 20 27 42 34 25 33 41 48 53 60 62 63 
0 1 3 6 11 17 23 16 10 15 21 28 36 43 37 29 22 30 38 45 51 56 60 62 63 
0 1 3 7 11 16 10 15 21 28 36 43 37 44 38 45 51 56 52 47 41 34 48 53 60 62 63 
0 1 3 6 10 15 21 28 36 43 37 44 38 30 22 16 11 17 23 31 39 32 40 62 63 
0 1 3 6 11 16 10 15 21 28 36 29 37 43 49 54 50 45 39 32 40 33 41 48 53 60 62 63 
0 1 3 7 11 16 10 15 22 29 36 43 37 30 38 45 39 32 40 33 48 53 60 62 63 
0 1 3 6 11 16 10 15 21 28 36 43 37 29 22 30 38 45 39 32 40 33 41 53 60 63 
0 1 3 6 11 16 10 15 21 28 36 43 37 29 22 30 38 45 39 32 40 33 41 48 53 60 63 
0 1 3 6 11 16 10 15 21 28 36 29 37 30 38 31 39 32 40 33 34 48 53 60 62 63 
0 1 3 6 10 15 21 28 36 29 37 43 49 44 38 31 39 32 40 33 34 48 53 60 62 63 
0 1 3 6 10 15 21 28 36 29 37 43 49 44 38 31 39 32 40 33 41 34 48 53 60 62 63 
0 1 3 6 10 15 21 28 36 43 37 29 22 30 38 31 32 33 41 34 48 53 60 62 63 
0 1 3 7 11 16 10 15 21 28 36 29 37 44 38 31 39 32 40 33 48 53 60 62 63 
0 1 3 6 11 16 10 15 21 28 36 29 37 44 38 31 39 32 40 33 34 48 53 60 63 
0 1 3 6 11 17 12 8 4 2 5 9 14 19 13 18 24 32 39 45 51 56 60 62 59 58 61 63 
0 1 3 6 10 16 11 7 4 2 5 8 13 9 14 19 25 32 39 45 51 56 60 62 59 61 63 
0 1 3 6 11 17 12 8 4 2 5 9 13 19 26 33 40 32 39 45 51 56 60 62 61 63 
0 1 3 6 10 16 11 7 4 2 5 8 13 9 14 19 25 32 39 31 45 51 56 60 62 61 63 
0 1 3 6 11 17 12 8 4 2 5 9 14 19 13 18 24 32 39 45 51 56 60 62 63 
0 1 3 6 11 7 4 2 5 8 13 9 14 19 25 32 39 45 51 56 52 40 63 
0 1 3 6 10 16 11 7 12 8 13 9 14 19 26 33 40 32 39 45 51 56 60 62 59 61 63 
0 1 3 7 11 16 23 17 12 8 4 2 5 9 13 19 14 20 33 40 32 51 63 
0 1 3 6 11 7 4 2 5 8 13 9 14 19 26 34 41 33 40 32 51 56 60 62 63 
0 1 3 7 11 17 12 8 5 9 13 19 14 20 26 33 40 32 39 45 51 56 60 62 63 
0 1 3 6 10 16 11 7 4 8 12 18 13 9 14 19 26 34 41 33 40 32 51 63 
0 1 3 6 11 7 4 2 5 8 13 9 14 19 25 32 39 46 40 33 34 41 48 53 60 63 
0 1 3 6 10 15 22 30 23 17 11 7 4 2 5 8 13 9 14 33 41 48 53 57 60 62 63 
0 1 3 6 11 17 12 8 5 9 14 19 13 18 25 32 39 46 40 33 34 41 53 60 63 
0 1 3 7 12 18 24 32 40 33 26 19 13 8 4 2 5 9 14 20 27 34 48 53 57 60 62 63 
0 1 3 6 11 7 4 2 5 8 13 9 14 20 27 42 34 25 32 40 62 63 
0 1 3 6 11 17 12 8 4 2 5 9 14 20 27 35 42 34 25 33 40 53 60 63 
0 1 4 8 12 7 3 6 11 16 10 15 21 28 36 29 37 30 38 45 32 63 
0 1 3 7 4 8 13 19 14 20 27 35 42 34 26 33 41 48 53 47 40 32 51 56 60 62 63 
0 1 3 6 10 15 21 28 36 43 37 30 22 16 11 7 4 8 13 34 41 60 63 
0 1 3 6 10 15 21 28 36 43 37 30 22 16 11 17 23 31 38 45 39 32 40 62 63 
0 1 3 6 10 15 21 29 36 43 37 44 38 30 23 16 17 24 32 40 33 41 60 63 
0 1 3 7 11 6 10 15 21 28 36 29 22 16 23 30 38 31 39 32 40 33 41 48 53 60 63 
0 1 3 6 11 16 10 15 21 28 36 43 37 29 22 30 38 45 39 32 40 33 41 60 62 63 
0 1 3 6 11 16 10 15 21 28 36 43 37 29 22 30 38 45 39 32 40 33 41 53 60 63 
0 1 3 7 11 16 10 15 21 28 36 29 37 30 38 31 39 32 40 33 34 53 60 63 
0 1 3 6 10 15 21 28 36 29 37 43 49 44 38 45 39 32 40 33 26 34 48 53 57 60 62 63 
0 1 3 6 10 15 21 28 36 29 37 43 49 44 38 45 39 32 40 33 41 34 48 53 57 60 62 63 
0 1 3 6 10 15 21 28 36 29 37 43 49 44 38 31 39 32 40 33 34 48 53 60 62 63 
0 1 3 6 10 15 21 28 36 29 37 43 49 44 38 31 39 32 40 33 41 34 48 53 60 62 63 
0 1 3 6 10 15 21 28 36 43 37 29 22 30 38 45 39 32 40 33 34 48 53 60 62 63 
0 1 3 6 10 15 21 28 36 43 37 29 22 30 38 31 39 32 40 33 48 53 60 62 63 
0 1 3 7 11 17 12 8 5 9 13 19 14 20 26 34 41 33 40 32 51 56 60 63 
0 1 3 6 11 7 4 8 5 9 13 19 14 20 27 42 34 33 25 32 40 63 
0 1 3 7 11 17 12 8 4 2 5 9 14 20 27 42 34 25 32 40 62 63 
0 1 3 6 11 7 4 2 5 9 13 19 14 20 27 34 33 25 32 40 62 63 
0 1 3 6 10 15 21 28 36 43 37 30 22 16 11 7 4 8 13 33 40 53 60 63 
0 1 3 6 10 15 21 28 36 29 22 16 11 17 23 31 38 45 39 32 40 33 41 48 53 57 60 62 63 
0 1 3 7 11 16 10 15 21 28 36 29 37 44 38 31 39 32 40 33 41 48 53 60 62 63 
0 1 3 7 11 16 10 15 21 28 36 29 37 44 38 31 39 32 40 33 48 53 60 62 63 
0 1 3 7 11 17 12 8 5 9 13 19 14 20 27 34 33 25 32 40 63 
0 1 3 6 10 15 21 29 36 43 37 30 22 16 11 7 4 8 13 33 40 62 63 
0 1 3 6 11 17 12 8 4 2 5 9 14 19 13 18 24 32 39 45 51 56 60 62 59 58 61 63 
0 2 5 9 14 19 13 8 4 1 3 6 11 17 12 18 24 32 39 45 51 56 60 62 59 55 58 61 63 
0 1 3 6 10 16 11 7 4 2 5 8 13 9 14 19 25 32 39 45 51 56 60 62 59 61 63 
0 1 3 6 11 17 12 8 4 2 5 9 14 19 13 18 24 32 39 45 50 54 58 55 51 56 63 
0 1 3 6 11 17 12 8 4 2 5 9 14 19 26 33 40 32 39 45 51 56 60 62 59 55 63 
0 1 3 6 10 16 11 7 12 8 13 9 14 19 25 32 39 45 51 55 58 61 59 56 60 62 63 
0 1 3 6 10 16 11 7 4 2 5 8 13 9 14 19 25 18 12 17 24 32 51 56 63 
0 1 3 7 11 17 12 8 13 9 14 19 26 33 40 32 39 45 51 56 60 62 59 55 58 61 63 
0 1 3 7 11 6 10 16 23 17 12 8 4 2 5 9 14 26 33 40 32 51 56 60 63 
0 1 3 7 11 16 23 17 12 8 4 2 5 9 13 19 14 20 33 40 32 51 63 
0 1 3 6 11 16 23 17 12 8 4 2 5 9 13 19 14 20 33 40 32 51 56 63 
0 1 3 7 4 2 5 8 13 9 14 19 25 32 24 17 11 16 10 15 22 51 63 
0 1 3 6 11 17 12 8 4 2 5 9 13 19 14 20 26 34 41 33 40 32 51 63 
0 2 4 1 3 6 10 16 11 17 23 30 38 45 51 56 52 46 39 32 40 33 41 53 60 62 63 
0 1 3 6 11 16 23 17 12 8 4 2 5 9 14 19 26 34 41 33 25 32 40 62 63 
0 1 3 6 11 7 4 8 12 18 13 9 14 19 26 34 42 48 41 33 40 32 51 63 
0 1 3 6 10 15 22 16 23 17 12 8 5 9 13 19 14 20 26 33 40 32 51 56 60 63 
0 1 3 6 11 16 22 30 38 31 23 17 12 8 4 2 5 9 14 34 48 53 57 60 62 63 
0 1 3 6 11 17 12 18 13 8 4 2 5 9 14 19 25 33 26 34 27 48 53 57 60 62 63 
0 1 3 7 12 18 13 8 4 2 5 9 14 20 27 35 42 34 26 25 33 40 53 60 62 63 
0 1 3 6 11 16 10 15 21 29 37 30 38 45 51 56 52 46 39 32 40 33 41 53 60 63 
0 1 3 7 4 8 12 18 25 32 40 33 26 19 13 9 14 20 27 34 41 53 60 63 
0 1 3 7 11 16 10 15 22 29 21 28 36 43 37 44 38 45 39 32 40 33 56 63 
0 1 3 6 11 16 10 15 21 28 36 29 37 43 49 44 38 45 39 32 40 33 41 48 53 57 60 62 63 
0 1 3 6 11 16 10 15 21 28 36 29 37 43 49 44 38 31 39 32 40 33 41 48 53 60 63 
0 1 3 6 10 15 21 28 36 43 37 44 38 30 22 16 23 31 39 32 40 33 41 60 63 
0 1 3 6 11 16 10 15 21 28 36 43 37 29 22 30 38 31 39 32 40 33 63 
0 1 3 6 10 15 21 28 36 29 37 43 49 44 38 45 39 32 40 33 26 34 48 53 57 60 62 63 
0 1 3 6 10 15 21 28 36 29 37 43 49 44 38 45 39 32 40 33 41 34 48 53 57 60 62 63 
0 1 3 6 10 15 21 28 36 29 37 43 49 44 38 31 39 32 40 33 34 48 53 60 62 63 
0 1 3 6 10 15 21 28 36 43 37 29 22 30 38 31 39 32 40 33 48 53 60 62 63 
0 1 3 7 11 16 10 15 21 29 36 43 37 30 38 45 51 46 39 32 40 33 41 60 63 
0 1 3 7 11 16 10 15 21 29 36 43 37 30 38 45 51 46 39 32 40 33 41 60 63 
0 1 3 7 11 16 10 15 21 28 36 29 37 43 49 44 38 45 39 32 40 33 41 48 53 60 62 63 
0 1 3 7 11 16 10 15 21 29 36 43 37 30 38 44 50 45 39 32 40 33 63 
0 1 3 7 11 16 10 15 21 29 36 43 37 30 38 44 50 45 39 32 40 33 63 
0 2 5 9 14 19 13 8 4 1 3 6 11 17 12 18 24 32 39 45 51 56 60 62 59 55 58 61 63 
0 1 3 6 11 17 12 8 4 2 5 9 14 19 13 18 24 32 39 45 51 56 60 62 59 58 61 63 
0 1 3 6 10 16 11 7 4 2 5 8 13 9 14 19 25 32 39 45 51 56 60 62 59 61 63 
0 1 3 6 11 17 12 8 4 2 5 9 13 19 26 33 40 32 39 45 51 56 60 62 61 63 
0 1 3 6 11 7 12 8 4 2 5 9 14 19 26 33 40 32 39 45 50 54 58 61 59 56 60 63 
0 1 3 7 11 6 10 16 23 17 12 8 4 2 5 9 14 13 18 24 32 51 56 63 
0 1 3 6 10 16 23 17 11 7 4 2 5 8 13 19 26 33 40 32 39 51 56 60 62 61 63 
0 1 3 6 10 16 11 7 4 2 5 9 14 19 13 8 12 18 25 32 39 31 51 63 
0 1 3 6 10 16 11 7 12 8 13 9 14 19 26 33 40 32 39 45 51 56 60 62 59 61 63 
0 1 3 6 10 16 11 7 12 8 4 2 5 9 13 19 14 20 33 40 32 51 56 63 
0 1 3 7 11 17 12 8 13 9 14 19 26 33 40 32 39 45 38 44 50 54 58 55 51 63 
0 1 3 6 11 7 4 2 5 8 13 9 14 19 26 34 41 33 40 32 51 56 60 62 63 
0 1 3 6 10 16 11 7 4 8 12 18 13 19 14 20 26 33 40 32 51 56 60 63 
0 1 3 7 11 17 12 8 5 9 13 19 14 20 26 33 40 32 39 45 51 56 60 62 63 
0 1 3 6 10 16 23 17 12 8 5 9 13 19 26 33 40 32 39 45 51 56 60 62 63 
0 1 3 6 11 16 23 17 12 8 4 2 5 9 14 19 13 18 25 33 34 41 48 53 60 63 
0 1 3 7 4 2 5 9 13 18 12 17 11 16 10 15 28 36 43 44 63 
0 1 3 6 11 16 22 30 38 31 23 17 12 8 4 2 5 9 14 34 48 53 57 60 62 63 
0 1 3 6 10 15 22 30 23 17 11 7 4 2 5 8 13 19 14 20 27 34 41 60 63 
0 1 3 7 11 17 12 8 5 9 13 19 14 20 27 34 33 40 32 51 56 63 
0 1 3 6 11 16 23 17 12 8 4 2 5 9 14 19 26 34 27 48 41 53 60 63 
0 2 4 1 3 6 10 15 21 29 37 44 38 30 22 16 11 17 23 31 39 32 40 52 60 62 63 
0 2 4 1 3 7 12 18 25 32 40 33 26 19 14 20 27 35 42 48 41 47 53 57 52 56 60 62 63 
0 1 3 6 11 16 10 15 21 28 36 29 37 43 49 54 58 55 51 45 39 32 40 62 63 
0 1 4 2 5 8 13 9 14 20 27 35 42 34 26 19 25 32 40 33 41 48 53 56 60 63 
0 1 3 7 11 6 10 16 23 17 12 8 13 19 14 20 27 34 33 41 63 
0 1 4 7 3 6 11 16 10 15 22 30 38 45 39 32 40 33 34 48 53 60 62 63 
0 1 3 6 11 16 10 15 21 28 36 43 37 29 22 30 38 45 51 46 39 32 40 62 63 
0 1 3 7 11 16 10 15 21 28 36 43 37 29 22 30 38 44 50 45 39 32 40 63 
0 1 3 6 11 16 10 15 21 28 36 29 37 43 49 54 50 45 39 32 40 33 41 48 53 60 62 63 
0 1 3 6 11 16 10 15 21 28 36 29 37 43 49 44 38 30 23 31 39 32 40 62 63 
0 1 3 6 11 16 23 30 38 31 39 32 40 33 26 14 20 27 41 60 63 
0 1 3 6 11 16 10 15 21 28 36 43 37 29 22 30 38 45 39 32 40 33 41 48 53 60 63 
0 1 3 6 11 16 10 15 21 28 36 43 37 29 22 30 38 31 39 32 40 33 63 
0 1 3 7 11 16 10 15 21 28 36 29 37 30 38 31 39 32 40 33 41 48 53 60 62 63 
0 1 3 6 10 15 21 28 36 29 37 43 49 44 38 45 39 32 40 33 26 34 48 53 57 60 62 63 
0 1 3 6 10 15 21 28 36 29 37 43 49 44 38 31 39 32 40 33 34 48 53 60 62 63 
0 1 3 6 10 15 21 28 36 29 37 43 49 44 38 31 39 32 40 33 41 34 48 53 60 62 63 
0 1 3 6 10 15 21 29 22 30 37 44 38 31 39 32 40 33 34 48 53 60 63 
0 1 3 7 11 16 10 15 21 28 36 29 37 43 49 54 58 55 51 45 39 32 40 62 63 
0 1 3 7 11 16 10 15 21 28 36 29 37 43 49 54 58 55 51 45 39 32 40 62 63 
0 1 3 7 11 17 12 8 4 2 5 9 14 19 13 18 24 32 39 45 51 56 60 62 61 63 
0 1 3 6 10 16 11 7 4 2 5 8 13 9 14 19 25 32 39 45 51 56 60 62 59 61 63 
0 1 3 6 11 17 12 8 4 2 5 9 14 19 26 33 40 32 39 45 51 56 60 62 59 55 63 
0 1 3 7 11 16 23 17 12 8 4 2 5 9 14 19 13 18 24 32 39 51 56 60 62 63 
0 1 3 6 11 17 12 8 4 2 5 9 14 19 13 18 24 32 39 45 51 56 60 62 63 
0 1 3 6 11 16 23 17 12 8 4 2 5 9 14 19 13 18 24 32 39 45 51 56 60 62 63 
0 1 3 7 12 8 4 2 5 9 13 19 26 33 40 32 39 45 38 44 50 54 58 55 63 
0 1 3 6 11 7 4 2 5 8 13 9 14 19 25 32 39 45 51 56 52 40 63 
0 1 3 6 11 7 4 2 5 8 13 9 14 19 25 32 39 31 38 45 51 56 60 62 63 
0 1 3 7 11 6 10 16 23 17 12 8 5 9 14 19 13 18 24 32 51 56 60 62 63 
0 1 3 7 11 16 23 17 12 8 4 2 5 9 13 19 14 20 33 40 32 51 63 
0 1 3 6 11 7 4 2 5 8 13 9 14 19 26 34 41 33 40 32 51 56 60 62 63 
0 1 3 6 10 16 11 7 12 8 13 9 14 19 26 33 40 32 39 45 51 56 60 62 63 
0 1 3 6 11 16 23 17 12 8 5 9 14 19 13 18 25 32 39 46 40 33 41 53 60 62 63 
0 1 3 7 12 8 5 9 13 19 26 33 40 32 24 17 16 10 15 22 30 63 
0 1 3 6 10 16 23 17 12 8 5 9 13 19 26 34 41 33 40 32 51 56 63 
0 1 3 7 12 8 4 2 5 9 13 19 14 20 27 34 33 40 32 51 56 63 
0 1 3 6 11 16 10 15 22 30 23 17 12 8 4 2 5 9 14 34 48 53 57 60 62 63 
0 1 3 7 11 17 12 8 5 9 13 19 14 20 27 34 33 40 32 51 56 63 
0 1 3 6 10 16 11 7 4 2 5 8 13 19 14 20 27 34 33 41 60 63 
0 1 3 7 4 8 12 18 25 32 40 33 26 19 13 9 14 20 27 34 41 53 60 63 
0 1 3 7 11 6 10 16 23 31 39 32 40 33 26 14 20 27 48 53 60 63 
0 1 3 7 11 16 10 15 21 28 36 29 37 43 49 44 38 45 39 32 40 33 41 60 62 63 
0 1 3 6 11 16 10 15 21 28 36 29 37 43 49 54 50 45 39 32 40 33 41 48 53 60 62 63 
0 1 3 7 11 16 10 15 21 28 36 29 37 43 49 44 38 30 23 31 39 32 40 63 
0 1 3 6 11 16 10 15 21 28 36 43 37 29 22 30 38 45 39 32 40 33 41 53 60 63 
0 1 3 6 11 16 10 15 21 28 36 43 37 29 22 30 38 45 39 32 40 33 41 48 53 60 63 
0 1 3 6 10 15 21 28 36 29 37 43 49 44 38 45 39 32 40 33 26 34 41 48 53 57 60 62 63 
0 1 3 6 11 16 10 15 21 28 36 29 37 30 38 31 39 32 40 33 34 48 53 60 62 63 
0 1 3 6 10 15 21 28 36 29 37 43 49 44 38 31 39 32 40 33 34 48 53 60 62 63 
0 1 3 6 10 15 21 28 36 29 37 43 49 44 38 31 32 33 34 27 48 53 60 62 63 
0 1 3 7 11 17 12 8 4 2 5 9 14 19 13 18 25 32 39 45 51 56 60 62 59 61 63 
0 1 3 6 11 16 23 17 12 8 13 9 14 19 26 33 41 47 40 32 39 45 51 56 60 62 63 
0 1 3 6 10 16 11 17 12 8 5 9 13 19 14 20 27 34 33 41 48 53 60 63 
0 1 3 7 11 16 10 15 21 28 36 29 37 44 38 31 39 32 40 33 48 53 60 62 63 
0 1 3 6 11 7 4 2 5 9 14 19 13 8 12 18 24 32 39 45 51 56 60 62 59 61 63 
0 1 3 6 11 17 12 8 4 2 5 9 14 19 13 18 24 32 39 45 51 56 60 62 59 58 61 63 
0 2 4 1 3 6 11 17 12 8 5 9 14 19 13 18 24 32 39 45 51 56 60 62 59 55 58 61 63 
0 1 3 6 10 16 11 7 4 2 5 8 13 9 14 19 25 32 39 45 51 56 60 62 59 61 63 
0 1 3 6 11 17 12 8 4 2 5 9 14 19 13 18 25 32 39 45 50 54 58 55 51 56 60 63 
0 1 3 7 12 8 4 2 5 9 13 19 14 20 26 33 40 32 39 45 51 56 60 62 61 63 
0 1 3 6 11 17 12 8 4 2 5 9 14 19 13 18 25 33 40 32 39 45 51 56 60 62 63 
0 1 3 7 11 17 12 8 4 2 5 9 13 19 14 20 26 33 40 32 51 56 60 62 63 
0 1 3 6 11 17 12 8 4 2 5 9 13 19 14 20 26 33 40 32 39 51 56 60 62 63 
0 1 3 7 11 16 23 17 12 8 4 2 5 9 13 19 14 20 33 40 32 51 63 
0 1 3 6 11 16 23 17 12 8 4 2 5 9 13 19 14 20 33 40 32 51 56 63 
0 1 3 6 11 17 12 8 4 2 5 9 13 19 14 20 26 33 40 32 39 31 56 60 62 63 
0 1 3 7 11 6 10 16 23 17 12 8 4 2 5 9 13 14 20 33 40 63 
0 1 3 6 10 15 22 16 11 7 4 8 12 18 13 9 14 26 33 40 32 51 56 60 62 63 
0 1 3 6 11 7 4 2 5 8 13 9 14 19 25 32 39 46 40 33 34 41 48 53 60 63 
0 1 3 6 10 16 22 30 23 17 12 8 5 9 14 19 13 18 25 32 39 46 40 53 60 62 63 
0 1 3 6 10 16 23 17 12 8 5 9 13 19 14 20 26 33 40 32 45 44 50 63 
0 1 3 6 11 16 22 30 38 31 23 17 12 8 4 2 5 9 14 34 48 53 57 60 62 63 
0 1 3 7 11 17 12 8 13 9 14 19 25 32 39 46 40 33 26 20 27 34 41 56 63 
0 1 3 6 11 7 12 8 5 9 13 19 14 20 27 42 34 33 40 32 51 63 
0 1 3 6 11 7 4 8 12 18 13 9 14 20 27 42 34 25 32 40 62 63 
0 1 3 7 11 16 10 15 21 28 36 29 37 43 49 44 50 54 58 55 51 56 60 62 63 
0 1 3 6 11 16 10 15 21 28 36 29 37 43 49 54 58 55 51 45 39 32 40 62 63 
0 1 3 6 11 16 10 15 21 28 36 29 37 43 49 54 58 55 51 56 52 47 41 48 53 60 62 63 
0 1 3 7 11 16 10 15 21 28 36 43 37 29 22 30 38 44 50 55 51 56 60 62 63 
0 2 4 1 3 6 10 15 22 29 21 28 36 43 37 30 23 16 11 17 24 32 40 52 57 60 62 63 
0 1 3 6 10 15 21 28 36 29 37 43 49 44 38 31 39 32 40 46 51 56 52 53 60 62 63 
0 1 3 6 11 16 10 15 21 28 36 29 37 43 49 54 58 55 51 46 40 33 41 53 60 62 63 
0 1 3 6 11 16 10 15 21 28 36 29 37 43 49 54 50 45 38 31 39 32 40 63 
0 1 3 7 11 16 10 15 22 29 37 30 38 44 50 45 39 32 40 33 48 53 60 62 63 
0 1 3 7 11 16 10 15 21 28 36 29 37 43 49 44 38 45 39 32 40 33 41 60 62 63 
0 1 3 6 11 16 10 15 21 28 36 43 37 29 22 30 38 45 39 32 40 33 41 48 53 60 63 
0 1 3 6 10 15 21 28 36 29 37 43 49 44 38 45 39 32 40 33 26 34 41 53 60 62 63 
0 1 3 6 10 15 21 28 36 29 37 43 49 44 38 45 39 32 40 33 26 34 48 53 57 60 62 63 
0 1 3 6 10 15 21 28 36 29 37 43 49 44 38 45 39 32 40 33 41 34 48 53 57 60 62 63 
0 1 3 6 10 15 21 28 36 29 37 43 49 44 38 31 39 32 40 33 34 48 53 60 62 63 
0 1 3 6 10 15 21 28 36 29 37 43 49 44 38 31 39 32 40 33 41 34 48 53 60 62 63 
0 1 3 6 10 15 21 28 36 43 37 29 22 30 38 45 39 32 40 33 34 48 53 60 62 63 
0 1 3 6 11 17 12 8 4 2 5 9 14 19 13 18 24 32 39 45 50 54 58 55 51 56 63 
0 1 3 6 11 16 10 15 21 28 36 29 37 43 49 44 38 45 39 32 40 33 41 48 53 57 60 62 63 
0 1 3 7 11 16 10 15 21 28 36 29 37 43 49 44 38 45 39 32 40 33 41 53 60 63 
0 1 3 6 10 15 21 28 36 29 37 43 49 44 38 45 39 32 40 33 26 34 41 48 53 57 60 62 63 
0 1 3 6 11 16 10 15 21 28 36 29 37 43 49 44 38 45 39 32 40 33 41 53 60 62 63 
0 2 5 9 14 19 13 8 4 1 3 6 11 7 12 17 24 32 39 45 51 55 58 61 59 56 60 62 63 
0 2 5 9 13 8 4 1 3 6 11 7 12 17 24 32 39 45 50 54 58 55 51 56 52 57 60 62 63 
0 2 5 9 14 19 13 8 4 1 3 6 11 7 12 17 24 32 39 45 50 54 58 55 51 56 60 62 63 
0 2 5 9 14 19 13 8 4 1 3 6 11 7 12 17 24 32 39 45 50 55 51 56 52 57 60 62 63 
0 2 5 9 14 19 13 8 4 1 3 6 11 7 12 17 23 30 38 45 51 55 59 56 52 57 60 62 63 
0 2 5 9 14 19 13 8 4 1 3 6 11 7 12 17 24 32 40 46 39 45 51 56 52 60 62 63 
0 1 3 6 10 16 11 7 4 2 5 9 14 19 13 8 12 18 24 32 40 51 56 63 
0 1 3 6 10 16 11 7 4 2 5 9 14 19 13 8 12 18 25 32 40 51 56 60 63 
0 2 5 9 14 19 25 18 13 8 4 1 3 6 11 17 24 32 39 31 38 45 51 56 52 60 62 63 
0 1 3 7 11 6 10 16 23 17 12 8 4 2 5 9 13 33 40 32 63 
0 1 3 7 11 6 10 16 23 17 12 8 4 2 5 9 14 26 33 40 32 51 56 60 63 
0 2 4 1 3 7 12 8 13 9 14 19 26 33 40 32 39 31 38 45 51 56 52 53 60 62 63 
0 1 3 6 10 16 23 17 11 7 4 2 5 8 13 19 14 20 33 40 32 51 56 63 
0 1 3 6 10 16 11 7 12 8 4 2 5 9 14 19 26 34 41 33 40 32 51 56 63 
0 1 3 7 11 17 12 8 13 9 14 19 26 33 40 32 39 31 38 45 51 56 60 62 63 
0 1 3 6 11 17 12 8 13 9 14 19 26 33 40 32 39 31 38 45 51 56 60 62 63 
0 2 4 1 3 7 11 6 10 15 22 16 23 17 12 8 13 9 14 26 33 40 53 60 62 63 
0 1 3 6 10 16 23 17 12 8 13 19 26 33 40 32 39 31 38 45 51 56 60 62 63 
0 1 3 7 4 8 13 9 14 19 26 34 41 33 40 32 39 31 38 45 51 56 60 62 63 
0 1 3 7 12 8 13 9 14 19 26 34 41 33 40 32 39 31 38 45 51 56 60 62 63 
0 1 3 6 10 15 22 16 23 17 12 8 13 19 14 20 26 33 40 32 39 45 51 56 60 62 63 
0 1 3 7 11 16 10 15 22 30 23 17 12 8 13 14 20 33 40 51 56 63 
0 1 3 6 11 16 10 15 22 30 23 17 12 8 13 19 14 20 33 40 32 51 63 
0 1 3 7 11 16 10 15 22 30 23 17 12 8 13 14 20 33 40 62 63 
0 1 3 6 11 16 10 15 22 30 23 17 12 8 13 19 14 20 33 40 32 60 63 
0 1 3 7 11 16 10 15 22 30 23 17 12 8 13 9 14 34 41 33 40 63 
0 1 3 6 11 16 10 15 22 30 23 17 12 8 13 9 14 34 41 33 40 62 63 
0 1 3 6 11 16 10 15 21 29 37 30 23 17 12 8 13 9 14 33 40 53 60 63 
0 1 3 7 11 16 10 15 22 30 23 17 12 8 13 14 20 27 33 40 63 
0 1 3 7 11 16 10 15 21 29 37 30 23 17 12 8 13 14 20 33 40 62 63 
0 1 3 6 11 16 10 15 22 30 23 17 12 8 13 19 14 20 27 34 40 63 
0 1 3 6 11 16 10 15 21 29 37 30 23 17 12 8 13 14 20 33 40 62 63 
0 1 3 7 11 16 10 15 21 29 37 30 23 17 12 8 13 34 40 63 
0 1 3 6 11 16 10 15 21 29 37 30 23 17 12 8 13 34 41 40 63 
0 1 3 7 11 16 10 15 21 29 37 30 23 17 12 8 13 14 20 34 48 53 60 62 63 
0 1 3 6 11 16 10 15 21 29 37 30 23 17 12 8 13 14 20 34 48 53 60 62 63 
0 1 3 7 11 16 10 15 21 29 36 43 49 44 38 45 39 32 40 33 34 60 63 
0 1 3 7 11 16 10 15 21 29 36 43 37 30 38 45 39 32 40 33 34 60 63 
0 1 3 7 11 16 10 15 21 28 36 43 49 44 38 31 39 32 40 33 34 53 60 63 
0 1 3 6 11 16 10 15 21 28 36 43 49 44 38 31 39 32 40 33 34 48 53 60 63 
0 1 3 7 11 16 10 15 21 28 36 29 37 30 38 31 39 32 40 33 34 53 60 63 
0 1 3 7 11 16 10 15 21 28 36 29 37 30 38 31 39 32 40 33 34 53 60 63 
0 1 3 6 11 16 10 15 21 28 36 29 37 30 38 31 39 32 40 33 34 48 53 60 62 63 
0 1 3 7 11 16 10 15 21 29 36 43 37 44 38 45 39 32 40 33 41 48 53 60 62 63 
0 1 3 6 11 7 4 2 5 8 12 18 13 9 14 19 25 32 39 45 51 55 58 61 59 56 60 63 
0 2 5 9 13 18 12 8 4 1 3 6 10 16 23 31 38 45 51 55 58 61 59 56 60 62 63 
0 1 3 6 10 16 11 7 4 2 5 8 12 18 13 9 14 25 32 39 51 56 60 62 63 
0 2 5 8 4 1 3 6 10 16 11 17 12 18 13 9 14 19 25 32 39 45 51 56 60 62 63 
0 1 3 6 10 16 23 17 11 7 4 2 5 8 13 9 14 19 25 32 39 45 51 56 60 62 63 
0 2 5 8 4 1 3 6 10 16 11 17 12 18 13 9 14 19 25 32 39 31 38 45 51 56 60 62 63 
0 2 4 1 3 7 11 6 10 16 23 17 12 8 13 9 14 19 25 32 39 31 45 51 56 60 62 63 
0 1 3 6 10 15 22 16 11 7 4 2 5 8 13 9 14 19 25 32 39 45 51 56 60 62 63 
0 2 5 9 14 19 25 18 13 8 4 1 3 6 10 16 23 31 38 45 51 56 52 53 60 62 63 
0 1 3 6 11 16 23 17 12 8 4 2 5 9 13 19 26 33 40 32 31 56 63 
0 2 5 9 14 19 13 8 4 1 3 6 11 16 10 15 22 30 38 45 51 56 52 53 60 62 63 
0 2 4 1 3 7 11 6 10 16 23 31 39 32 24 18 12 8 13 40 63 
0 1 3 7 11 6 10 16 23 17 12 8 13 9 14 19 26 33 40 32 31 56 63 
0 1 3 6 10 16 11 7 12 8 13 9 14 19 26 33 40 32 24 17 30 51 63 
0 1 3 6 10 16 11 7 12 8 13 9 14 19 26 33 40 32 39 31 30 51 56 60 63 
0 1 3 6 10 16 11 17 12 8 13 9 14 19 26 33 40 32 39 31 30 45 51 56 60 62 63 
0 2 5 9 13 8 4 1 3 7 11 6 10 16 23 31 39 32 40 33 34 48 53 60 63 
0 2 4 1 3 7 11 6 10 15 22 16 23 17 12 8 13 9 14 26 34 48 53 57 60 62 63 
0 1 3 7 11 16 10 15 22 30 38 31 23 17 12 8 13 9 14 25 32 63 
0 1 3 7 11 16 10 15 22 30 38 31 23 17 12 8 13 9 14 25 32 63 
0 1 3 6 11 16 10 15 22 30 38 31 23 17 12 8 13 9 14 25 32 60 63 
0 1 3 7 11 16 10 15 22 30 38 31 39 32 25 18 12 13 63 
0 1 3 7 11 16 10 15 22 30 38 31 23 17 12 8 13 9 14 33 63 
0 1 3 6 11 16 10 15 22 30 38 31 23 17 12 8 13 9 14 33 41 48 53 60 63 
0 1 3 7 11 16 10 15 22 30 38 31 23 17 12 8 13 9 14 60 63 
0 1 3 7 11 16 10 15 21 29 37 44 38 30 23 17 12 8 13 40 62 63 
0 1 3 6 11 16 10 15 21 29 37 44 38 30 23 17 12 8 13 33 40 63 
0 1 4 7 3 6 11 16 10 15 22 30 38 31 39 32 40 33 25 60 62 63 
0 1 3 7 11 6 10 16 22 30 38 31 39 32 40 33 25 20 34 41 60 63 
0 1 3 7 11 16 10 15 21 28 36 43 37 30 23 17 12 8 13 33 40 62 63 
0 1 3 7 11 6 10 16 23 30 38 31 39 32 40 33 25 20 34 48 53 60 63 
0 1 3 7 11 16 10 15 22 30 38 31 39 32 40 33 25 34 41 60 63 
0 1 3 6 11 16 10 15 22 30 38 31 39 32 40 33 25 20 34 41 60 63 
0 1 3 7 11 16 10 15 22 30 38 31 39 32 40 33 25 34 48 53 60 62 63 
0 1 3 7 11 16 10 15 22 30 38 31 39 32 40 33 14 41 60 63 
0 1 3 7 11 16 10 15 22 30 38 31 39 32 40 33 14 53 60 63 
0 1 3 6 11 16 10 15 22 30 38 31 39 32 40 33 14 20 34 48 53 60 63 
0 1 3 6 11 16 10 15 22 30 38 31 39 32 40 33 14 20 48 53 60 63 
0 1 3 6 11 16 10 15 21 28 36 43 37 44 38 31 39 32 40 33 48 53 60 62 63 
0 1 3 6 11 16 10 15 21 28 36 29 37 30 38 31 39 32 40 33 34 48 53 60 62 63 
0 1 3 6 11 16 10 15 21 28 36 29 37 30 38 31 39 32 40 33 41 34 48 53 60 63 
0 1 3 6 11 16 22 15 21 28 36 29 37 30 38 31 39 32 40 33 34 48 53 60 62 63 
0 1 3 6 11 16 22 15 21 28 36 29 37 30 38 31 39 32 40 33 41 34 48 53 60 63 
0 1 3 7 11 16 10 15 21 28 36 43 37 30 38 45 39 32 40 33 34 48 53 60 62 63 
0 1 3 7 11 16 10 15 21 28 36 43 37 44 38 45 39 32 40 33 34 48 53 60 62 63 
0 1 3 6 11 16 10 15 21 28 36 43 37 30 38 31 39 32 40 33 34 48 53 60 63 
0 1 3 7 4 2 5 9 14 19 13 8 12 18 24 32 39 45 50 54 58 55 51 56 60 62 63 
0 1 3 7 4 2 5 9 14 19 13 8 12 18 25 32 39 45 50 54 58 55 51 56 60 62 63 
0 1 3 6 10 16 11 7 4 2 5 9 14 19 13 8 12 18 24 32 39 51 56 60 62 63 
0 2 5 9 14 19 13 8 4 1 3 6 10 16 11 17 12 18 24 32 39 45 51 56 52 60 62 63 
0 2 5 9 14 19 13 8 4 1 3 6 10 16 11 7 12 17 23 31 38 45 51 56 52 57 60 62 63 
0 2 5 9 14 19 13 8 4 1 3 6 10 16 11 7 12 17 23 30 38 45 51 56 52 57 60 62 63 
0 2 4 1 3 7 12 8 13 19 26 33 40 32 39 31 38 44 50 54 58 55 51 56 60 62 63 
0 1 3 6 10 16 11 7 12 8 4 2 5 9 14 19 26 33 40 46 51 56 52 53 60 63 
0 1 3 6 10 16 11 17 12 8 4 2 5 9 13 19 26 33 40 32 31 56 63 
0 1 3 7 4 8 13 9 14 19 26 33 40 32 39 31 38 45 50 54 58 55 51 56 60 62 63 
0 1 3 7 4 8 13 9 14 19 26 33 40 32 39 31 38 44 50 54 58 55 51 56 60 62 63 
0 2 4 1 3 7 12 8 13 19 14 20 26 33 40 32 39 31 38 45 51 56 52 53 60 62 63 
0 2 5 9 14 19 13 8 4 1 3 7 11 6 10 16 23 31 39 32 40 33 41 53 60 63 
0 2 5 9 14 19 13 8 4 1 3 7 11 6 10 16 23 31 39 32 40 33 41 48 53 60 62 63 
0 1 3 7 11 17 12 8 13 19 14 20 26 33 40 32 39 31 38 45 51 56 60 62 63 
0 1 3 6 11 17 12 8 13 19 14 20 26 33 40 32 39 31 38 45 51 56 60 62 63 
0 1 3 7 11 6 10 16 23 17 12 8 13 9 14 19 26 34 41 33 40 51 56 63 
0 1 3 7 11 16 23 17 12 8 13 9 14 19 26 34 41 33 40 32 51 56 60 63 
0 1 3 6 11 16 23 17 12 8 13 9 14 19 26 34 41 33 40 32 31 56 63 
0 1 4 8 13 19 26 33 40 32 24 17 11 16 10 15 22 30 51 56 63 
0 1 4 8 13 19 26 33 40 32 24 17 23 16 10 15 22 30 45 51 56 60 62 63 
0 1 4 8 13 19 26 33 40 32 39 31 23 16 10 15 22 30 38 45 51 56 60 62 63 
0 2 5 8 4 1 3 7 11 16 10 15 21 29 37 30 38 31 39 32 40 33 41 60 63 
0 1 4 8 13 19 25 18 24 17 11 16 10 15 22 30 38 31 32 40 63 
0 1 4 8 12 7 3 6 11 16 10 15 22 30 38 45 39 32 40 33 41 60 63 
0 1 4 8 12 7 3 6 11 16 10 15 22 30 38 31 39 32 40 63 
0 1 4 8 13 18 12 17 11 16 10 15 21 29 37 30 38 31 39 32 40 63 
0 1 4 8 13 18 24 17 11 16 10 15 21 29 37 30 38 31 39 32 40 63 
0 1 3 7 11 6 10 16 22 29 36 43 37 30 38 45 39 32 40 33 41 53 56 60 63 
0 1 3 7 11 16 10 15 22 29 36 43 37 30 38 45 39 32 40 33 41 53 56 63 
0 1 3 7 11 16 10 15 21 28 36 43 37 30 38 31 39 32 40 33 41 53 56 60 63 
0 1 3 6 11 16 10 15 21 28 36 43 37 30 38 31 39 32 40 33 41 53 56 60 63 
0 1 3 7 11 16 10 15 21 28 36 43 37 30 38 45 39 32 25 33 41 47 53 57 60 62 63 
0 1 3 7 11 16 10 15 21 28 36 43 37 30 38 45 39 32 25 33 41 48 53 57 60 62 63 
0 1 3 6 11 16 10 15 21 28 36 43 37 30 38 45 39 32 25 33 41 48 53 57 60 62 63 
0 1 3 7 11 16 10 15 21 28 36 43 37 30 38 45 39 32 40 33 34 48 53 60 62 63 
0 1 3 6 11 16 10 15 21 28 36 43 37 30 38 45 39 32 40 33 34 48 53 57 60 62 63 
0 1 3 6 11 16 10 15 21 28 36 43 37 30 38 31 39 32 40 33 41 34 53 60 63 
0 1 3 6 11 16 10 15 21 28 36 29 37 30 38 31 39 32 40 33 34 48 53 60 62 63 
0 1 3 6 11 16 10 15 21 29 36 43 37 30 38 45 39 32 40 33 41 53 56 60 62 63 
0 1 3 7 11 16 10 15 21 29 36 43 37 30 38 45 39 32 40 33 41 53 56 63 
0 2 5 9 14 19 13 8 4 1 3 7 12 18 24 32 39 45 51 55 58 61 59 56 52 57 60 62 63 
0 1 3 7 4 2 5 9 14 19 13 8 12 18 24 32 39 45 51 55 58 61 59 56 60 62 63 
0 2 5 9 14 19 13 8 4 1 3 7 12 18 25 32 39 45 51 55 58 61 59 56 52 57 60 62 63 
0 1 3 7 4 2 5 9 14 19 13 8 12 18 25 32 39 45 51 55 58 61 59 56 60 62 63 
0 2 4 1 3 7 12 8 13 9 14 19 25 18 24 32 39 45 51 55 58 61 59 56 52 57 60 62 63 
0 2 4 1 3 7 12 8 13 9 14 19 25 32 39 31 38 45 51 55 58 61 59 56 52 57 60 62 63 
0 2 4 1 3 7 12 8 13 9 14 19 26 33 40 32 39 45 51 55 58 61 59 56 52 57 60 62 63 
0 2 4 1 3 7 12 18 13 9 14 19 26 33 40 32 39 45 51 55 58 61 59 56 52 57 60 62 63 
0 1 3 6 10 16 11 7 4 2 5 8 13 9 14 19 25 32 39 45 51 56 60 62 63 
0 2 5 9 14 19 13 8 4 1 3 7 11 6 10 16 23 31 39 32 40 53 56 60 63 
0 2 5 9 14 19 25 18 13 8 4 1 3 7 11 6 10 16 23 31 39 32 40 62 63 
0 1 3 7 11 6 10 16 23 17 12 8 13 9 14 19 25 32 39 45 51 56 60 62 63 
0 2 5 9 14 19 13 8 4 1 3 7 11 6 10 16 23 31 39 32 40 33 41 56 60 62 63 
0 2 4 1 3 7 12 8 13 9 14 19 26 34 41 33 40 32 39 31 38 45 51 56 60 62 63 
0 2 5 9 14 19 13 8 4 1 3 7 11 6 10 16 23 17 24 32 40 33 41 53 60 62 63 
0 2 5 9 14 19 13 8 4 1 3 7 11 6 10 16 23 31 39 32 40 33 41 53 60 63 
0 2 5 9 14 19 13 8 4 1 3 7 11 6 10 16 23 31 39 32 40 33 41 48 53 60 62 63 
0 1 3 7 11 17 12 8 13 9 14 19 26 34 41 33 40 32 39 31 45 51 56 60 62 63 
0 1 3 6 11 17 12 8 13 9 14 19 26 34 41 33 40 32 39 31 45 51 56 60 62 63 
0 1 4 8 13 9 14 19 26 33 40 32 24 17 11 16 10 15 22 30 51 63 
0 1 3 7 4 8 13 9 14 19 26 33 40 32 39 45 51 56 52 47 41 34 48 53 60 63 
0 1 3 7 11 16 10 15 22 30 38 31 23 17 12 8 13 9 14 25 32 63 
0 1 3 6 11 16 10 15 22 30 38 31 23 17 12 8 13 9 14 25 32 60 63 
0 1 3 7 11 16 10 15 22 30 38 31 23 17 12 8 13 9 14 33 40 63 
0 1 3 6 11 16 10 15 22 30 38 31 23 17 12 8 13 9 14 33 40 62 63 
0 1 3 6 11 16 10 15 22 30 38 31 23 17 12 8 13 9 14 34 41 60 63 
0 1 3 7 11 16 10 15 21 29 37 30 23 17 12 8 13 9 14 33 40 62 63 
0 1 3 6 11 16 10 15 21 29 37 30 23 17 12 8 13 9 14 33 40 53 60 63 
0 1 3 6 11 16 10 15 21 29 37 30 23 17 12 8 13 9 14 33 41 53 60 62 63 
0 1 3 6 11 16 10 15 21 29 37 30 23 17 12 8 13 9 14 33 41 48 53 60 62 63 
0 1 3 7 11 16 10 15 22 30 23 17 12 8 13 14 20 33 41 48 53 60 63 
0 1 3 6 11 16 10 15 22 30 23 17 12 8 13 19 14 20 33 41 48 53 60 62 63 
0 1 3 7 11 17 23 16 10 15 21 29 37 30 38 45 39 32 40 33 34 41 60 63 
0 1 3 6 11 17 23 16 10 15 21 29 37 30 38 45 39 32 40 33 34 41 53 60 63 
0 1 3 7 11 17 23 16 10 15 21 29 37 30 38 45 39 32 40 33 34 48 53 60 63 
0 1 3 6 11 17 23 16 10 15 21 29 37 30 38 45 39 32 40 33 34 48 53 60 62 63 
0 1 3 7 11 16 10 15 21 29 36 43 37 44 38 31 39 32 40 33 63 
0 1 3 7 11 16 10 15 21 28 36 29 37 44 38 45 39 32 40 33 34 48 53 60 62 63 
0 1 3 6 11 16 10 15 21 29 36 43 37 44 38 31 39 32 40 33 48 53 60 63 
0 1 3 7 11 16 10 15 21 29 36 43 37 30 38 31 39 32 40 33 53 60 63 
0 1 3 7 11 16 10 15 21 28 36 43 37 30 38 31 39 32 40 33 34 53 60 63 
0 1 3 7 11 16 10 15 21 28 36 43 37 30 38 31 39 32 40 33 41 48 53 60 62 63 
0 1 3 6 11 16 10 15 21 28 36 43 37 30 38 31 39 32 40 33 34 48 53 60 63 
0 1 3 6 11 16 10 15 21 28 36 43 37 30 38 31 39 32 40 33 41 34 53 60 63 
0 1 3 6 11 16 22 29 21 28 36 43 37 30 38 31 39 32 40 33 34 53 60 63 
0 1 3 6 11 16 22 29 21 28 36 43 37 30 38 31 39 32 40 33 41 48 53 60 62 63 
0 1 3 6 11 16 10 15 22 30 38 31 23 17 12 8 13 9 14 33 41 60 62 63 
0 1 3 6 11 16 10 15 21 28 36 43 37 30 38 45 39 32 40 33 34 41 60 62 63 
0 1 3 6 11 16 10 15 21 28 36 43 37 30 38 45 39 32 40 33 34 41 56 60 62 63 
0 1 3 6 11 16 22 15 21 28 36 43 37 30 38 31 39 32 40 33 34 48 53 60 63 
0 2 5 9 13 8 4 1 3 6 11 17 12 18 24 32 39 45 51 55 58 61 59 56 52 57 60 62 63 
0 2 5 9 14 19 13 8 4 1 3 7 12 18 24 32 39 45 50 54 58 55 51 56 52 57 60 62 63 
0 2 5 9 14 19 13 8 4 1 3 7 12 18 25 32 39 45 50 54 58 55 51 56 52 57 60 62 63 
0 1 3 7 4 2 5 8 13 9 14 19 25 32 39 45 38 44 50 54 58 55 51 56 60 62 63 
0 1 3 6 10 16 11 7 4 2 5 8 13 9 14 19 25 32 39 45 50 55 51 56 60 62 63 
0 2 5 8 4 1 3 6 10 16 11 17 12 18 13 9 14 19 25 32 39 45 51 56 60 62 63 
0 2 5 8 4 1 3 6 11 17 12 18 13 9 14 19 26 33 40 32 39 45 51 56 52 60 62 63 
0 2 4 1 3 7 11 17 12 8 5 9 13 19 14 20 26 33 40 32 39 45 51 56 60 62 63 
0 1 3 6 10 15 22 16 11 7 4 2 5 8 13 9 14 19 25 32 39 45 51 56 60 62 63 
0 1 3 7 4 8 13 9 14 19 26 33 40 32 39 31 38 45 50 54 58 55 51 56 60 62 63 
0 1 4 7 3 6 10 16 11 17 12 8 13 9 14 19 26 33 40 32 51 56 60 62 63 
0 1 3 7 4 8 13 9 14 19 26 33 40 32 39 31 38 44 49 54 58 55 51 56 60 62 63 
0 1 3 7 11 6 10 16 23 17 12 8 13 9 14 19 26 33 40 32 51 56 60 62 63 
0 2 5 9 14 20 26 19 13 8 4 1 3 7 11 6 10 16 23 31 39 32 40 62 63 
0 1 3 6 10 16 22 30 23 17 11 7 4 8 13 19 26 33 40 32 39 45 51 56 60 62 63 
0 1 3 6 10 15 22 30 23 17 11 7 4 8 13 19 26 33 40 32 39 45 51 56 60 62 63 
0 1 3 7 11 16 10 15 22 30 23 17 12 8 13 33 40 32 51 63 
0 1 3 6 11 16 10 15 22 30 23 17 12 8 13 19 26 33 40 32 51 56 60 62 63 
0 1 3 7 11 16 10 15 22 30 23 17 12 8 13 33 40 32 51 63 
0 1 3 6 11 16 10 15 22 30 23 17 12 8 13 19 26 33 40 32 51 56 60 62 63 
0 1 3 7 11 6 10 16 23 17 12 8 13 9 14 19 26 34 41 33 25 32 60 63 
0 1 3 6 10 15 21 29 22 16 11 17 12 8 13 19 26 33 40 32 39 31 56 60 62 63 
0 1 3 6 10 16 23 17 12 8 13 19 26 34 42 48 41 33 40 32 51 56 63 
0 1 3 7 11 6 10 16 23 17 12 8 13 19 14 20 27 34 41 33 40 63 
0 1 3 6 10 16 11 7 12 8 13 9 14 19 26 20 27 34 41 33 25 32 60 63 
0 1 3 6 11 16 23 17 12 8 13 9 14 19 26 20 27 34 41 33 25 32 60 62 63 
0 1 4 7 3 6 11 17 23 16 10 15 22 30 38 45 39 32 40 33 48 53 60 63 
0 1 3 7 4 8 13 9 14 19 26 33 41 34 27 42 48 53 47 40 32 60 62 63 
0 1 3 7 12 8 13 9 14 19 26 33 41 34 27 42 48 53 47 40 32 60 62 63 
0 1 4 8 12 17 11 16 10 15 21 29 37 44 38 31 39 32 40 33 41 53 60 63 
0 1 3 7 11 17 23 16 10 15 21 29 37 30 38 45 39 32 40 33 34 41 60 63 
0 1 3 7 11 17 23 16 10 15 21 29 37 30 38 45 39 32 40 33 34 48 53 60 63 
0 1 3 6 11 17 23 16 10 15 21 29 37 30 38 45 39 32 40 33 34 48 53 60 62 63 
0 1 3 6 11 17 23 16 10 15 21 29 37 30 38 31 39 32 40 33 34 53 60 63 
0 1 3 7 11 16 10 15 22 29 36 43 37 30 38 31 39 32 40 33 63 
0 1 3 7 11 16 10 15 21 28 36 43 37 30 38 31 39 32 40 33 41 48 53 60 62 63 
0 1 3 6 11 16 10 15 21 28 36 43 37 30 38 31 39 32 40 33 41 34 53 60 63 
0 1 3 6 11 16 10 15 21 28 36 43 37 38 31 32 33 34 27 48 53 60 63 
0 1 3 6 11 16 22 29 21 28 36 43 37 38 31 32 33 34 27 48 53 60 63 
0 1 3 6 11 17 23 16 10 15 21 29 37 44 38 45 39 32 40 33 34 41 60 63 
0 1 3 6 11 17 23 16 10 15 21 29 37 30 38 45 39 32 40 33 34 41 53 60 63 
0 1 3 6 11 16 22 29 21 28 36 43 37 38 39 32 33 34 27 48 53 60 62 63 
0 1 3 7 11 17 12 8 4 2 5 9 14 19 25 32 39 45 50 54 58 55 51 56 60 62 63 
0 1 3 6 11 17 12 8 4 2 5 9 14 19 25 32 39 45 50 54 58 55 51 56 60 62 63 
0 1 3 7 11 16 23 17 12 8 4 2 5 9 14 19 25 32 39 45 50 54 58 55 51 56 60 63 
0 1 3 7 11 16 23 17 12 8 4 2 5 9 14 19 25 32 39 45 50 55 51 56 60 62 63 
0 1 3 7 11 16 23 17 12 8 4 2 5 9 13 19 26 33 40 32 51 55 59 56 63 
0 1 3 6 11 16 23 17 12 8 4 2 5 9 14 19 25 32 39 45 50 55 51 56 60 62 63 
0 1 3 7 11 16 23 17 12 8 4 2 5 9 13 19 25 32 39 31 45 51 56 60 62 63 
0 1 3 7 11 16 23 17 12 8 4 2 5 9 13 19 26 33 40 32 51 56 60 63 
0 2 5 9 14 19 13 8 4 1 3 6 10 16 11 17 12 18 25 33 40 32 39 45 51 56 60 62 63 
0 1 3 6 11 16 23 17 12 8 4 2 5 9 13 19 26 33 40 32 45 51 56 60 62 63 
0 2 5 9 14 19 13 8 4 1 3 7 12 17 11 16 10 15 22 30 38 45 51 56 60 62 63 
0 2 5 9 13 8 4 1 3 6 11 16 10 15 22 30 38 45 39 32 40 46 51 56 60 62 63 
0 2 5 9 14 19 13 8 4 1 3 6 11 7 12 17 23 31 39 32 40 33 41 53 57 60 62 63 
0 1 3 6 10 16 11 7 4 2 5 8 12 17 23 31 38 45 39 32 40 33 63 
0 2 5 9 14 19 26 33 25 18 13 8 4 1 3 6 10 16 17 24 32 40 62 63 
0 1 3 7 11 6 10 16 23 17 12 8 13 9 14 19 26 33 40 32 31 56 63 
0 2 5 9 14 19 25 18 13 8 4 1 3 6 10 15 22 30 38 45 39 32 40 53 60 62 63 
0 2 5 9 14 20 26 33 25 19 13 8 4 1 3 6 10 16 23 31 39 32 40 62 63 
0 2 5 9 14 20 26 33 25 19 13 8 4 1 3 6 10 16 23 31 39 32 40 62 63 
0 1 3 7 11 17 12 8 13 19 14 20 26 34 41 33 40 32 39 31 45 51 56 60 62 63 
0 1 3 6 11 17 12 8 13 19 14 20 26 34 41 33 40 32 39 31 45 51 56 60 62 63 
0 1 3 6 11 17 12 8 13 19 14 20 26 34 41 33 40 32 39 31 45 51 60 62 63 
0 1 3 7 11 17 12 8 13 9 14 19 26 34 42 48 41 33 40 32 31 63 
0 2 4 1 3 6 11 16 10 15 22 30 38 45 39 32 40 33 26 34 41 53 57 56 60 63 
0 2 5 8 4 1 3 6 11 16 10 15 21 29 37 30 38 31 39 32 40 33 41 53 60 62 63 
0 1 4 8 12 7 3 6 11 16 10 15 22 30 38 45 39 32 40 33 53 60 63 
0 1 3 7 11 6 10 15 22 16 23 31 38 45 39 32 40 33 34 41 53 56 63 
0 1 3 7 11 6 10 15 22 16 23 30 38 45 39 32 40 33 26 34 41 53 56 60 63 
0 1 3 7 11 16 10 15 22 30 23 31 38 45 39 32 40 33 34 41 60 63 
0 1 3 6 11 16 10 15 22 30 23 31 38 45 39 32 40 33 34 41 53 60 63 
0 1 3 7 11 16 10 15 22 30 38 31 39 32 40 33 25 18 41 60 63 
0 1 3 6 11 16 10 15 22 30 38 31 39 32 40 33 25 18 13 63 
0 1 3 7 11 16 10 15 21 28 36 43 37 30 23 17 12 8 13 33 40 62 63 
0 1 3 7 11 16 10 15 22 30 38 31 39 32 40 33 25 18 53 60 63 
0 1 3 6 11 16 10 15 21 28 36 43 37 30 23 17 12 8 13 33 40 62 63 
0 1 3 6 11 16 10 15 22 30 38 31 39 32 40 33 25 18 13 63 
0 1 3 6 11 16 10 15 21 28 36 43 37 30 23 17 12 8 13 33 41 53 60 63 
0 1 3 6 11 16 10 15 21 28 36 43 37 30 23 17 12 8 13 33 41 48 53 60 62 63 
0 1 3 7 11 16 10 15 21 28 36 43 37 30 23 17 12 8 13 48 53 60 62 63 
0 1 3 6 11 16 10 15 21 28 36 43 37 30 23 17 12 8 13 34 48 53 60 63 
0 1 3 7 11 6 10 16 22 15 21 28 36 43 37 30 38 31 39 32 40 33 63 
0 1 3 7 11 16 10 15 22 29 36 43 37 30 38 31 39 32 40 33 63 
0 1 3 7 11 16 10 15 21 29 36 43 37 30 38 31 39 32 40 33 41 60 63 
0 1 3 7 11 16 10 15 21 28 36 43 37 30 38 31 39 32 40 33 34 53 60 63 
0 1 3 6 11 16 10 15 21 28 36 29 37 30 38 45 39 32 40 33 34 48 53 57 60 62 63 
0 1 3 6 11 16 22 29 36 43 37 30 38 45 39 32 40 33 41 34 27 60 63 
0 1 3 7 11 16 22 15 21 28 36 29 30 38 31 32 33 41 34 48 53 60 63 
0 1 3 7 11 16 22 15 21 28 36 29 37 38 31 32 33 41 34 48 53 60 62 63 
0 1 3 6 11 16 22 15 21 28 36 29 30 38 31 32 33 41 34 48 53 60 62 63 
0 1 3 6 11 16 22 15 21 28 36 29 37 38 31 32 33 41 34 27 48 53 60 62 63 
0 1 3 6 11 16 10 15 21 28 36 43 37 30 38 45 39 32 40 33 34 48 53 57 60 62 63 
0 1 3 7 11 16 10 15 21 28 36 43 37 30 38 45 39 32 40 33 34 48 53 60 62 63 
0 1 3 6 11 7 4 2 5 8 13 9 14 19 25 32 39 45 51 55 58 61 59 56 60 62 63 
0 1 3 6 10 16 11 7 4 2 5 8 13 9 14 19 25 32 39 45 51 55 58 61 59 56 63 
0 1 3 6 10 16 11 7 4 2 5 8 13 9 14 19 25 32 39 45 50 55 58 61 59 56 63 
0 1 3 6 10 16 11 7 4 2 5 8 13 9 14 19 25 32 39 45 50 54 58 55 51 63 
0 1 3 6 10 16 11 7 4 2 5 8 13 9 14 19 25 32 39 45 50 55 51 56 60 62 63 
0 2 5 9 14 19 13 8 4 1 3 7 12 17 11 6 10 16 23 31 38 45 51 56 52 60 62 63 
0 1 3 6 10 16 11 7 4 2 5 9 14 19 13 8 12 18 25 33 40 32 51 56 63 
0 2 5 9 14 19 13 8 4 1 3 6 10 16 11 17 12 18 25 33 40 32 39 45 51 56 60 62 63 
0 1 3 6 10 16 23 17 11 7 4 2 5 8 13 9 14 19 26 33 40 46 51 56 60 62 63 
0 2 5 9 14 19 13 8 4 1 3 7 11 6 10 16 23 17 24 31 39 32 40 62 63 
0 2 5 9 14 19 25 18 13 8 4 1 3 7 11 6 10 16 23 31 39 32 40 62 63 
0 1 3 6 10 15 22 16 11 7 4 2 5 8 13 9 14 19 25 32 39 31 45 51 56 60 62 63 
0 1 3 6 10 15 22 16 11 7 4 2 5 8 13 9 14 19 26 33 40 46 51 56 60 62 63 
0 2 4 1 3 7 12 8 13 9 14 19 26 34 41 33 40 32 39 31 38 45 51 56 60 62 63 
0 2 4 1 3 7 12 8 13 19 26 33 40 32 24 17 11 16 10 15 22 30 51 63 
0 1 3 7 4 8 13 9 14 19 26 33 41 47 53 57 52 46 40 32 39 31 45 51 56 60 62 63 
0 1 3 6 10 16 23 17 11 7 4 8 13 9 14 19 26 34 41 33 40 32 51 63 
0 1 3 6 11 17 12 8 13 9 14 19 26 34 41 33 40 32 39 31 45 51 56 60 62 63 
0 1 3 7 4 8 13 9 14 19 26 33 40 32 24 17 11 16 10 15 22 51 63 
0 1 3 6 10 16 11 7 4 2 5 8 13 9 14 19 25 32 40 33 41 48 53 60 62 63 
0 1 3 6 10 16 11 7 4 2 5 8 13 9 14 19 25 32 40 33 48 53 60 62 63 
0 1 3 7 12 8 13 9 14 19 26 33 40 32 39 31 23 16 10 15 22 30 51 56 63 
0 1 3 7 4 8 13 19 14 20 26 33 40 32 39 31 23 16 10 15 22 30 51 63 
0 1 3 7 12 8 13 19 14 20 26 33 40 32 39 31 23 16 10 15 22 30 51 63 
0 1 3 7 11 6 10 16 23 17 12 8 13 9 14 19 25 32 40 33 41 48 53 60 62 63 
0 1 3 6 11 16 23 17 12 8 13 9 14 19 26 34 42 48 41 33 40 32 60 63 
0 1 3 7 11 6 10 16 23 17 12 8 13 9 14 19 26 34 48 41 33 40 63 
0 1 4 8 12 7 3 6 11 16 10 15 22 30 38 31 39 32 40 63 
0 1 3 7 11 16 10 15 22 30 23 17 12 8 13 9 14 25 33 48 53 60 62 63 
0 1 3 7 11 16 23 17 12 8 13 9 14 19 25 32 40 33 27 34 48 53 60 63 
0 1 3 6 11 16 10 15 22 30 23 17 12 8 13 9 14 25 33 34 48 53 60 63 
0 1 3 6 11 16 23 17 12 8 13 9 14 19 25 32 40 33 20 34 53 60 63 
0 1 3 7 11 16 10 15 22 30 23 17 12 8 13 14 20 33 41 48 53 60 63 
0 1 3 6 11 16 10 15 22 30 23 17 12 8 13 19 14 20 33 41 48 53 60 62 63 
0 1 3 7 11 6 10 16 22 15 21 29 37 30 38 45 39 32 25 33 41 53 57 60 62 63 
0 1 3 7 11 6 10 16 22 30 38 31 39 32 25 14 20 33 41 60 63 
0 1 3 7 11 16 10 15 22 30 38 31 39 32 25 14 33 63 
0 1 3 6 11 16 10 15 21 28 36 43 37 30 38 31 39 32 25 33 40 53 60 62 63 
0 1 3 6 11 16 10 15 21 28 36 43 37 30 38 45 39 32 25 33 41 47 53 57 60 62 63 
0 1 3 7 11 16 10 15 21 28 36 43 37 30 38 45 39 32 40 33 34 41 53 60 63 
0 1 3 6 11 16 10 15 21 28 36 43 37 30 38 45 39 32 40 33 34 41 53 60 63 
0 1 3 7 11 16 10 15 21 28 36 43 37 30 38 45 39 32 40 33 34 48 53 60 62 63 
0 1 3 7 11 16 10 15 21 28 36 43 37 30 38 45 39 32 40 33 41 34 48 53 60 62 63 
0 1 3 6 11 16 10 15 21 28 36 43 37 30 38 45 39 32 40 33 34 48 53 57 60 62 63 
0 1 3 6 11 16 10 15 21 28 36 43 37 30 38 45 39 32 40 33 41 34 48 53 60 62 63 
0 1 3 6 11 16 10 15 21 28 36 43 37 30 38 31 39 32 40 33 34 48 53 60 63 
0 1 3 6 11 16 10 15 21 28 36 43 37 30 38 31 39 32 40 33 41 34 53 60 63 
0 1 3 6 11 16 10 15 21 29 37 30 38 31 39 32 40 33 41 34 48 53 60 62 63 
0 1 3 6 11 16 10 15 21 28 36 43 37 30 38 45 39 32 25 33 40 47 53 57 60 62 63 
0 2 5 9 14 19 13 8 4 1 3 7 12 18 24 32 39 46 52 57 60 62 59 55 50 54 58 61 63 
0 2 5 9 14 19 13 8 4 1 3 7 12 18 25 32 39 46 52 57 60 62 59 55 50 54 58 61 63 
0 2 5 9 14 19 13 8 4 1 3 6 11 17 12 18 24 32 39 46 52 57 60 56 51 55 58 61 63 
0 2 5 9 14 19 13 8 4 1 3 6 11 17 12 18 25 32 40 46 52 57 60 56 51 55 58 61 63 
0 1 3 7 11 17 12 8 4 2 5 9 14 19 26 33 40 32 39 31 45 51 56 60 62 63 
0 2 5 8 4 1 3 6 10 16 11 17 12 18 13 9 14 19 26 33 40 32 39 45 51 56 60 62 63 
0 1 3 7 11 16 23 17 12 8 4 2 5 9 14 19 26 33 40 32 39 31 51 63 
0 1 3 6 11 16 23 17 12 8 4 2 5 9 14 19 26 33 40 32 39 31 45 51 56 60 62 63 
0 2 5 9 14 19 25 18 13 8 4 1 3 7 11 16 10 15 22 30 38 45 51 56 60 62 63 
0 2 5 9 14 19 13 8 4 1 3 6 11 16 10 15 22 30 38 45 51 56 52 53 60 62 63 
0 1 3 6 10 16 11 7 4 2 5 8 13 9 14 19 25 32 39 46 40 33 41 53 60 63 
0 1 3 6 10 16 11 7 4 2 5 8 13 9 14 19 25 32 39 46 40 33 41 48 53 60 63 
0 1 3 7 11 6 10 16 23 17 12 8 13 9 14 19 26 33 40 32 31 56 63 
0 1 3 6 10 16 23 17 11 7 4 2 5 8 13 9 14 19 25 32 40 33 41 48 53 60 63 
0 1 3 6 10 15 22 16 11 7 4 2 5 8 13 9 14 19 25 32 40 33 41 53 60 63 
0 1 3 6 10 15 22 16 11 7 4 2 5 8 13 9 14 19 25 32 40 33 41 48 53 60 62 63 
0 1 3 7 11 16 23 17 12 8 13 9 14 19 26 34 41 33 40 32 51 56 60 63 
0 1 3 6 11 16 23 17 12 8 13 9 14 19 26 34 41 33 40 32 31 56 63 
0 1 4 8 13 19 26 33 40 32 24 17 11 16 10 15 22 30 51 56 63 
0 1 3 7 11 6 10 15 22 16 23 17 12 8 13 9 14 25 32 40 33 41 60 62 63 
0 1 4 8 13 19 26 33 40 32 39 31 23 16 10 15 22 30 38 45 51 56 60 62 63 
0 1 3 7 11 6 10 15 22 16 23 17 12 8 13 9 14 25 32 40 33 41 48 53 60 63 
0 1 3 7 11 16 10 15 22 30 23 17 12 8 13 9 14 25 32 40 62 63 
0 1 3 6 11 16 10 15 22 30 23 17 12 8 13 9 14 25 32 40 33 41 60 63 
0 1 3 6 11 16 10 15 22 30 23 17 12 8 13 9 14 25 32 40 33 41 60 63 
0 1 3 7 11 16 10 15 22 30 23 17 12 8 13 9 14 34 41 33 40 63 
0 1 3 6 11 16 10 15 22 30 23 17 12 8 13 9 14 34 41 33 40 62 63 
0 1 3 6 11 16 10 15 22 30 38 31 24 18 13 9 14 25 32 40 63 
0 1 4 7 3 6 11 16 10 15 22 30 38 45 39 32 40 33 25 34 41 60 63 
0 1 3 7 11 16 23 17 12 8 13 9 14 19 25 32 40 33 41 34 48 53 60 62 63 
0 1 3 6 11 16 23 17 12 8 13 9 14 19 25 32 40 33 41 34 48 53 60 62 63 
0 1 3 7 11 16 10 15 22 30 38 31 39 32 40 33 25 18 53 60 63 
0 1 3 6 11 16 10 15 22 30 38 31 39 32 40 33 25 18 13 63 
0 1 3 6 11 16 10 15 21 29 37 44 38 31 39 32 40 33 25 34 60 63 
0 1 3 7 11 16 10 15 21 29 37 30 38 31 39 32 40 33 25 34 60 63 
0 1 3 7 11 16 10 15 22 29 37 44 38 31 39 32 40 33 25 60 62 63 
0 1 3 7 11 16 10 15 21 29 37 44 38 31 39 32 40 33 25 60 62 63 
0 1 3 7 11 16 10 15 21 29 37 30 38 31 39 32 40 33 25 34 48 53 60 63 
0 1 3 6 11 16 10 15 21 29 37 44 38 31 39 32 40 33 25 34 48 53 60 63 
0 1 3 6 11 16 10 15 21 29 37 30 38 31 39 32 40 33 25 34 48 53 60 62 63 
0 1 3 7 11 16 10 15 21 28 36 43 37 44 38 31 39 32 25 34 48 53 60 63 
0 1 3 6 11 16 10 15 21 28 36 43 37 44 38 31 39 32 25 34 48 53 60 62 63 
0 1 3 7 11 16 10 15 21 28 36 43 37 30 38 31 39 32 25 34 48 53 60 62 63 
0 1 3 6 11 16 10 15 21 28 36 43 37 30 38 31 39 32 25 34 48 53 60 62 63 
0 1 3 7 11 16 10 15 21 29 37 30 38 31 39 32 40 33 41 34 48 53 60 63 
0 1 3 6 11 16 10 15 21 29 37 30 38 31 39 32 40 33 41 34 48 53 60 62 63 
0 1 3 6 11 16 22 15 21 29 37 30 38 31 39 32 40 33 41 34 48 53 60 62 63 
0 1 3 6 10 15 22 29 36 43 37 30 23 17 24 32 40 33 41 34 27 60 63 
0 1 3 6 10 15 21 28 36 29 37 30 23 17 24 32 40 33 41 34 27 48 53 57 60 62 63 
0 1 3 7 11 16 10 15 22 30 38 31 39 32 40 33 25 18 41 60 63 
0 1 3 7 11 16 10 15 22 29 37 44 38 31 39 32 40 33 25 60 62 63 
0 2 4 1 3 7 12 8 13 9 14 19 25 32 40 46 51 55 58 61 59 56 52 47 53 57 60 62 63 
0 2 4 1 3 7 12 18 13 9 14 19 25 32 40 46 51 55 58 61 59 56 52 47 53 57 60 62 63 
0 1 3 7 4 8 13 9 14 19 25 18 24 32 39 45 51 55 58 61 59 56 52 53 60 62 63 
0 1 3 7 4 8 13 9 14 19 25 32 39 31 38 45 51 55 58 61 59 56 52 53 60 62 63 
0 2 5 9 14 19 13 8 4 1 3 7 11 6 10 16 23 17 24 32 39 31 38 45 51 56 60 62 63 
0 2 5 9 14 19 13 8 4 1 3 7 12 18 25 33 40 32 39 31 38 45 51 46 52 57 60 62 63 
0 2 5 9 14 19 25 18 13 8 4 1 3 7 11 6 10 16 23 31 39 32 40 56 60 63 
0 2 5 9 14 19 25 18 13 8 4 1 3 7 11 16 10 15 22 30 38 45 51 56 60 62 63 
0 2 5 9 14 19 25 18 13 8 4 1 3 7 11 6 10 16 23 31 39 32 40 62 63 
0 2 5 9 14 19 13 8 4 1 3 7 11 6 10 16 23 31 39 32 40 33 41 56 60 62 63 
0 2 5 9 14 19 13 8 4 1 3 7 11 6 10 16 23 31 39 32 40 33 41 53 60 63 
0 2 5 9 14 19 13 8 4 1 3 7 11 6 10 16 23 31 39 32 40 33 41 48 53 60 62 63 
0 1 3 6 11 16 23 17 12 8 13 9 14 19 26 33 40 32 39 31 45 51 57 60 62 63 
0 2 5 9 13 8 4 1 3 7 11 6 10 16 23 31 39 32 40 33 34 41 63 
0 2 5 9 13 8 4 1 3 7 11 6 10 16 23 31 39 32 40 33 34 41 63 
0 1 4 8 13 9 14 19 25 32 39 31 23 17 11 16 10 15 22 30 38 45 51 56 60 62 63 
0 1 3 7 4 8 13 19 26 33 40 32 39 31 23 16 11 6 10 15 22 30 51 63 
0 1 4 8 13 19 26 33 40 32 39 31 23 17 11 16 10 15 22 30 51 63 
0 1 4 8 13 19 26 33 40 32 39 31 23 17 11 16 10 15 22 30 51 63 
0 2 5 8 4 1 3 7 11 16 10 15 21 29 37 30 38 45 39 32 40 33 41 48 53 60 62 63 
0 1 3 7 11 6 10 16 23 17 12 8 13 19 14 20 34 41 33 25 32 60 63 
0 1 3 7 11 6 10 16 23 17 12 8 13 9 14 19 26 33 40 41 34 48 53 60 63 
0 1 4 8 12 7 3 6 11 16 10 15 22 30 38 31 39 32 40 63 
0 1 3 6 10 16 11 7 12 8 13 9 14 20 27 34 26 25 32 40 33 41 60 63 
0 1 3 6 11 16 23 17 12 8 13 9 14 20 27 34 26 25 32 40 33 41 60 63 
0 1 4 8 13 19 14 20 26 33 40 32 39 31 23 16 10 15 30 38 45 51 56 60 62 63 
0 1 4 7 3 6 11 16 10 15 22 30 38 45 39 32 40 47 41 33 48 53 60 63 
0 1 3 7 11 16 10 15 21 29 37 44 38 45 51 46 39 32 40 33 34 53 60 63 
0 1 3 6 11 16 10 15 21 29 37 44 38 45 51 46 39 32 40 33 34 41 60 63 
0 1 3 7 11 16 10 15 21 29 37 30 38 45 51 46 39 32 40 33 34 41 60 63 
0 1 3 7 11 16 10 15 21 29 37 30 38 45 39 32 40 33 25 34 41 53 60 63 
0 1 3 6 11 16 10 15 21 29 37 30 38 45 39 32 40 33 25 34 41 53 60 62 63 
0 1 3 7 11 16 10 15 21 29 37 30 38 45 39 32 40 33 25 34 48 53 60 62 63 
0 1 3 7 11 16 10 15 21 28 36 43 49 44 38 31 39 32 40 33 34 53 60 63 
0 1 3 6 11 16 10 15 21 28 36 43 49 44 38 31 39 32 40 33 34 53 60 63 
0 1 3 7 11 16 10 15 21 28 36 43 49 44 38 31 39 32 40 33 34 53 60 63 
0 1 3 7 11 16 10 15 21 28 36 43 37 44 38 31 39 32 40 33 48 53 60 62 63 
0 1 3 7 11 16 10 15 21 28 36 43 37 30 38 31 39 32 40 33 41 48 53 60 62 63 
0 1 3 6 11 16 10 15 21 28 36 43 37 44 38 31 39 32 40 33 48 53 60 62 63 
0 1 3 7 11 16 10 15 21 28 36 43 37 30 38 31 39 32 40 33 34 53 60 63 
0 1 3 6 11 16 10 15 21 28 36 43 37 30 38 31 39 32 40 33 41 34 53 60 63 
0 1 3 6 11 16 10 15 21 28 36 43 37 30 38 31 39 32 40 33 34 48 53 60 63 
0 1 3 6 11 16 22 29 21 28 36 43 37 44 38 31 39 32 40 33 48 53 60 62 63 
0 1 3 7 11 16 22 29 21 28 36 43 37 30 38 31 39 32 40 33 48 53 60 62 63 
0 1 3 6 11 16 22 29 21 28 36 43 37 30 38 31 39 32 40 33 34 53 60 63 
0 2 4 1 3 7 12 8 13 9 14 19 25 32 39 45 51 55 58 61 59 56 52 47 53 57 60 62 63 
0 1 3 6 11 17 23 16 10 15 22 30 38 45 39 32 40 33 34 48 41 60 63 
0 1 3 6 10 16 11 7 4 2 5 8 12 17 24 32 39 45 51 55 58 61 59 56 60 62 63 
0 2 4 1 3 7 12 8 13 9 14 19 25 32 39 31 38 45 51 55 58 61 59 56 52 57 60 62 63 
0 2 4 1 3 7 12 8 13 9 14 19 26 33 40 32 39 45 51 55 58 61 59 56 52 57 60 62 63 
0 2 5 9 14 19 13 8 4 1 3 7 12 18 24 32 39 45 50 55 51 56 52 47 53 57 60 62 63 
0 2 5 9 14 19 13 8 4 1 3 7 12 18 24 32 39 31 38 45 50 55 51 56 52 57 60 62 63 
0 1 3 7 4 2 5 9 14 19 13 8 12 18 24 32 39 31 38 45 50 55 51 56 60 62 63 
0 2 5 9 14 19 13 8 4 1 3 7 12 18 25 32 39 45 50 55 51 56 52 47 53 57 60 62 63 
0 2 5 9 14 19 13 8 4 1 3 7 12 18 25 32 39 31 38 45 50 55 51 56 52 57 60 62 63 
0 1 3 7 4 2 5 9 14 19 13 8 12 18 25 32 39 31 38 45 50 55 51 56 60 62 63 
0 1 3 7 11 17 12 8 13 9 14 19 26 33 40 32 39 45 51 55 58 61 59 56 60 62 63 
0 1 3 6 10 16 11 7 4 2 5 9 14 19 13 8 12 18 24 32 40 56 63 
0 1 3 6 10 16 11 7 4 2 5 9 14 19 13 8 12 18 25 32 40 56 60 63 
0 2 5 9 14 19 13 8 4 1 3 6 10 16 11 7 12 17 23 31 39 32 40 52 57 60 62 63 
0 2 5 9 14 19 13 8 4 1 3 6 10 16 11 17 12 18 25 33 40 47 53 57 52 56 60 62 63 
0 2 5 9 14 19 13 8 4 1 3 6 10 16 11 7 12 17 24 32 40 33 41 47 53 57 60 62 63 
0 2 5 9 14 19 13 8 4 1 3 7 11 6 10 16 23 31 39 32 40 33 41 53 60 63 
0 2 5 9 14 19 13 8 4 1 3 7 11 6 10 16 23 31 39 32 40 33 41 48 53 60 62 63 
0 1 3 7 11 16 23 17 12 8 13 9 14 19 26 33 25 32 39 46 40 53 56 63 
0 1 3 6 11 16 23 17 12 8 13 9 14 19 26 33 25 32 39 46 40 53 56 60 62 63 
0 1 3 7 11 6 10 16 23 17 12 8 13 9 14 19 26 33 25 32 39 40 62 63 
0 2 5 9 13 8 4 1 3 7 11 6 10 16 23 31 39 32 40 33 34 48 53 60 63 
0 1 3 6 10 16 11 7 12 8 5 9 13 19 14 20 26 34 41 33 40 62 63 
0 1 3 7 11 6 10 16 23 17 12 8 13 19 14 20 34 41 33 40 32 63 
0 1 3 7 11 6 10 16 22 30 23 17 12 8 13 9 14 25 32 40 33 41 60 63 
0 1 3 7 11 6 10 16 23 17 12 8 13 9 14 19 25 32 40 33 41 48 53 60 62 63 
0 1 3 7 11 16 10 15 22 30 23 17 12 8 13 9 14 25 32 40 62 63 
0 1 3 6 11 16 10 15 22 30 23 17 12 8 13 9 14 25 32 40 33 41 60 63 
0 1 3 7 11 16 10 15 22 30 23 17 12 8 13 9 14 25 33 41 53 60 63 
0 1 3 6 11 16 10 15 22 30 23 17 12 8 13 9 14 25 33 34 41 60 63 
0 1 3 7 11 16 10 15 22 30 23 17 12 8 13 9 14 25 33 48 53 60 62 63 
0 1 3 6 11 16 10 15 22 30 23 17 12 8 13 9 14 25 33 34 48 53 60 63 
0 1 3 6 11 16 10 15 22 29 37 30 23 17 12 8 13 33 40 41 48 53 60 63 
0 1 3 6 10 15 21 28 36 43 37 30 23 17 12 8 13 19 26 33 40 32 60 62 63 
0 1 3 7 11 17 23 16 10 15 22 30 38 45 39 32 40 33 27 34 53 60 63 
0 1 3 6 11 17 23 16 10 15 22 30 38 45 39 32 40 33 27 34 41 60 63 
0 1 3 7 11 17 23 16 10 15 21 29 37 30 38 45 39 32 40 33 41 34 48 53 60 63 
0 1 3 6 11 17 23 16 10 15 21 29 37 30 38 45 39 32 40 33 41 34 48 53 60 62 63 
0 1 3 6 11 17 23 16 10 15 21 29 37 30 38 45 39 32 40 33 34 48 53 60 62 63 
0 1 3 7 11 16 10 15 21 29 37 30 38 31 39 32 25 20 34 41 60 63 
0 1 3 7 11 16 10 15 22 29 21 28 36 43 49 44 38 31 39 32 40 63 
0 1 3 7 11 16 10 15 21 29 36 43 37 30 38 31 39 32 40 33 41 60 63 
0 1 3 7 11 16 10 15 21 28 36 43 37 30 38 31 39 32 40 33 34 53 60 63 
0 1 3 7 11 16 10 15 21 28 36 43 37 30 38 31 39 32 40 33 41 48 53 60 62 63 
0 1 3 6 11 16 10 15 21 28 36 43 37 30 38 31 39 32 40 33 34 48 53 60 63 
0 1 3 6 11 16 10 15 21 28 36 43 37 30 38 31 39 32 40 33 41 34 53 60 63 
0 1 3 6 11 16 10 15 21 28 36 29 37 30 38 31 39 32 40 33 41 34 48 53 60 63 
0 1 3 6 11 16 22 15 21 28 36 29 37 30 38 31 39 32 40 33 41 34 48 53 60 63 
0 1 3 11 16 10 15 21 28 36 43 37 30 31 32 40 33 41 34 48 53 60 62 63 
0 1 3 11 16 10 15 21 28 36 29 37 30 31 32 40 33 41 34 27 48 53 60 63 
0 1 3 11 16 22 15 21 28 36 29 37 30 31 32 40 33 41 34 27 48 53 60 63 
0 1 3 7 12 18 13 8 4 2 5 9 14 19 25 32 39 45 51 55 58 61 59 56 52 60 62 63 
0 1 3 6 11 17 23 16 10 15 21 29 37 30 38 45 39 32 40 33 34 41 53 60 63 
